data/Validacao/Al.grd
DSAA
94	94
0.0000	100.0000
0.0000	100.0000
1.0263	15.2818
[rows 38 to 75 of 94, columns 0 to 83 of 94]
5.97 6.08 6.24 6.40 6.85 6.97 7.07 7.15 7.20 7.23 7.24 7.23 7.20 7.16 7.44 7.36 6.98 6.89 6.80 6.79 6.89 7.01 7.11 7.11 7.65 7.73 7.57 7.64 7.87 7.94 8.07 8.02 8.22 8.61 9.25 9.59 9.96 10.24 10.15 9.80 9.48 9.44 9.22 9.12 8.88 8.77 8.72 8.37 9.05 9.04 9.11 8.63 8.71 8.95 9.23 9.55 9.89 9.69 9.44 8.86 8.65 8.48 8.22 8.08 7.95 7.86 7.54 7.39 7.22 7.04 6.84 6.27 6.04 5.78 5.55 5.52 5.66 5.80 5.82 5.90 5.28 5.41 5.40 5.38
6.13 6.21 6.32 6.45 6.58 6.69 6.78 7.19 7.25 7.28 7.28 7.27 7.24 7.19 7.48 7.40 7.31 6.94 6.89 6.89 6.95 6.97 7.06 7.14 7.12 7.19 7.63 7.60 7.95 8.05 8.13 8.13 8.38 8.59 8.83 9.19 9.67 9.79 9.76 9.54 9.52 9.27 9.06 9.07 8.93 8.62 8.55 8.21 8.23 8.34 8.36 8.50 8.68 8.79 9.02 9.23 9.22 9.14 8.96 8.77 8.48 8.33 8.20 8.08 8.00 7.88 7.38 7.41 7.21 7.04 6.77 6.34 6.14 5.94 5.79 5.75 5.81 5.82 5.91 5.98 5.36 5.38 4.98 4.96
6.28 6.33 6.43 6.54 6.65 6.75 6.84 6.92 6.98 7.01 7.01 7.33 7.29 7.60 7.53 7.45 7.37 7.31 6.98 6.98 6.95 7.02 7.10 7.19 7.17 7.26 7.59 7.68 8.02 8.12 8.22 8.16 8.29 8.52 8.70 8.64 8.89 8.95 9.15 8.98 9.27 9.06 8.86 8.87 8.72 8.41 8.34 8.01 8.09 8.15 8.26 8.33 8.27 8.47 8.67 8.82 8.88 8.86 8.76 8.53 8.40 8.28 8.18 8.12 8.02 7.66 7.37 7.23 7.18 7.02 6.82 6.09 6.26 6.11 6.00 5.96 5.49 5.52 6.01 5.54 5.45 5.04 5.09 4.78
6.40 6.45 6.53 6.63 6.73 6.84 6.93 7.01 7.07 7.11 7.11 7.08 7.16 7.32 7.59 7.51 7.44 7.39 7.36 7.28 7.01 7.07 7.14 7.02 7.11 7.43 7.53 7.76 7.87 8.18 8.23 8.16 8.26 8.05 8.17 8.41 8.58 8.82 9.10 8.96 8.50 8.38 8.54 8.64 8.02 8.16 8.09 7.48 7.85 7.93 8.05 7.90 8.06 8.13 8.29 8.53 8.60 8.49 8.45 8.38 8.30 8.23 7.86 8.07 7.99 7.90 7.43 6.82 6.67 7.09 6.90 6.19 6.05 5.93 5.85 5.63 5.62 5.57 5.60 5.64 5.33 5.36 4.94 4.92
6.50 6.55 6.63 6.72 6.83 6.93 7.04 7.13 7.20 7.24 7.23 7.19 7.47 7.39 7.30 7.22 7.16 7.17 7.33 7.34 7.37 7.21 7.29 7.39 7.39 7.51 7.33 7.43 7.61 7.70 7.63 7.67 7.72 8.10 8.59 8.32 8.34 8.54 8.35 8.22 8.32 8.13 7.93 7.55 7.38 7.41 6.87 7.17 7.61 7.72 7.86 7.92 7.74 7.90 8.05 8.16 8.11 8.26 8.26 8.24 8.14 7.87 7.65 7.62 7.58 7.20 7.06 6.92 6.77 6.61 6.22 6.08 5.95 5.76 5.68 5.60 5.44 5.45 5.47 5.16 5.11 5.15 5.18 5.18
6.57 6.64 6.72 6.81 6.92 7.03 7.15 7.27 7.36 7.40 7.39 7.32 7.56 7.45 7.35 7.26 7.11 7.06 7.13 7.14 7.17 7.56 7.38 7.20 7.33 7.29 7.43 7.45 8.05 7.69 7.70 7.69 7.80 7.93 7.94 7.93 7.91 7.69 7.41 7.72 7.56 7.38 7.28 7.08 7.10 6.66 6.56 6.86 6.91 6.91 7.07 7.25 7.13 7.74 7.71 7.82 7.74 7.80 7.82 7.85 7.85 7.63 7.65 7.66 7.33 7.29 7.22 7.08 6.69 6.64 6.32 6.17 6.04 5.85 5.78 5.54 5.53 5.54 5.37 5.42 5.07 5.14 5.19 5.21
6.65 6.71 6.78 6.89 7.00 7.13 7.27 7.42 7.54 7.61 7.58 7.62 7.65 7.53 7.47 7.21 7.13 7.16 7.13 6.80 6.84 6.90 6.74 6.87 7.28 7.67 7.45 8.09 8.18 7.92 7.88 7.82 7.76 8.06 7.81 7.77 7.58 7.51 7.37 7.50 7.34 7.16 6.89 6.83 6.61 6.33 6.20 6.48 6.59 6.63 6.83 7.03 6.92 7.08 7.51 7.63 7.55 7.61 7.66 7.71 7.30 7.57 7.64 7.39 7.46 7.46 7.25 7.07 6.86 6.64 6.39 6.30 6.01 5.92 5.85 5.62 5.38 5.42 5.05 5.12 5.20 5.31 5.40 5.46
6.71 6.77 6.45 6.55 6.68 7.21 7.37 7.56 7.77 7.89 7.94 7.93 7.74 7.48 7.33 7.20 6.86 6.79 6.76 6.76 6.80 6.87 6.98 6.86 7.17 7.39 7.66 7.89 8.11 8.07 7.95 7.82 7.90 7.98 7.84 7.63 7.56 7.33 7.09 6.96 7.06 6.88 6.85 6.61 5.99 6.10 5.89 5.88 6.24 6.39 6.62 6.84 6.74 6.91 7.15 7.45 7.37 7.45 7.62 7.11 7.19 7.29 7.29 7.45 7.61 7.59 7.45 7.20 6.92 6.69 6.49 6.34 6.22 6.07 5.67 5.45 5.04 5.07 5.13 5.21 5.32 5.46 5.62 5.74
6.76 6.41 6.49 6.60 6.73 6.89 7.09 7.68 7.93 8.17 8.29 8.01 7.69 7.25 7.06 6.91 6.80 6.72 6.69 6.69 6.73 6.80 6.92 6.95 7.15 7.39 7.72 8.04 8.34 8.18 7.97 7.97 7.84 7.73 7.73 7.50 7.42 7.32 6.93 6.81 6.66 6.73 6.70 6.08 5.80 5.82 5.45 5.44 5.84 6.19 6.48 6.69 6.65 6.81 7.00 7.11 7.22 7.41 7.01 6.98 7.08 7.06 7.23 7.44 7.56 7.86 7.61 7.18 6.87 6.68 6.49 6.34 6.24 5.92 5.71 5.09 5.10 5.14 5.20 5.29 5.41 5.57 5.78 6.02
6.45 6.90 6.97 7.05 7.16 7.29 7.19 7.47 7.73 7.99 8.01 7.71 7.42 7.18 6.98 6.82 6.70 6.62 6.58 6.58 6.62 6.70 6.96 6.86 7.07 7.32 7.35 7.72 8.16 7.98 7.75 7.88 7.75 7.63 7.48 7.38 7.29 7.19 6.81 6.68 6.54 6.55 6.59 6.38 6.08 5.73 5.36 5.35 5.76 6.10 6.38 6.38 6.54 6.69 6.82 7.23 6.95 6.91 6.87 6.70 6.80 6.65 6.90 7.13 7.42 7.67 7.43 7.07 6.83 6.60 6.43 6.30 6.00 5.95 5.62 4.95 4.97 5.01 5.07 5.16 5.29 5.46 5.68 5.93
6.48 6.67 6.73 6.81 6.91 7.03 6.97 7.15 7.33 7.24 7.29 7.09 6.82 7.04 6.85 6.68 6.55 6.47 6.42 6.42 6.47 6.70 6.83 6.66 6.62 6.87 7.14 7.40 7.77 7.72 7.58 7.75 7.63 7.38 7.36 7.27 7.17 7.07 6.70 6.58 6.45 6.47 6.58 6.36 6.10 5.84 5.64 5.45 5.62 6.13 6.37 6.33 6.49 6.67 6.78 6.88 6.66 6.41 6.48 6.54 6.63 6.46 6.67 6.85 7.04 7.13 7.02 6.61 6.62 6.44 6.12 6.02 5.96 5.64 5.63 5.09 5.02 5.05 5.11 5.19 5.29 5.42 5.56 5.68
6.64 6.69 6.74 6.81 6.88 6.97 6.85 6.73 6.83 6.87 6.79 6.81 6.59 6.37 6.16 6.50 6.37 6.27 6.23 6.23 6.18 6.28 6.31 6.49 6.44 6.66 6.88 7.06 7.33 7.37 7.30 7.16 7.21 7.26 7.24 7.15 7.06 6.97 6.61 6.50 6.38 6.43 6.31 6.38 6.19 6.01 5.89 5.68 5.78 6.01 6.18 6.31 6.45 6.61 6.70 6.42 6.00 6.06 6.29 6.17 6.23 6.31 6.39 6.50 6.59 6.44 6.38 6.25 6.10 6.05 5.96 5.91 5.62 5.62 5.63 5.13 5.16 5.10 5.14 5.19 5.25 5.32 5.39 5.42
6.68 6.72 6.75 6.79 6.84 6.71 6.46 6.52 6.56 6.78 6.69 6.54 6.36 6.15 5.95 5.77 6.19 6.08 5.98 5.88 5.94 5.92 6.07 6.28 6.22 6.37 6.56 6.71 7.03 7.11 6.85 6.78 6.77 6.69 6.36 6.34 6.65 6.56 6.47 6.63 6.53 6.64 6.31 6.45 6.31 6.14 6.10 5.87 5.92 6.02 6.23 6.34 6.39 6.13 6.20 6.34 5.92 5.91 5.94 5.97 6.03 6.05 6.24 5.92 5.96 5.96 5.92 5.85 5.63 5.79 5.77 5.53 5.55 5.59 5.62 5.18 5.21 5.23 5.16 5.18 5.21 5.22 5.23 5.21
6.72 6.74 6.76 6.51 6.53 6.30 6.57 6.58 6.57 6.52 6.42 6.28 6.11 5.92 5.71 6.08 5.92 5.79 5.63 5.63 5.70 5.66 5.80 5.95 5.95 6.14 6.31 6.22 6.53 6.64 6.64 6.33 6.27 5.99 5.93 5.93 6.42 6.35 6.27 6.48 6.45 6.36 6.56 6.46 6.36 6.29 6.23 5.95 6.05 6.12 6.20 5.98 6.04 6.10 6.15 6.11 5.83 5.49 5.49 5.72 5.70 5.83 5.58 5.55 5.53 5.49 5.32 5.30 5.29 5.30 5.34 5.38 5.47 5.55 5.63 5.24 5.27 5.28 5.28 5.13 5.16 5.13 5.09 5.03
6.58 6.59 6.41 6.39 6.36 6.34 6.33 6.41 6.37 6.29 6.19 6.05 5.88 5.69 5.60 5.57 5.37 4.95 5.01 5.22 5.31 5.41 5.62 5.58 5.59 5.79 5.47 5.96 5.97 6.23 6.18 6.16 6.40 6.12 6.08 6.03 5.97 6.28 6.17 6.10 6.03 5.95 5.75 6.19 6.13 6.08 6.02 5.79 5.81 5.83 5.88 5.63 5.96 6.00 6.03 5.95 5.62 5.45 5.42 5.37 5.16 5.17 5.26 5.17 5.09 4.83 4.87 4.88 4.92 5.00 5.11 5.22 5.38 5.24 5.36 5.44 5.47 5.35 5.19 5.15 5.08 5.01 4.91 4.81
6.66 6.49 6.44 6.38 6.32 6.26 6.21 6.15 5.92 5.83 5.71 5.57 5.40 5.20 4.98 5.03 4.79 4.73 4.59 4.55 4.61 4.88 5.14 5.02 5.26 5.31 5.64 5.77 6.00 6.06 6.09 6.28 6.26 6.02 5.99 5.96 5.92 5.81 5.75 6.06 6.00 5.95 5.95 6.22 6.18 6.15 6.10 6.10 5.89 5.89 5.73 5.66 5.97 5.99 6.01 5.53 5.59 5.37 5.30 5.25 4.99 4.93 4.75 4.59 4.64 4.36 4.35 4.45 4.55 4.68 4.85 4.82 4.97 5.27 5.45 5.55 5.57 5.47 5.36 5.18 5.07 4.95 4.81 4.68
6.39 6.35 6.25 6.12 6.01 5.91 5.82 5.73 5.76 5.65 5.52 5.38 5.20 4.91 4.68 4.42 4.14 4.28 4.05 3.78 4.00 4.33 4.65 4.83 5.09 5.16 5.34 5.63 5.86 5.92 5.98 6.16 5.94 5.93 5.92 5.84 5.82 5.79 5.74 5.68 5.98 5.93 5.95 5.92 6.21 6.20 6.16 6.17 5.95 5.74 5.77 5.69 5.72 5.99 5.56 5.54 5.47 5.34 5.23 5.10 4.83 4.73 4.52 4.25 4.02 3.86 3.90 4.03 3.90 4.08 4.36 4.66 5.00 5.32 5.59 5.71 5.68 5.50 5.41 5.31 5.11 4.93 4.72 4.51
6.58 6.46 6.27 6.10 5.95 5.82 5.70 5.59 5.48 5.23 5.36 5.12 4.95 4.74 4.23 3.97 3.65 3.21 3.27 3.24 3.65 4.09 4.48 4.81 5.08 5.05 5.22 5.36 5.75 5.83 5.87 5.66 5.67 5.85 5.78 5.78 5.79 5.78 5.73 5.66 5.60 5.91 5.95 5.93 5.91 6.23 6.24 6.02 5.76 5.78 5.80 5.33 5.37 5.66 5.57 5.60 5.50 5.29 5.18 5.01 4.71 4.56 4.30 3.99 3.61 3.22 3.21 3.42 3.61 3.79 4.08 4.48 4.92 5.38 5.78 5.89 5.67 5.53 5.43 5.33 5.09 4.86 4.65 4.39
6.65 6.47 6.23 6.03 5.86 5.71 5.58 5.32 5.20 5.08 4.95 4.93 4.44 4.26 4.04 3.85 3.43 3.06 2.63 2.95 3.49 3.98 4.39 4.74 5.02 5.25 5.43 5.57 5.51 5.35 5.55 5.58 5.59 5.71 5.72 5.72 5.74 5.75 5.70 5.63 5.57 5.53 5.59 5.57 5.56 6.01 5.61 5.58 5.83 5.37 5.33 5.36 5.39 5.67 5.57 5.60 5.42 5.26 5.13 4.83 4.62 4.45 4.16 3.82 3.17 2.88 2.99 3.25 3.45 3.61 3.84 4.31 4.78 5.29 5.82 5.81 5.59 5.43 5.34 5.26 5.02 4.77 4.55 4.35
6.37 6.27 6.09 5.91 5.74 5.59 5.32 5.19 5.06 4.89 4.62 4.48 4.33 4.16 3.97 3.74 3.43 3.14 2.89 2.90 3.65 4.05 4.42 4.74 5.01 5.23 5.40 5.01 5.47 5.27 5.31 5.34 5.46 5.47 5.64 5.65 5.66 5.66 5.63 5.58 5.53 5.49 5.72 5.56 5.56 5.57 5.64 5.62 5.64 5.42 5.36 5.38 5.40 5.43 5.55 5.54 5.31 5.18 5.01 4.77 4.56 4.39 4.11 3.51 3.29 3.08 2.99 3.22 3.39 3.56 3.81 4.16 4.57 4.98 5.33 5.36 5.27 5.16 5.07 4.97 4.80 4.60 4.41 4.03
5.99 6.03 5.90 5.50 5.34 5.19 5.04 5.00 4.73 4.61 4.49 4.37 4.24 4.10 3.94 3.75 3.56 3.33 3.22 3.24 3.43 4.22 4.29 4.56 4.80 4.86 5.02 5.14 5.07 5.26 5.28 5.39 5.39 5.40 5.56 5.57 5.57 5.57 5.54 5.51 5.47 5.68 5.68 5.54 5.56 5.15 5.17 5.20 5.27 5.46 5.00 5.41 4.94 5.41 5.21 5.06 5.00 4.75 4.84 4.37 4.15 3.94 3.85 3.61 3.43 3.29 3.13 3.20 3.39 3.54 3.75 4.01 4.31 4.61 4.85 4.86 4.86 4.81 4.74 4.65 4.53 4.39 4.03 3.89
5.74 5.69 5.58 5.32 5.17 5.12 4.98 4.70 4.58 4.47 4.36 4.26 4.16 4.05 3.93 3.80 3.67 3.53 3.49 3.53 3.67 3.86 4.31 4.67 4.75 4.93 5.08 5.05 5.11 5.27 4.84 4.84 5.33 5.32 5.03 5.48 5.48 5.48 5.46 5.43 5.40 5.61 5.62 5.09 5.14 5.18 5.22 5.26 5.28 5.05 5.05 5.04 4.95 4.94 5.17 5.13 4.91 4.66 4.52 4.33 4.13 3.95 3.89 3.70 3.57 3.44 3.25 3.27 3.26 3.37 3.52 3.70 3.90 4.15 4.31 4.41 4.45 4.21 4.18 4.12 4.04 3.95 3.84 3.74
5.53 5.48 5.34 5.23 5.10 4.96 4.68 4.55 4.43 4.32 4.23 4.15 4.08 4.01 3.93 3.85 3.78 3.74 3.70 3.76 3.88 4.04 4.24 4.67 4.86 5.04 4.94 5.04 5.19 4.90 4.88 4.83 4.80 4.94 4.96 4.98 5.01 5.40 5.39 5.06 5.01 4.98 5.53 5.06 5.12 5.21 5.28 5.33 5.35 5.12 5.10 5.08 4.96 4.92 5.14 5.08 4.85 4.59 4.47 4.30 4.12 4.11 3.94 3.82 3.68 3.56 3.34 3.32 3.26 3.31 3.39 3.49 3.61 3.78 3.88 3.97 4.02 3.81 3.81 3.79 3.76 3.71 3.65 3.59
5.29 5.24 5.16 4.62 4.51 4.38 4.28 4.38 4.26 4.16 4.08 4.03 4.00 3.96 3.75 3.90 3.88 3.88 3.87 3.94 4.05 4.20 4.36 4.56 4.74 4.93 5.08 5.19 4.94 4.91 4.92 4.83 4.87 4.83 4.87 4.92 4.96 4.99 5.05 5.00 4.93 5.06 5.07 5.12 5.23 4.97 5.07 5.06 5.07 4.77 4.78 4.72 4.97 5.01 4.90 4.75 4.67 4.58 4.38 4.25 4.14 4.07 4.02 3.85 3.75 3.64 3.40 3.34 3.23 3.22 3.23 3.26 3.31 3.27 3.33 3.33 3.39 3.42 3.45 3.48 3.48 3.48 3.46 3.43
4.66 4.62 4.55 4.46 4.35 4.23 4.12 3.99 3.86 3.77 3.92 3.90 3.72 3.73 3.74 3.75 3.71 3.74 3.79 3.83 3.95 4.31 4.49 4.66 4.87 5.08 5.05 5.19 5.22 5.07 4.91 4.86 4.77 4.71 4.74 4.85 4.94 4.99 5.03 4.95 4.99 4.92 4.93 5.04 4.98 5.05 5.11 5.19 5.22 4.90 4.87 4.78 4.69 5.00 4.88 4.80 4.50 4.45 4.35 4.23 4.14 4.19 4.06 3.91 3.78 3.67 3.40 3.31 3.18 3.11 3.06 3.03 2.92 2.91 2.93 2.91 2.99 3.05 3.12 3.18 3.23 3.26 3.31 3.32
4.51 4.46 4.39 4.30 4.20 4.08 3.94 3.82 3.68 3.57 3.53 3.59 3.64 3.69 3.68 3.71 3.76 3.81 3.88 3.97 4.05 4.44 4.58 4.67 4.91 5.02 5.27 5.46 5.50 5.28 4.99 4.80 4.56 4.53 4.61 4.69 4.85 5.04 5.00 5.00 4.87 4.51 4.48 4.63 4.90 5.16 5.30 5.40 5.39 4.98 4.89 4.82 4.71 4.65 4.87 4.78 4.47 4.42 4.43 4.24 4.14 4.03 4.09 3.94 3.83 3.71 3.43 3.29 3.15 2.98 2.87 2.61 2.53 2.55 2.51 2.49 2.60 2.57 2.67 2.90 2.98 3.08 3.14 3.19
4.37 4.32 4.25 4.17 4.07 3.95 3.81 3.64 3.49 3.34 3.36 3.46 3.51 3.59 3.66 3.72 3.79 3.85 3.93 4.03 4.22 4.50 4.53 4.74 4.85 5.15 5.47 5.78 5.88 5.57 5.16 4.70 4.33 4.26 4.44 4.70 4.98 5.16 5.21 4.83 4.54 4.30 4.22 4.48 4.87 5.29 5.67 5.67 5.31 5.10 4.90 4.73 4.72 4.65 4.54 4.33 4.45 4.61 4.41 4.31 4.13 4.04 4.10 3.97 3.86 3.74 3.46 3.27 2.92 2.74 2.53 2.41 2.29 2.14 2.09 2.08 2.13 2.29 2.42 2.53 2.64 2.90 3.00 3.07
4.40 4.19 4.13 4.05 3.96 3.85 3.71 3.54 3.38 3.15 3.16 3.33 3.46 3.57 3.65 3.73 3.80 3.87 3.96 4.06 4.25 4.28 4.55 4.76 4.88 5.19 5.56 5.99 6.24 5.71 5.15 4.59 4.07 3.97 4.30 4.64 4.86 5.36 5.22 4.87 4.46 4.11 3.93 4.35 4.84 5.35 5.88 6.01 5.42 5.15 4.92 4.74 4.59 4.64 4.53 4.36 4.69 4.32 4.40 4.30 4.13 3.99 3.91 3.98 3.88 3.77 3.47 3.25 2.88 2.64 2.39 2.29 2.14 1.93 1.67 1.65 1.91 2.11 2.24 2.34 2.49 2.62 2.89 2.97
4.14 4.10 4.04 3.97 3.89 3.79 3.67 3.52 3.43 3.28 3.24 3.34 3.47 3.57 3.65 3.73 3.80 3.88 3.96 4.06 3.63 3.98 4.16 4.38 4.61 4.91 5.43 5.76 5.87 5.33 4.83 4.34 3.95 3.85 4.05 4.46 4.77 4.98 4.98 4.71 4.43 4.17 4.11 4.40 4.83 5.28 5.68 5.81 5.45 5.16 4.96 4.79 4.56 4.53 4.42 4.09 3.84 3.93 3.89 3.82 3.66 3.60 3.60 3.55 3.55 3.47 3.18 2.99 2.84 2.62 2.38 2.24 2.09 1.91 1.63 1.66 1.89 2.06 2.19 2.30 2.44 2.52 2.62 2.71
4.02 3.98 3.93 3.88 3.81 3.74 3.64 3.62 3.50 3.43 3.43 3.44 3.50 3.59 3.66 3.73 3.80 3.64 3.72 3.81 3.60 3.94 4.10 4.30 4.49 4.74 4.86 5.08 5.12 4.97 4.64 4.30 4.04 3.96 4.18 4.37 4.57 4.69 4.76 4.62 4.44 4.32 4.33 4.51 4.81 5.13 5.39 5.51 5.23 5.02 4.87 4.73 4.64 4.53 4.13 4.08 3.83 3.64 3.88 3.80 3.64 3.57 3.56 3.50 3.48 3.38 3.09 2.94 2.77 2.50 2.35 2.30 2.17 1.91 1.83 1.84 1.93 2.10 2.21 2.28 2.38 2.47 2.56 2.63
3.90 3.86 3.82 3.79 3.74 3.69 3.67 3.60 3.54 3.36 3.36 3.31 3.36 3.42 3.47 3.72 3.55 3.61 3.68 3.35 3.26 3.40 3.62 3.80 4.00 4.38 4.56 4.68 4.69 4.62 4.41 4.19 4.03 4.11 4.16 4.27 4.40 4.48 4.48 4.53 4.45 4.40 4.43 4.58 4.77 4.98 5.16 5.03 5.01 4.94 4.76 4.65 4.59 4.23 4.14 4.03 3.83 3.64 3.56 3.79 3.70 3.60 3.52 3.44 3.35 3.30 3.01 2.89 2.64 2.51 2.40 2.29 2.14 2.06 2.01 2.02 2.06 2.13 2.23 2.31 2.38 2.44 2.51 2.56
3.53 3.51 3.49 3.48 3.46 3.70 3.67 3.48 3.45 3.43 3.43 3.45 3.40 3.44 3.47 3.50 3.54 3.58 3.42 3.29 3.20 3.32 3.51 3.66 3.82 3.98 4.27 4.34 4.34 4.31 4.18 4.05 4.09 4.05 4.08 4.16 4.25 4.32 4.36 4.47 4.45 4.45 4.49 4.58 4.73 4.86 4.98 4.82 4.82 4.78 4.72 4.63 4.28 4.20 4.13 4.05 3.73 3.65 3.56 3.48 3.48 3.56 3.46 3.37 3.27 3.16 2.86 2.76 2.61 2.52 2.44 2.37 2.31 2.21 2.18 2.18 2.20 2.26 2.29 2.34 2.39 2.44 2.47 2.51
3.39 3.37 3.37 3.38 3.40 3.39 3.39 3.38 3.38 3.37 3.38 3.39 3.43 3.45 3.46 3.48 3.49 3.15 3.19 3.13 3.14 3.05 3.39 3.52 3.64 3.76 3.88 3.92 4.10 4.04 4.12 4.02 3.95 3.93 3.97 4.04 4.12 4.20 4.26 4.41 4.44 4.47 4.51 4.58 4.66 4.76 4.83 4.66 4.66 4.64 4.60 4.41 4.23 4.17 4.12 4.06 3.75 3.67 3.57 3.47 3.37 3.51 3.40 3.29 3.19 3.08 2.79 2.71 2.58 2.52 2.47 2.44 2.41 2.26 2.25 2.30 2.30 2.35 2.36 2.37 2.39 2.42 2.43 2.46
3.22 3.21 3.24 3.29 3.31 3.35 3.37 3.39 3.40 3.41 3.41 3.42 3.43 3.45 3.45 3.44 3.07 3.08 3.11 2.99 3.06 2.95 3.27 3.37 3.47 3.56 3.66 3.69 3.74 3.70 3.88 3.81 3.77 3.77 3.83 3.91 4.01 4.10 4.19 4.25 4.42 4.47 4.52 4.56 4.60 4.64 4.60 4.52 4.52 4.52 4.26 4.26 4.24 4.15 4.12 4.07 3.92 3.72 3.59 3.47 3.35 3.21 3.34 3.21 3.09 2.80 2.71 2.64 2.54 2.51 2.49 2.49 2.51 2.39 2.40 2.45 2.42 2.44 2.41 2.39 2.39 2.39 2.39 2.41
3.02 3.03 3.10 3.17 3.25 3.31 3.36 3.39 3.42 3.43 3.44 3.44 3.44 3.26 3.24 3.04 3.02 3.00 2.84 2.88 2.96 3.05 3.18 3.27 3.32 3.39 3.46 3.47 3.52 3.72 3.65 3.59 3.55 3.58 3.66 3.77 3.90 4.02 4.12 4.21 4.40 4.47 4.52 4.54 4.55 4.55 4.49 4.44 4.38 4.19 4.17 4.19 4.19 4.18 4.12 4.10 3.97 3.77 3.64 3.47 3.37 3.23 3.03 3.13 2.99 2.71 2.62 2.57 2.37 2.36 2.37 2.42 2.48 2.62 2.66 2.58 2.52 2.47 2.40 2.35 2.32 2.36 2.35 2.36
2.78 2.83 2.95 3.09 3.20 3.29 3.35 3.40 3.43 3.45 3.46 3.46 3.27 3.26 3.23 3.01 2.97 2.92 2.73 2.76 2.84 2.94 3.07 3.15 3.21 3.17 3.20 3.23 3.32 3.50 3.44 3.37 3.31 3.25 3.39 3.55 3.80 3.95 4.07 4.16 4.26 4.36 4.41 4.52 4.49 4.46 4.26 4.25 4.27 4.09 4.08 4.12 4.13 4.15 4.18 4.27 4.05 3.83 3.65 3.41 3.33 3.18 2.97 2.82 2.74 2.59 2.45 2.33 2.32 2.32 2.36 2.44 2.55 2.74 2.83 2.74 2.64 2.54 2.42 2.33 2.29 2.27 2.25 2.30
2.51 2.66 2.87 3.04 3.18 3.28 3.35 3.41 3.44 3.46 3.47 3.47 3.28 3.26 3.22 3.17 2.93 2.70 2.62 2.63 2.75 2.86 2.97 3.05 3.10 3.04 3.07 3.08 3.16 3.32 3.17 3.09 2.99 3.03 3.24 3.45 3.64 3.89 4.00 4.12 4.24 4.36 4.44 4.38 4.30 4.24 4.21 4.09 3.97 3.95 3.99 4.04 3.97 4.11 4.07 4.09 4.11 3.82 3.60 3.29 3.15 2.99 2.90 2.75 2.64 2.47 2.37 2.27 2.27 2.27 2.31 2.44 2.61 2.78 3.00 2.90 2.72 2.55 2.42 2.29 2.25 2.23 2.21 2.19
2.55 2.68 2.88 3.05 3.19 3.29 3.37 3.42 3.46 3.48 3.49 3.10 3.09 3.07 3.04 2.89 2.84 2.76 2.62 2.62 2.71 2.81 3.00 3.06 3.09 3.19 3.18 3.20 3.27 3.13 3.07 3.01 2.93 2.98 3.19 3.39 3.58 3.87 3.94 4.05 4.16 4.28 4.35 4.29 4.21 4.14 4.11 3.87 3.73 3.85 3.77 3.69 3.72 3.93 3.85 4.01 4.01 3.83 3.54 3.34 3.08 2.92 2.65 2.48 2.19 2.15 2.13 2.11 2.12 2.14 2.33 2.46 2.61 2.77 2.93 2.90 2.72 2.55 2.39 2.27 2.14 2.10 2.07 2.05
