data/Validacao/Al.grd
DSAA
94	94
0.0000	100.0000
0.0000	100.0000
1.0263	15.2818
[rows 0 to 37 of 94, columns 0 to 83 of 94]
5.37 5.90 6.54 7.08 7.54 7.93 8.26 8.79 9.04 9.25 9.44 9.62 9.78 9.96 10.15 10.36 10.61 11.25 11.54 11.62 11.41 11.24 11.09 10.97 10.88 10.52 10.46 10.85 10.84 10.96 10.99 11.04 11.45 11.55 11.57 11.75 12.00 12.48 12.30 11.98 11.70 11.46 11.47 11.08 10.93 10.81 10.77 10.70 11.18 11.13 10.88 10.87 10.87 10.87 10.82 10.54 10.61 10.82 10.99 10.96 11.08 11.17 11.22 11.13 11.13 11.10 10.73 10.66 10.58 10.60 10.50 9.87 9.80 9.76 9.72 9.34 9.15 9.23 9.11 9.00 8.78 8.70 8.64 8.59
5.87 6.19 6.71 7.21 7.66 8.04 8.38 8.67 8.92 9.37 9.56 9.72 9.88 10.05 10.22 10.43 10.67 11.26 11.47 11.54 11.42 11.29 11.15 11.04 10.96 10.89 10.54 10.91 10.90 10.90 11.03 11.07 11.46 11.54 11.54 11.70 11.88 12.25 12.13 11.87 11.61 11.37 11.37 10.98 10.82 10.69 10.64 10.57 11.02 10.76 10.76 10.77 10.80 10.84 10.55 10.63 10.77 10.97 10.80 11.15 11.29 11.39 11.45 11.37 11.36 11.07 10.94 10.85 10.74 10.74 10.61 9.96 9.87 9.80 9.42 9.50 9.35 9.21 9.08 8.84 8.73 8.64 8.57 8.52
6.49 6.68 7.04 7.46 7.86 8.22 8.55 8.84 9.09 9.30 9.70 9.85 9.99 10.13 10.29 10.47 10.67 10.87 11.35 11.41 11.37 11.49 11.20 11.10 11.02 10.96 11.01 10.98 10.95 10.95 11.06 11.08 11.13 11.38 11.46 11.57 11.65 11.96 11.88 11.68 11.46 11.24 11.24 10.84 10.68 10.49 10.48 10.40 10.98 10.59 10.61 10.65 10.72 10.57 10.70 10.77 10.96 11.19 11.28 11.40 11.56 11.67 11.74 11.66 11.41 11.34 11.25 11.07 11.04 10.89 10.74 10.06 9.94 9.82 9.59 9.46 9.32 9.17 8.91 8.78 8.66 8.56 8.48 8.42
7.00 7.15 7.42 7.76 8.11 8.45 8.77 9.05 9.30 9.50 9.66 9.79 10.10 10.21 10.34 10.49 10.66 10.82 11.27 11.33 11.52 11.48 11.43 11.16 11.09 11.13 11.08 10.71 11.01 10.65 10.63 11.08 11.10 11.32 11.36 11.41 11.43 11.41 11.64 11.48 11.29 11.08 10.87 10.68 10.45 10.30 10.28 10.19 10.56 10.54 10.42 10.50 10.62 10.55 10.76 10.90 11.16 11.30 11.56 11.78 11.89 12.01 12.09 11.80 11.76 11.67 11.55 11.39 11.26 11.07 10.88 10.17 10.00 9.73 9.58 9.43 9.27 9.00 8.85 8.71 8.58 8.47 8.37 8.30
7.42 7.56 7.78 8.07 8.39 8.71 9.03 9.31 9.56 9.75 9.88 9.97 10.04 10.29 10.38 10.50 10.65 10.80 11.24 11.31 11.52 11.50 11.46 11.22 11.26 11.20 11.16 11.12 11.08 10.72 10.68 10.65 11.22 11.25 11.26 11.26 11.24 11.18 11.43 11.29 11.11 10.91 10.70 10.45 10.25 10.08 9.94 9.94 10.28 10.27 10.32 10.30 10.25 10.50 10.80 11.12 11.37 11.57 11.88 12.14 12.36 12.43 12.22 12.23 12.17 12.06 11.89 11.69 11.51 11.27 11.04 10.82 10.07 9.75 9.58 9.40 9.11 8.94 8.78 8.62 8.48 8.35 8.24 8.16
7.76 7.90 8.10 8.36 8.66 8.98 9.31 9.61 9.87 10.05 10.16 10.19 10.19 10.20 10.25 10.51 10.65 10.81 10.95 11.51 11.55 11.55 11.52 11.58 11.33 11.29 11.25 11.21 10.96 10.80 10.72 10.66 10.60 11.18 11.15 11.12 11.07 11.02 11.25 11.11 10.94 10.74 10.29 10.25 10.03 9.83 9.66 10.01 9.94 9.93 10.01 9.94 10.08 10.42 10.82 11.25 11.59 11.87 12.24 12.56 12.82 12.67 12.74 12.73 12.66 12.51 12.30 12.03 11.74 11.49 11.20 10.93 10.29 9.78 9.57 9.26 9.07 8.88 8.70 8.53 8.36 8.21 8.08 7.98
8.03 8.17 8.37 8.62 8.92 9.25 9.60 9.94 10.23 10.43 10.49 10.44 10.34 10.26 10.26 10.35 10.66 10.86 11.04 11.58 11.62 11.61 11.67 11.63 11.59 11.37 11.34 11.30 11.23 10.89 10.78 10.67 10.48 10.40 11.05 11.00 10.94 10.87 11.10 10.96 10.78 10.55 10.11 10.05 9.79 9.54 9.16 9.62 9.54 9.54 9.62 9.61 9.96 10.30 10.83 11.37 11.72 12.21 12.65 13.04 13.13 13.32 13.33 13.30 13.21 13.03 12.75 12.41 12.03 11.70 11.36 11.05 10.36 9.81 9.45 9.23 9.02 8.82 8.62 8.43 8.23 8.05 7.88 7.76
8.45 8.39 8.58 8.84 9.14 9.49 9.88 10.28 10.66 10.89 10.90 10.72 10.48 10.28 10.21 10.31 10.53 10.93 11.18 11.46 11.73 11.78 11.72 11.68 11.64 11.44 11.42 11.41 11.34 11.23 10.82 10.67 10.44 10.33 10.55 10.89 10.82 10.74 10.72 10.83 10.62 10.41 9.96 9.85 9.55 9.07 8.81 9.18 9.10 9.09 8.98 9.20 9.63 10.23 10.82 11.51 12.06 12.55 13.07 13.37 13.76 13.98 14.02 13.91 13.81 13.61 13.26 12.80 12.22 11.76 11.50 10.96 10.64 9.71 9.45 9.21 8.98 8.76 8.54 8.32 8.10 7.88 7.67 7.47
8.60 8.54 8.74 8.99 9.30 9.68 10.11 10.60 11.10 11.46 11.40 11.00 10.57 10.20 10.05 10.19 10.52 10.92 11.50 11.68 12.00 11.83 11.75 11.70 11.65 11.62 11.47 11.50 11.46 11.30 11.09 10.52 10.35 10.26 10.46 10.37 10.42 10.65 10.62 10.70 10.52 10.09 9.84 9.35 9.34 8.79 8.44 8.70 8.67 8.50 8.51 8.68 9.23 10.04 10.86 11.71 12.34 12.73 13.29 13.90 14.45 14.68 14.61 14.46 14.41 14.25 13.79 13.08 12.47 11.92 11.33 11.02 10.67 9.72 9.44 9.18 8.93 8.70 8.47 8.23 7.98 7.72 7.42 7.17
8.70 8.84 8.84 9.09 9.40 9.78 10.23 10.77 11.41 12.09 11.85 11.18 10.58 10.07 9.77 10.04 10.47 10.97 11.51 12.20 12.02 11.80 11.71 11.67 11.60 11.54 11.57 11.52 11.57 11.29 11.02 10.44 10.26 10.36 10.27 10.29 10.44 10.25 10.55 10.63 10.45 9.94 9.57 9.26 8.90 8.60 8.10 8.27 8.39 8.26 8.17 8.11 8.88 9.89 10.85 11.84 12.45 12.95 13.52 14.23 15.08 15.28 14.98 14.84 14.83 14.89 14.14 13.31 12.61 12.01 11.39 11.05 10.68 9.71 9.41 9.14 8.89 8.65 8.41 8.16 7.87 7.58 7.25 6.89
8.75 8.89 9.07 9.12 9.42 9.78 10.21 10.73 11.31 11.82 11.66 11.08 10.52 10.05 9.80 10.00 10.39 11.08 11.53 11.75 11.61 11.65 11.55 11.49 11.41 11.35 11.35 11.28 11.34 11.06 10.83 10.28 10.12 10.24 10.17 10.21 10.37 10.06 9.96 9.84 10.13 9.92 9.55 9.25 8.91 8.62 8.18 8.19 8.27 8.29 8.25 8.31 8.97 9.91 10.78 11.72 12.42 12.84 13.44 14.13 14.85 15.08 14.89 14.78 14.79 14.64 14.05 13.29 12.60 12.01 11.32 10.88 10.17 9.68 9.37 9.09 8.84 8.59 8.35 8.08 7.82 7.53 7.22 6.65
8.76 8.88 9.05 9.09 9.36 9.69 10.07 10.48 10.89 11.15 11.09 10.76 10.37 10.06 9.92 10.02 10.52 10.85 11.14 11.21 11.28 11.19 11.09 11.19 11.10 11.03 11.00 10.99 10.85 10.66 10.33 10.04 9.93 10.10 10.07 10.26 10.32 10.04 9.96 9.84 10.15 9.94 9.59 9.32 8.81 8.52 8.76 8.57 8.56 8.58 8.64 8.84 9.34 9.97 10.74 11.51 12.07 12.51 13.06 13.63 14.15 14.40 14.42 14.38 14.33 14.04 13.62 13.04 12.45 11.75 11.25 10.81 10.11 9.62 9.31 9.04 8.78 8.54 8.28 8.05 7.81 7.55 7.01 6.79
8.71 8.83 8.98 9.18 9.25 9.53 9.84 10.15 10.42 10.58 10.56 10.39 10.16 9.97 10.17 10.22 10.39 10.60 10.71 10.81 10.92 10.86 10.76 10.65 10.75 10.64 10.56 10.50 10.33 10.02 9.94 9.89 9.70 9.93 10.17 10.20 10.30 10.05 9.99 9.75 9.48 10.00 9.67 9.42 8.97 8.74 8.55 8.97 8.92 8.95 9.06 9.29 9.59 10.12 10.71 11.16 11.73 12.10 12.58 13.04 13.42 13.70 13.82 13.84 13.79 13.49 13.16 12.72 12.24 11.60 11.13 10.71 10.03 9.68 9.24 8.96 8.72 8.46 8.24 8.03 7.81 7.28 7.08 6.92
8.57 8.67 8.81 8.99 9.55 9.76 9.57 9.80 9.99 10.10 10.11 10.02 9.91 10.11 10.06 10.10 10.22 10.36 10.41 10.48 10.59 10.54 10.43 10.29 10.13 10.20 10.07 9.97 9.78 9.50 9.50 9.54 9.45 9.75 10.06 10.15 10.30 10.10 9.93 9.84 9.58 10.09 9.77 9.34 9.13 8.95 8.81 9.29 9.26 9.31 9.34 9.56 9.86 10.24 10.67 10.96 11.40 11.84 12.08 12.46 12.78 13.03 13.22 13.30 13.28 13.02 12.77 12.42 11.86 11.42 10.99 10.59 9.92 9.58 9.14 8.87 8.61 8.40 8.20 8.01 7.49 7.32 7.15 7.00
8.44 8.54 8.67 8.83 9.01 9.05 9.25 9.43 9.61 9.70 9.72 9.69 9.95 9.90 9.89 9.94 10.03 10.14 10.15 10.20 10.18 10.24 10.12 9.94 9.72 9.49 9.53 9.38 8.94 8.94 9.02 9.16 9.34 9.57 9.77 9.93 10.06 10.19 9.92 9.85 9.67 9.50 9.98 9.47 9.29 9.13 9.03 9.54 9.55 9.52 9.66 9.85 10.07 10.33 10.62 10.76 11.08 11.42 11.58 11.90 12.20 12.46 12.65 12.82 12.86 12.80 12.49 12.19 11.65 11.24 10.83 10.44 10.08 9.49 8.82 8.58 8.36 8.17 7.99 7.82 7.49 7.34 7.19 7.06
8.28 8.36 8.49 8.65 8.82 8.99 9.00 9.14 9.24 9.31 9.34 9.70 9.67 9.66 9.68 9.74 9.83 9.85 9.93 9.97 9.95 9.99 9.84 9.62 9.34 9.01 8.69 8.44 8.37 8.31 8.48 8.74 9.03 9.48 9.77 9.91 10.11 10.03 10.21 10.13 9.71 9.52 9.25 9.60 9.41 9.27 9.19 9.59 9.65 9.78 9.93 10.10 10.25 10.39 10.38 10.55 10.76 11.00 11.11 11.39 11.67 11.94 12.19 12.38 12.57 12.57 12.28 12.01 11.48 11.08 10.68 10.28 9.48 9.11 8.81 8.45 8.25 8.08 7.93 7.62 7.48 7.34 7.21 7.08
8.08 8.16 8.30 8.47 8.63 8.78 8.91 8.88 8.96 9.01 9.04 9.39 9.39 9.39 9.43 9.52 9.63 9.67 9.76 9.80 9.77 9.79 9.62 9.36 8.99 8.55 8.08 7.71 7.50 7.59 7.91 8.31 8.74 9.39 9.71 9.96 10.27 10.28 10.46 10.34 9.89 9.67 9.38 9.37 9.51 9.36 9.18 9.69 9.80 9.98 10.18 10.34 10.42 10.44 10.28 10.31 10.41 10.58 10.81 10.89 11.16 11.46 11.78 12.07 12.29 12.42 12.17 11.90 11.35 10.94 10.53 9.89 9.30 8.94 8.64 8.41 8.13 7.99 7.87 7.58 7.46 7.34 7.21 7.09
7.83 7.93 8.11 8.30 8.47 8.61 8.72 8.67 8.71 8.74 9.09 9.11 9.12 9.12 9.17 9.06 9.21 9.36 9.63 9.67 9.63 9.60 9.42 9.14 8.72 8.12 7.46 6.87 6.46 6.60 7.10 7.90 8.67 9.22 9.66 10.04 10.49 10.62 10.77 10.58 10.07 9.81 9.49 9.46 9.28 9.44 9.33 9.23 9.88 10.15 10.43 10.61 10.59 10.45 10.28 10.04 10.03 10.16 10.28 10.50 10.74 11.01 11.41 11.83 12.18 12.41 12.13 11.63 11.20 10.60 10.16 9.74 9.13 8.75 8.43 8.21 7.99 7.89 7.80 7.53 7.43 7.32 7.20 7.08
7.54 7.71 7.96 8.17 8.35 8.48 8.14 8.23 8.28 8.51 8.82 8.87 8.65 8.66 8.70 8.86 9.05 9.24 9.53 9.59 9.58 9.47 9.32 9.07 8.52 7.76 6.91 5.92 5.39 5.68 6.54 7.57 8.44 9.07 9.60 10.08 10.72 11.05 11.09 10.76 10.20 9.83 9.58 9.53 9.19 9.46 9.28 9.21 9.92 10.24 10.62 10.91 10.77 10.45 10.13 9.83 9.60 9.70 9.91 10.08 10.26 10.62 11.15 11.68 12.12 12.54 12.18 11.56 11.08 10.46 10.01 9.59 8.98 8.57 8.19 8.00 7.86 7.80 7.73 7.49 7.39 7.29 7.17 6.94
7.24 7.42 7.66 7.85 8.01 8.14 8.04 8.12 8.16 8.31 8.29 8.49 8.51 8.51 8.54 8.72 8.92 9.11 9.28 9.35 9.45 9.33 9.18 8.94 8.36 7.57 6.68 5.53 5.00 5.61 6.33 7.30 8.25 8.91 9.78 9.88 10.69 11.08 11.13 10.48 10.24 10.05 9.59 9.35 9.26 9.10 8.97 9.23 9.95 10.29 10.66 10.96 10.76 10.38 10.00 9.65 9.41 9.46 9.65 9.81 9.95 10.31 10.86 11.41 12.07 12.28 11.78 11.16 10.67 10.41 9.99 9.58 8.86 8.47 8.08 7.91 7.88 7.43 7.29 7.20 7.09 6.99 7.03 6.91
7.44 7.53 7.69 7.85 7.99 8.10 8.18 8.25 8.26 8.27 8.24 8.27 8.29 8.32 8.52 8.65 8.81 8.97 9.10 9.15 9.09 9.18 8.99 8.67 7.96 7.28 6.53 5.85 5.67 6.07 6.67 7.27 8.18 8.81 9.36 9.70 10.24 10.57 10.62 10.31 10.17 9.94 9.62 9.40 9.26 9.22 9.53 9.53 9.98 10.21 10.43 10.61 10.48 10.20 9.89 9.58 9.46 9.52 9.51 9.67 9.88 10.31 10.75 11.21 11.63 11.62 11.25 10.80 10.40 10.21 9.83 9.47 8.79 8.44 8.15 7.97 7.49 7.40 7.31 7.15 7.05 6.94 6.98 6.87
7.61 7.67 7.77 7.89 8.00 8.10 8.17 8.23 8.25 8.26 8.27 8.22 8.24 8.27 8.34 8.44 8.57 8.85 8.94 8.98 8.93 8.82 8.61 8.29 7.83 7.28 6.71 6.24 6.11 6.45 6.81 7.31 8.14 8.72 9.21 9.46 9.90 10.13 10.10 10.05 10.03 9.89 9.61 9.44 9.34 9.34 9.66 10.13 10.05 10.15 10.23 10.24 10.13 9.92 9.71 9.53 9.45 9.48 9.59 9.71 9.92 10.20 10.54 10.89 11.18 11.05 10.86 10.67 10.38 10.08 9.67 9.36 8.72 8.44 8.20 8.03 7.49 7.38 7.27 7.11 7.00 7.04 6.93 6.81
7.75 7.79 7.86 7.95 8.04 8.12 8.19 8.24 8.26 8.27 8.26 8.19 8.19 8.21 8.26 8.35 8.46 8.74 8.82 8.85 8.81 8.71 8.50 8.20 7.79 7.32 6.86 6.62 6.43 6.67 6.97 7.38 7.84 8.57 9.06 9.23 9.60 9.80 9.78 9.81 9.89 9.81 9.59 9.47 9.34 9.30 9.28 10.26 10.08 10.07 10.05 9.98 9.86 9.69 9.54 9.41 9.36 9.40 9.46 9.62 9.83 10.07 10.33 10.59 10.50 10.60 10.42 10.29 10.09 9.86 9.62 9.37 8.56 8.42 8.22 7.62 7.48 7.35 7.14 7.02 6.90 6.97 6.85 6.74
7.86 7.89 7.95 8.02 8.09 8.17 8.23 8.27 7.99 8.01 8.00 7.98 8.14 8.14 8.17 8.25 8.36 8.65 8.74 8.78 8.76 8.66 8.47 8.18 7.80 7.37 7.17 6.86 6.74 6.80 7.03 7.39 7.82 8.29 8.73 9.04 9.45 9.70 9.48 9.56 9.76 9.55 9.39 9.42 9.40 9.38 9.36 10.08 9.99 9.99 9.88 9.75 9.60 9.44 9.30 9.23 9.21 9.26 9.34 9.51 9.71 9.92 10.13 10.32 10.37 10.46 10.15 9.96 9.82 9.65 9.46 9.27 8.49 8.50 8.22 7.59 7.45 7.22 7.09 6.96 6.83 6.70 6.76 6.64
7.94 7.97 8.01 8.08 8.18 8.24 7.91 7.98 8.03 8.05 8.02 7.96 7.90 8.03 8.05 8.13 8.26 8.40 8.69 8.76 8.77 8.69 8.51 8.22 7.84 7.60 7.19 6.86 6.84 6.78 7.00 7.35 7.50 8.11 8.51 8.88 9.18 9.28 9.29 9.41 9.60 9.63 9.41 9.46 9.48 9.48 9.46 10.15 9.99 9.81 9.71 9.52 9.34 9.17 9.04 8.98 8.98 9.07 9.19 9.38 9.58 9.77 9.86 9.99 10.08 9.97 9.98 9.95 9.57 9.45 9.32 9.17 8.47 8.30 7.67 7.62 7.31 7.17 7.03 6.89 6.75 6.60 6.55 6.43
8.00 8.02 8.07 8.16 8.22 8.29 8.36 8.41 8.11 8.12 8.07 7.95 7.82 7.73 7.88 7.97 8.14 8.35 8.68 8.79 8.83 8.77 8.61 8.34 8.11 7.62 7.12 6.72 6.65 6.61 6.87 7.25 7.42 8.03 8.42 8.77 9.06 9.15 9.34 9.30 9.53 9.45 9.41 9.48 9.57 9.61 9.60 10.23 10.00 9.73 9.45 9.28 9.06 8.88 8.73 8.67 8.69 8.79 9.00 9.24 9.47 9.58 9.70 9.77 9.82 9.68 9.69 9.69 9.58 9.27 9.18 9.06 8.38 8.24 7.60 7.51 7.37 7.23 7.00 6.82 6.66 6.49 6.33 6.27
8.03 8.06 8.14 8.19 8.26 8.33 8.41 8.48 8.54 8.25 8.15 7.95 7.73 7.55 7.50 7.77 8.02 8.31 8.71 8.87 8.92 8.89 8.78 8.69 8.25 7.64 7.00 6.44 6.29 6.31 6.68 6.90 7.35 7.97 8.36 8.70 8.74 9.07 9.26 9.54 9.33 9.44 9.43 9.53 9.66 9.76 10.04 9.90 10.04 9.67 9.28 8.94 8.69 8.58 8.41 8.29 8.33 8.50 8.81 9.12 9.32 9.49 9.57 9.59 9.57 9.41 9.43 9.38 9.39 9.36 9.00 8.92 8.82 8.08 7.66 7.45 7.31 7.09 6.94 6.78 6.60 6.40 6.01 5.91
8.04 8.11 8.15 8.20 8.27 8.35 8.44 8.54 8.64 8.69 8.52 7.97 7.63 7.31 7.18 7.40 7.77 8.29 8.65 8.98 9.02 9.01 9.12 8.97 8.45 7.69 6.86 6.10 5.66 5.88 6.43 6.98 7.31 7.91 8.30 8.63 8.70 9.03 9.36 8.96 9.12 9.25 9.13 9.58 9.33 9.54 9.94 9.81 10.10 9.62 9.13 8.67 8.43 8.27 8.14 7.91 7.90 8.23 8.66 9.00 9.30 9.47 9.49 9.44 9.35 9.11 9.14 9.21 9.23 9.23 8.89 8.82 8.73 8.00 7.29 7.16 7.03 6.90 6.75 6.59 6.40 6.31 6.05 5.63
8.44 8.10 8.14 8.20 8.27 8.35 8.44 8.55 8.68 8.80 8.31 7.91 7.52 7.13 6.85 7.18 7.61 8.03 8.48 9.09 9.09 9.15 9.17 9.15 8.55 7.69 6.80 5.94 5.28 5.87 6.43 6.84 7.33 7.96 8.34 8.66 8.93 8.60 8.79 8.95 9.11 9.24 9.26 9.41 9.34 9.59 10.09 9.96 9.81 9.30 8.78 8.26 8.20 8.08 8.20 7.86 7.44 7.87 8.47 8.89 9.24 9.44 9.41 9.33 9.07 8.91 8.98 9.08 9.14 9.15 8.95 8.89 8.44 7.69 7.21 7.09 6.97 6.84 6.70 6.54 6.36 6.14 5.88 5.32
8.41 8.42 8.11 8.16 8.23 8.31 8.41 8.50 8.59 8.27 8.14 7.84 7.52 7.22 7.05 7.24 7.57 7.94 8.38 8.87 9.04 9.05 9.04 8.90 8.44 7.75 7.00 6.39 6.03 6.17 6.67 7.02 7.46 8.07 8.42 8.18 8.43 8.78 9.04 9.18 9.12 9.24 9.24 9.38 9.53 9.53 9.84 9.71 9.75 9.31 8.86 8.46 8.37 8.21 8.03 7.76 7.77 8.19 8.57 8.92 9.19 9.39 9.39 9.32 9.08 8.98 8.99 9.04 9.07 9.07 8.86 8.80 8.20 7.60 7.12 7.01 6.90 6.79 6.66 6.52 6.35 6.10 5.63 5.44
8.35 7.75 7.80 8.11 8.18 8.26 8.34 8.41 8.02 8.04 7.95 7.75 7.53 7.35 7.23 7.28 7.49 7.90 8.34 8.50 8.85 8.82 8.77 8.67 8.31 7.83 7.34 6.97 6.77 6.76 7.07 7.29 7.67 7.75 8.02 8.29 8.52 8.86 9.02 9.23 9.36 9.45 9.22 9.32 9.42 9.32 9.56 9.44 9.44 9.33 8.98 8.69 8.65 8.38 8.48 8.11 8.14 8.14 8.38 8.75 9.20 9.39 9.41 8.98 8.89 9.07 9.04 9.04 9.03 8.83 8.77 8.05 8.10 7.24 7.03 6.93 6.83 6.73 6.62 6.44 6.31 5.87 5.72 5.26
7.63 7.67 7.72 7.79 7.87 7.95 8.25 7.80 7.86 7.86 7.80 7.68 7.54 7.30 7.26 7.32 7.45 7.79 8.17 8.29 8.39 8.63 8.58 8.44 8.20 7.94 7.64 7.37 7.35 7.28 7.21 7.12 7.41 7.91 8.19 8.45 8.80 8.98 9.12 9.30 9.41 9.46 9.26 9.45 9.39 9.13 9.12 9.53 9.35 9.09 9.20 8.98 8.81 8.68 8.54 8.50 8.53 8.43 8.57 8.86 8.97 9.03 9.08 8.99 8.92 9.14 9.10 9.06 8.68 8.61 8.53 7.95 7.84 7.13 7.03 6.83 6.75 6.67 6.11 6.03 5.79 5.53 5.44 5.27
7.53 7.56 7.62 7.70 7.78 7.87 7.94 8.00 7.73 7.73 7.85 7.77 7.38 7.31 7.29 7.32 7.58 7.68 7.78 8.14 8.19 8.21 8.17 8.34 8.18 7.98 7.78 7.75 7.66 7.43 7.58 7.42 7.67 8.14 8.40 8.64 8.98 9.14 9.25 9.33 9.47 9.49 9.39 9.39 9.29 9.27 8.94 9.42 9.45 9.29 9.12 9.17 9.05 8.91 8.87 8.86 8.87 8.71 8.78 8.85 9.06 9.07 8.51 8.44 8.34 8.88 8.82 8.74 8.65 8.55 7.97 7.40 7.27 6.77 6.49 6.35 6.19 6.13 6.08 6.02 5.64 5.57 5.41 5.35
7.40 7.43 7.50 7.59 7.69 7.78 7.86 7.92 8.11 7.82 7.79 7.74 6.99 6.96 6.95 7.50 7.52 7.56 7.39 7.44 8.01 8.04 8.04 7.78 8.19 8.09 7.99 7.92 7.63 7.56 7.64 7.81 7.92 8.37 8.63 8.99 9.20 9.35 9.43 9.47 9.31 9.28 9.25 9.35 9.26 9.62 9.00 9.52 9.42 9.31 9.21 9.36 9.21 9.18 9.17 8.91 8.94 8.98 8.99 9.00 8.70 8.44 8.51 8.43 8.33 7.93 8.07 7.95 7.93 7.79 7.10 6.91 6.76 6.63 6.48 6.06 6.01 6.03 6.01 5.98 5.98 5.55 5.30 5.25
7.23 7.28 7.01 7.12 7.23 7.33 7.42 7.24 7.28 7.30 6.97 6.96 6.93 6.91 6.89 6.89 7.19 7.20 7.22 7.26 7.29 7.32 7.71 7.70 7.67 8.18 8.15 7.86 7.88 7.77 7.90 8.05 8.06 8.31 8.57 8.97 9.45 9.60 9.66 9.42 9.36 9.34 9.25 9.17 9.19 9.54 9.36 9.29 9.39 9.32 9.53 9.49 9.48 9.10 9.16 9.21 9.24 9.23 9.19 8.87 8.80 8.48 8.38 8.14 8.02 8.01 8.05 7.60 7.45 7.18 7.02 6.81 6.63 6.42 6.11 6.14 5.90 5.95 5.79 5.80 5.91 5.37 5.34 5.30
6.70 6.76 6.88 7.02 7.15 7.01 7.11 7.18 7.23 7.25 7.25 7.24 6.89 6.87 6.84 6.82 7.10 7.07 7.06 7.08 7.13 7.18 7.21 7.65 7.67 7.85 7.86 7.89 8.08 7.96 8.01 8.05 8.27 8.52 8.93 9.23 9.50 9.68 9.73 9.62 9.48 9.39 9.25 9.13 9.39 9.15 9.28 9.23 8.98 8.96 9.58 9.59 9.62 9.29 9.41 9.52 9.56 9.51 9.41 8.80 8.66 8.51 8.39 8.18 8.02 8.00 7.71 7.57 7.29 7.12 6.94 6.49 6.26 6.07 5.92 5.95 5.98 5.71 5.76 5.79 5.71 5.71 5.38 5.35
6.49 6.59 6.77 6.71 6.85 6.97 7.07 7.14 7.19 7.22 7.23 7.22 7.19 6.83 6.80 7.09 7.03 6.96 6.90 6.91 6.99 7.07 7.14 7.63 7.68 7.91 7.96 8.02 8.14 8.24 8.18 8.35 8.43 8.69 9.12 9.47 9.83 10.08 10.06 9.82 9.57 9.34 9.22 9.07 9.31 8.91 9.04 9.00 8.92 8.92 9.60 9.64 9.28 9.44 9.63 9.83 9.91 9.78 9.60 8.92 8.73 8.47 8.33 8.18 7.68 7.55 7.70 7.43 7.27 7.09 6.84 6.62 6.15 5.91 5.62 5.57 5.66 5.77 5.65 5.71 5.73 5.75 5.28 5.25
6.32 6.28 6.50 6.68 6.83 6.96 7.06 7.13 7.19 7.22 7.23 7.22 7.19 7.15 6.78 7.06 6.98 6.89 6.77 6.76 6.90 7.01 7.11 7.18 7.61 7.68 7.74 8.02 8.26 7.82 7.96 7.94 8.16 8.93 9.23 9.61 10.05 10.50 10.31 9.91 9.58 9.31 9.16 9.24 9.11 8.80 8.73 8.69 8.69 9.14 9.19 9.64 9.31 9.50 9.75 10.06 10.24 9.76 9.47 8.88 8.67 8.49 8.34 7.95 7.82 7.54 7.58 7.43 7.20 7.02 6.82 6.59 6.11 5.72 5.42 5.41 5.60 5.75 5.66 5.73 5.33 5.34 5.34 5.31
