data/Validacao/Ca.grd
DSAA
94	94
0.0000	100.0000
0.0000	100.0000
5.0462	56.0048
[rows 34 to 67 of 94, columns 0 to 76 of 94]
11.44 11.36 11.16 10.95 10.77 10.66 10.57 10.50 10.45 14.72 14.70 14.69 14.51 14.56 14.53 14.48 14.39 14.29 14.22 14.08 14.15 14.26 14.39 14.54 14.27 14.45 14.62 15.40 15.47 16.18 16.10 16.47 16.56 16.36 16.12 15.86 15.52 15.38 15.41 15.92 16.17 16.81 16.94 17.01 17.51 13.35 13.42 13.42 13.40 13.38 11.34 11.29 11.18 11.44 11.22 11.04 10.97 11.06 11.23 11.42 11.57 13.17 13.28 13.91 13.98 13.87 13.04 13.73 13.74 13.75 13.79 13.34 13.44 13.18 14.16 13.91 15.14
12.18 11.98 11.59 11.20 10.93 10.75 10.63 10.56 10.51 14.84 14.82 14.81 14.79 14.64 14.59 14.51 14.37 14.19 14.03 13.90 14.04 14.23 14.41 14.55 14.24 14.35 14.45 15.17 15.21 15.58 16.12 16.54 16.39 16.16 15.60 15.42 14.92 14.60 14.94 15.40 15.88 16.66 16.88 17.01 13.49 13.71 13.45 13.45 13.37 13.33 11.27 11.17 11.00 11.12 10.70 10.29 10.15 10.41 10.84 12.54 12.85 12.73 12.85 13.62 13.96 13.85 13.68 13.70 13.71 13.75 13.82 14.12 14.14 14.35 14.52 14.29 14.10
13.50 12.94 12.07 11.44 11.04 10.81 10.67 10.59 14.92 14.90 14.88 14.87 14.85 14.81 14.62 14.50 14.29 13.97 13.59 13.46 13.80 14.14 14.38 14.54 14.21 14.23 14.29 15.04 15.31 15.30 15.98 15.90 16.26 16.00 15.35 14.91 13.93 13.10 13.68 14.73 15.57 16.08 16.83 17.00 13.50 13.72 13.60 13.47 13.38 13.33 11.23 11.09 11.26 10.81 10.08 9.14 8.76 9.51 10.39 12.30 12.75 13.28 13.43 13.60 14.62 14.66 13.66 13.67 13.70 13.76 13.45 13.63 14.32 14.73 15.79 15.75 15.46
15.60 13.82 12.39 11.56 11.10 10.84 10.69 10.60 14.94 14.92 14.91 14.90 14.87 14.83 14.63 14.50 14.25 13.80 13.04 12.82 13.60 14.08 14.36 14.53 14.18 14.19 14.23 15.21 15.22 15.21 15.17 15.82 16.19 15.67 15.21 14.59 13.10 10.95 12.37 14.27 15.39 16.01 16.81 12.88 12.93 13.74 13.75 13.55 13.52 11.40 11.32 11.05 11.18 10.63 9.66 7.98 6.78 9.38 10.97 12.40 12.95 13.25 13.42 13.58 13.63 14.65 13.62 13.65 13.26 13.34 13.46 13.68 14.43 15.70 16.33 16.19 15.61
14.65 14.07 13.16 12.56 12.21 12.01 11.89 11.82 11.78 14.92 14.90 14.89 14.87 10.94 14.58 14.46 14.24 13.87 13.35 13.24 13.74 14.15 14.40 14.54 14.56 14.86 14.90 15.16 15.17 15.15 15.12 15.66 15.60 15.67 15.24 14.72 13.51 12.25 13.07 14.50 15.48 12.22 12.38 12.90 13.03 13.06 12.95 13.51 11.55 11.42 11.33 12.53 12.61 11.98 10.94 9.39 8.48 9.82 11.12 12.47 12.97 13.25 13.53 13.61 13.67 12.79 12.89 12.92 13.24 13.32 13.44 15.07 15.27 15.60 16.01 15.94 15.53
13.48 13.24 12.78 12.40 12.13 11.96 11.85 11.79 11.74 11.72 11.71 11.72 10.89 10.92 14.60 14.51 14.36 14.15 13.94 13.87 14.06 14.29 14.46 14.56 15.26 14.84 15.11 15.12 15.12 15.11 15.08 15.64 15.29 15.73 15.42 15.16 14.52 14.08 14.50 15.15 12.10 12.29 12.42 12.13 12.18 12.98 12.99 13.56 13.52 12.94 12.78 12.61 12.33 12.30 11.64 10.93 10.88 11.39 12.13 12.69 13.17 13.40 13.52 13.59 12.73 12.76 13.62 13.09 13.16 13.23 14.47 15.01 15.15 15.34 15.50 15.48 15.30
12.73 12.63 12.42 12.20 12.02 11.89 11.79 11.72 11.68 11.65 11.65 11.66 11.68 10.88 14.60 14.56 14.49 14.38 14.30 14.24 14.32 14.43 14.52 15.21 15.26 14.81 15.06 15.06 15.05 15.05 15.04 15.62 15.31 15.20 15.62 16.03 15.31 15.33 15.42 15.71 12.25 12.39 12.49 12.19 12.25 13.06 13.07 13.63 13.08 13.02 12.92 12.72 13.07 12.77 12.54 12.21 12.11 12.31 12.65 13.08 13.29 13.44 13.51 12.66 12.68 12.83 13.78 13.81 14.21 14.27 13.98 14.92 15.03 15.13 15.19 15.18 15.71
12.31 12.26 12.15 12.03 11.90 11.80 11.70 11.62 11.56 11.52 11.52 11.55 11.60 11.46 11.51 11.54 11.58 14.54 10.90 14.46 14.48 14.47 14.51 15.23 15.48 14.77 14.99 14.97 15.01 15.02 15.98 16.32 15.31 16.30 16.63 16.75 16.60 15.77 12.36 12.44 13.43 13.45 12.44 12.28 13.55 13.18 13.21 14.57 13.21 13.13 13.03 13.41 13.25 13.33 13.12 12.85 12.80 12.98 13.13 13.29 13.39 13.46 12.82 12.82 12.81 12.81 13.65 14.87 14.94 14.19 13.90 14.85 14.91 14.97 15.01 15.65 15.62
13.71 12.04 11.98 11.89 11.80 11.69 11.57 11.45 11.35 11.29 11.30 11.37 11.27 11.37 11.45 11.51 11.55 11.55 11.56 10.83 10.82 14.53 14.54 15.46 15.43 15.62 15.54 15.53 15.51 15.54 15.92 16.32 16.73 12.81 16.65 13.52 13.39 12.91 13.83 13.89 13.10 13.19 12.85 13.53 13.65 13.61 15.09 13.71 12.70 12.57 12.43 12.56 13.67 13.55 13.43 13.34 13.41 13.32 13.37 13.43 13.04 12.79 13.12 13.05 12.99 13.96 14.56 14.66 14.79 14.91 15.82 15.90 15.95 17.71 17.71 17.91 18.80
13.62 13.59 13.54 13.47 11.70 11.57 11.40 11.19 10.99 10.87 10.90 11.14 11.07 11.24 11.37 11.62 11.65 11.68 11.70 11.83 11.83 11.73 12.34 12.31 16.09 15.46 15.41 15.59 15.53 15.61 16.84 17.03 13.55 13.19 13.59 13.47 13.47 13.48 13.76 13.80 13.86 13.95 13.95 14.10 13.88 15.12 15.24 13.92 13.98 14.04 13.84 13.67 14.04 12.94 12.97 12.91 13.31 13.31 13.31 13.46 13.43 13.10 12.97 12.81 13.58 13.50 13.58 13.78 15.28 15.03 17.62 17.74 15.91 18.18 18.20 18.83 18.81
13.56 13.53 13.49 13.41 13.28 13.07 11.32 10.96 10.54 10.27 10.34 10.53 10.92 11.23 11.44 11.54 11.62 11.67 12.64 12.65 12.65 12.57 13.42 13.11 12.32 15.35 15.00 14.96 12.26 15.97 16.40 16.79 12.86 13.18 13.40 13.51 13.40 13.42 13.44 13.87 13.93 14.03 14.24 14.29 14.60 15.58 15.84 14.66 14.33 14.37 14.04 13.80 14.14 14.04 13.07 13.02 13.43 13.41 13.39 13.49 14.50 13.01 12.77 13.33 12.91 12.69 13.46 13.92 14.38 16.64 17.51 17.49 18.13 18.18 18.20 18.84 19.74
13.53 13.50 13.45 13.36 13.20 12.93 11.08 10.48 9.65 8.95 9.15 9.85 10.58 11.14 11.33 11.50 12.35 12.60 12.63 12.65 12.65 13.45 13.40 13.30 13.15 12.89 12.83 11.77 11.55 11.85 12.35 12.70 12.91 12.63 13.40 13.40 13.42 13.45 13.48 13.52 14.28 14.39 14.20 14.48 16.20 15.32 16.09 16.09 15.14 14.41 14.24 13.91 14.22 14.10 13.40 13.08 13.49 13.46 13.23 14.61 14.46 14.21 13.46 12.77 11.85 11.71 12.19 13.21 15.79 16.43 17.22 17.45 17.57 18.26 19.08 19.78 20.43
13.51 13.48 13.42 13.39 13.22 12.90 12.34 11.35 8.70 6.80 7.44 9.27 10.39 11.61 12.00 12.22 12.34 12.60 12.80 12.81 12.81 12.79 12.74 13.28 13.09 13.12 12.49 11.44 10.37 11.30 12.11 12.60 12.49 12.62 12.95 13.40 13.44 13.46 13.49 13.54 14.31 14.42 14.26 15.91 16.44 16.09 17.95 17.94 16.00 14.74 14.01 13.98 14.07 13.94 13.43 13.38 13.52 13.30 14.35 14.62 14.45 13.82 13.27 12.30 11.96 9.08 10.61 14.23 15.72 16.70 17.18 17.44 17.58 18.51 19.07 20.47 20.42
13.19 13.16 13.11 13.38 13.21 12.90 12.34 11.35 10.47 7.86 8.17 10.92 12.39 13.23 13.71 13.97 14.12 12.77 12.80 12.82 12.81 12.79 12.75 12.91 13.48 13.12 12.49 11.45 10.66 11.30 12.12 12.60 12.67 12.81 12.95 13.41 13.44 13.47 13.50 13.54 14.31 14.05 14.27 14.18 14.89 16.09 17.95 17.94 15.99 14.74 14.01 13.89 14.07 13.94 13.87 12.92 13.33 13.38 14.37 14.42 14.26 16.67 15.36 14.12 12.00 9.89 11.81 14.26 15.87 16.72 17.19 17.44 17.96 18.03 18.17 20.25 20.20
13.18 13.15 13.10 13.02 12.88 14.61 14.08 12.92 12.46 11.41 11.73 11.77 12.74 13.38 13.78 14.01 14.14 14.21 12.81 12.82 12.82 12.80 12.76 12.93 13.55 13.26 12.83 12.35 12.09 12.45 12.36 12.50 12.71 12.83 12.66 12.70 13.43 13.46 13.48 13.53 13.67 13.78 13.71 14.04 14.58 15.35 16.09 16.47 15.76 14.42 13.87 13.83 13.63 13.46 13.39 13.35 13.90 14.40 14.36 14.45 14.33 16.82 15.67 14.80 14.10 13.27 13.87 15.81 16.25 16.90 17.65 17.86 17.96 18.14 18.15 19.23 20.16
13.16 13.14 13.10 13.04 14.98 14.76 14.40 14.41 13.79 13.39 13.50 14.04 13.20 13.61 13.89 14.06 14.16 14.22 12.81 12.83 12.82 12.81 13.03 14.10 13.97 14.53 14.23 13.03 12.94 13.73 13.91 14.17 13.44 13.61 12.66 13.57 13.59 13.61 14.28 14.32 13.63 14.97 13.61 13.84 14.18 14.58 14.89 15.34 15.05 14.28 13.95 13.72 13.57 13.42 13.35 14.33 14.82 14.80 14.06 16.83 16.73 16.54 16.10 16.20 15.66 16.06 16.29 16.87 17.44 17.54 17.78 17.91 18.09 18.10 18.09 19.16 19.12
13.13 13.12 13.10 13.99 13.92 13.79 15.24 14.96 14.67 14.51 14.56 14.80 15.10 13.83 14.00 14.12 14.20 14.24 14.26 12.83 14.60 14.58 14.80 14.15 14.07 14.74 14.59 14.18 14.13 14.08 14.20 14.86 14.38 14.09 14.12 14.51 14.51 14.52 14.43 14.47 12.96 12.66 13.69 13.84 14.03 14.05 14.18 14.57 14.44 14.25 13.76 13.60 13.53 14.45 14.38 14.25 14.74 14.58 14.61 16.38 16.84 16.78 15.97 17.77 17.55 17.44 17.53 17.75 17.91 17.84 17.94 18.09 18.07 18.03 17.99 19.02 18.98
14.30 14.30 14.30 13.98 13.96 15.57 15.46 15.33 15.20 15.13 15.16 15.27 15.42 15.57 14.10 12.37 12.42 12.44 12.46 14.61 14.61 15.04 15.79 15.74 16.31 16.22 15.34 15.14 15.12 15.14 14.92 14.98 15.21 15.23 16.14 16.11 14.94 14.93 13.10 13.37 13.43 12.62 13.62 13.72 13.83 13.93 13.79 14.24 14.12 14.02 13.91 14.87 14.44 14.33 14.25 14.07 16.81 17.08 17.17 16.84 16.94 16.66 17.81 17.84 17.86 18.44 18.38 18.40 18.41 18.39 18.03 18.12 18.01 17.89 17.79 18.76 18.74
14.15 14.79 14.85 15.63 15.67 15.68 14.66 14.61 14.56 14.54 14.55 14.60 14.67 14.74 14.80 13.36 13.39 13.63 13.64 13.64 13.64 15.83 14.59 15.34 15.30 17.04 16.99 17.06 16.08 16.09 16.11 15.91 15.24 13.85 16.04 15.93 13.73 13.70 13.29 14.03 13.33 14.80 13.99 14.07 14.14 14.20 14.01 14.55 14.52 14.11 14.02 14.99 14.19 14.05 13.91 15.91 16.09 16.55 16.76 17.00 18.34 18.53 18.23 18.50 18.74 20.03 19.30 19.13 18.92 18.42 18.20 18.14 17.88 17.85 17.66 17.56 17.56
14.44 15.14 15.33 15.51 15.63 15.71 15.73 14.73 14.72 14.72 14.73 14.75 14.79 15.08 15.11 15.14 13.41 13.64 13.65 14.19 14.62 14.62 14.61 15.37 15.35 15.81 15.78 15.76 15.75 15.74 15.73 15.50 13.88 13.82 14.42 14.24 14.06 13.95 13.62 13.79 13.98 14.69 14.82 14.00 14.05 14.09 13.89 13.88 14.41 14.01 14.53 14.89 14.05 13.83 13.56 15.65 15.38 16.55 17.01 16.85 18.35 18.74 20.04 20.58 19.88 21.27 21.11 20.37 19.24 18.81 18.41 18.22 18.23 17.37 16.99 16.85 16.93
14.36 14.58 15.00 15.35 15.58 15.71 15.96 15.99 16.01 16.02 14.83 15.09 15.11 15.13 15.15 15.17 16.10 14.50 15.28 15.28 15.28 15.18 16.14 16.13 16.11 15.85 15.83 15.82 15.81 15.79 15.77 15.52 13.87 14.49 14.28 13.96 13.55 13.27 13.08 13.45 13.80 14.58 14.75 14.86 14.00 14.03 13.82 13.81 14.35 14.55 14.46 14.79 14.55 13.55 15.27 14.50 14.79 15.50 16.44 17.25 18.71 18.93 19.71 21.47 22.61 23.22 22.53 21.45 20.95 20.22 18.88 18.22 17.42 16.61 15.82 15.67 16.02
13.12 13.79 14.66 15.21 15.70 15.89 15.99 16.04 16.07 16.08 16.09 15.15 15.16 15.90 16.10 16.11 16.11 16.96 16.96 15.90 15.90 16.15 16.15 16.14 16.13 15.87 15.86 15.85 15.83 15.82 15.58 15.52 15.68 14.44 14.16 13.68 12.89 12.09 12.28 13.09 13.64 13.96 14.70 14.82 14.89 13.99 14.00 13.97 14.56 14.51 14.42 15.32 14.99 13.83 13.38 12.81 12.35 14.27 15.86 17.04 18.68 19.00 20.04 21.60 24.49 26.76 25.20 22.95 21.43 20.45 19.23 18.28 17.13 15.61 13.90 13.88 15.85
12.27 13.45 14.68 15.34 15.70 15.90 16.01 16.08 16.11 16.27 16.28 16.29 17.20 17.21 17.21 17.22 17.53 17.53 17.53 17.01 17.00 15.24 15.24 15.23 15.23 15.87 15.86 15.86 15.85 15.83 16.75 16.68 16.17 15.71 15.32 14.62 13.39 11.61 12.13 13.33 14.03 14.42 15.19 15.32 15.39 14.42 15.00 14.54 14.46 15.03 15.48 15.29 14.95 13.75 13.16 11.30 10.69 13.71 15.68 17.28 18.22 19.04 20.16 21.91 25.58 28.67 26.02 23.04 21.34 20.38 19.67 18.37 17.11 15.34 12.68 13.44 15.52
13.88 14.33 15.45 15.45 15.76 15.94 16.05 16.83 16.87 16.84 16.85 16.85 17.23 17.23 17.67 18.06 17.53 17.53 17.53 17.01 17.00 15.25 15.24 15.23 15.23 15.87 15.86 15.85 15.84 16.26 16.75 16.95 15.95 15.76 15.43 14.87 14.07 13.39 12.96 13.63 14.16 14.48 14.67 15.33 15.39 15.40 14.98 14.52 14.49 15.01 15.47 15.31 15.01 14.89 13.61 12.59 13.66 14.83 16.25 17.44 18.25 18.98 19.94 22.41 23.63 24.95 24.39 22.37 21.09 20.25 19.59 18.84 17.89 16.70 15.38 15.66 16.50
14.94 15.11 15.89 16.23 16.54 16.71 16.81 16.88 16.86 16.88 16.89 16.89 17.70 17.69 17.68 17.68 17.67 18.12 18.12 20.05 20.04 15.24 15.87 15.85 15.84 15.70 16.47 16.46 16.26 16.25 17.01 16.97 16.88 15.86 15.62 15.27 14.87 14.62 13.76 14.07 14.38 14.61 14.75 15.37 15.39 15.71 15.69 15.47 15.34 14.99 16.28 15.35 16.53 15.21 15.01 16.17 15.99 16.69 17.19 18.34 19.41 19.99 19.78 20.63 21.84 22.35 22.49 21.74 20.64 20.07 19.61 19.13 18.55 17.98 17.40 17.75 17.94
16.17 16.25 16.43 16.62 16.67 16.79 16.82 16.89 16.93 20.11 20.12 20.12 20.12 17.72 17.70 17.69 18.13 18.13 18.12 20.04 20.03 19.05 15.86 15.84 15.81 18.69 16.41 16.40 16.21 16.98 16.99 16.98 16.93 15.97 15.82 15.61 15.40 15.30 14.27 14.43 14.62 14.77 14.86 16.32 15.72 15.67 15.63 15.40 15.38 16.30 16.27 16.20 16.69 16.48 15.57 15.37 17.19 17.65 18.03 18.62 19.47 19.85 19.38 19.85 20.62 20.86 21.26 20.99 21.56 21.28 21.05 20.84 20.61 20.17 19.93 19.86 19.83
16.56 16.60 16.69 16.80 16.78 16.82 20.03 20.09 20.13 20.16 20.17 20.16 20.15 20.14 17.73 20.18 18.14 18.13 18.12 20.04 20.02 19.03 19.00 15.81 18.66 18.59 18.51 19.02 16.53 19.78 19.82 16.99 17.00 16.10 15.99 15.84 15.70 15.64 14.56 14.69 14.85 14.98 15.03 16.40 16.30 15.61 15.51 15.26 15.26 16.20 16.23 16.22 16.81 16.72 15.94 15.86 17.85 18.22 18.41 18.81 19.50 18.81 19.04 19.63 19.84 19.98 20.52 20.49 21.41 21.40 21.43 21.48 21.54 21.41 21.38 21.34 21.17
16.78 19.45 19.51 19.59 20.07 20.15 20.10 20.16 20.21 20.24 20.24 20.22 20.19 20.17 20.21 20.19 20.18 20.17 18.12 20.04 20.01 19.02 18.97 18.59 19.89 19.73 19.56 19.42 20.11 19.46 19.60 18.57 20.44 19.84 17.68 18.04 17.86 17.79 16.76 16.96 16.02 16.20 16.25 15.49 15.25 16.32 16.11 16.30 16.35 17.47 17.50 17.59 16.87 16.66 16.48 18.75 18.56 18.61 19.21 18.72 18.99 18.89 18.47 19.38 18.64 18.75 20.01 20.19 21.36 21.62 21.92 22.27 22.68 24.23 24.45 24.30 23.92
19.61 19.62 19.65 20.10 20.16 20.22 20.28 20.25 20.32 20.37 20.37 20.32 20.26 20.27 20.23 20.21 20.19 20.18 20.96 20.94 20.91 20.42 20.27 19.92 19.72 19.44 19.10 19.50 19.38 19.55 19.89 20.20 20.33 19.82 19.63 17.96 17.65 17.52 16.61 16.97 16.31 16.65 16.72 16.44 16.19 15.99 15.92 15.79 15.85 17.11 17.30 17.51 17.64 16.73 16.60 16.61 19.32 19.30 19.34 18.78 18.97 18.25 18.23 18.99 18.93 18.99 19.70 20.12 21.40 21.99 22.61 23.32 25.32 26.29 26.93 26.75 25.91
19.65 19.66 19.68 19.71 20.22 20.28 20.36 20.47 20.50 20.60 20.58 20.46 20.40 20.31 20.26 20.22 20.20 20.98 20.96 20.94 20.90 20.34 20.23 19.83 19.53 19.07 19.10 18.36 18.06 18.51 19.28 20.95 21.27 21.29 19.52 18.93 18.24 16.74 16.56 16.84 16.72 19.02 18.51 17.94 16.92 15.32 14.82 14.64 15.03 16.78 17.15 17.40 17.61 17.36 16.66 16.69 19.43 19.40 18.68 18.96 18.93 18.85 18.02 18.57 18.29 18.24 19.07 19.89 20.88 22.56 23.57 25.72 27.32 29.30 30.95 30.64 28.69
19.71 19.72 19.74 19.77 19.81 19.88 20.43 20.59 20.83 21.00 20.92 20.69 20.48 20.36 21.57 21.56 21.55 20.99 20.97 20.95 20.90 20.76 21.16 19.75 19.36 20.94 19.57 16.60 15.72 16.97 18.57 20.53 21.03 21.07 20.67 18.54 17.08 15.63 15.47 17.12 18.61 19.98 20.00 18.74 16.89 14.87 12.61 12.64 14.82 16.21 17.43 17.97 17.58 17.37 17.45 19.72 19.49 18.81 18.70 18.68 18.90 18.76 17.83 18.13 17.43 16.99 18.11 19.59 22.01 23.64 25.59 26.95 29.33 33.30 37.60 36.83 32.66
19.77 19.77 19.79 19.81 19.85 19.92 20.05 20.65 20.99 21.51 21.28 21.70 21.63 21.60 21.58 21.57 21.57 21.56 21.55 20.96 20.92 21.31 21.15 20.88 21.68 20.71 18.96 15.91 12.76 15.77 18.96 20.32 20.91 20.96 20.50 18.27 16.25 13.48 14.80 17.30 18.81 20.90 22.01 19.43 16.90 14.22 10.51 10.23 13.99 15.90 17.30 17.92 18.26 17.38 17.47 19.56 18.82 19.07 18.72 18.69 18.88 20.24 19.80 17.89 16.78 15.43 17.27 19.40 22.12 24.33 26.55 27.64 30.40 35.95 45.31 43.41 34.77
19.83 19.83 19.84 19.85 19.88 19.94 20.02 20.23 20.56 20.96 21.55 21.41 21.64 21.61 21.60 21.59 21.59 21.59 21.58 21.56 22.38 23.28 21.19 23.42 21.77 20.88 19.40 17.22 15.89 17.41 19.31 20.47 21.00 21.47 21.17 20.22 18.48 16.64 16.42 18.36 19.00 20.48 21.06 19.72 17.79 15.54 12.14 11.87 14.23 16.26 17.22 18.14 17.93 17.96 18.05 20.87 22.95 21.65 21.58 21.51 21.66 21.40 21.24 20.39 18.96 17.91 19.31 21.21 22.09 23.85 25.93 27.32 29.85 34.23 40.57 40.19 33.65
19.91 19.91 19.91 19.90 21.19 21.19 19.98 20.97 21.06 21.13 21.11 21.34 21.29 21.25 21.62 21.63 21.64 21.65 21.65 21.62 22.89 23.35 23.82 23.55 23.10 21.35 20.42 19.39 19.27 19.82 20.84 21.54 21.87 21.90 21.64 21.03 20.17 19.44 18.09 19.02 19.97 19.56 19.73 19.10 17.97 16.66 15.16 14.98 16.55 16.82 17.47 18.25 18.14 18.29 20.62 20.85 22.91 22.82 21.56 21.52 21.71 21.52 21.50 20.97 20.21 19.91 20.78 21.77 22.85 24.83 25.88 26.16 27.94 32.00 33.92 34.34 32.20
