data/Validacao/Ca.grd
DSAA
94	94
0.0000	100.0000
0.0000	100.0000
5.0462	56.0048
[rows 0 to 33 of 94, columns 0 to 76 of 94]
28.34 23.67 19.36 16.91 15.54 14.77 14.34 14.32 14.18 14.10 14.06 14.03 14.02 14.01 14.19 14.17 14.15 14.04 14.02 14.02 14.04 14.00 14.00 14.00 14.00 15.21 15.23 13.98 13.98 14.19 14.18 14.16 14.17 14.10 14.20 13.91 13.40 12.56 13.23 13.94 14.36 14.59 14.85 15.12 15.17 15.19 14.87 14.88 10.83 10.86 11.45 11.52 11.63 11.84 11.94 12.90 13.33 12.56 12.03 11.67 11.49 11.39 11.34 11.83 11.82 11.82 11.96 11.96 11.97 11.64 11.66 14.00 13.77 13.36 12.68 13.19 14.09
23.67 21.60 18.64 16.62 15.40 14.70 14.29 14.05 13.91 14.06 14.01 13.99 13.97 13.97 14.14 14.13 14.11 14.00 13.99 13.98 13.99 13.95 13.95 13.96 13.96 13.97 15.18 13.95 13.95 13.96 14.16 14.15 14.17 14.10 14.23 13.99 13.62 13.08 13.61 14.07 14.40 14.60 14.85 15.13 15.17 15.20 14.88 14.89 10.86 11.45 11.49 11.55 11.64 11.81 12.15 12.54 12.70 12.32 12.22 11.60 11.44 11.35 11.30 11.79 11.78 11.58 11.93 11.94 11.95 11.63 11.65 14.01 13.82 13.51 13.66 13.59 14.07
19.36 18.64 17.22 15.97 15.09 14.53 14.18 13.96 13.83 13.75 13.93 13.91 13.89 13.89 14.06 14.05 14.04 14.02 13.91 13.91 13.92 13.63 13.87 13.88 13.89 13.90 14.28 13.90 13.91 13.92 14.13 14.13 14.11 14.39 14.30 14.15 13.96 13.56 14.11 14.32 14.51 14.65 14.88 15.13 15.17 14.94 14.88 14.90 10.78 11.51 11.55 11.59 11.66 12.13 12.23 12.08 12.10 11.93 11.64 11.46 11.33 11.26 11.22 11.72 11.51 11.52 11.54 11.89 11.58 11.60 11.63 14.05 13.93 13.77 14.14 14.17 14.37
16.91 16.62 15.97 15.27 14.71 14.31 14.02 13.83 13.70 13.61 13.57 13.55 13.76 13.76 13.94 13.93 13.91 13.89 13.78 13.77 13.49 13.48 13.49 13.75 13.77 14.15 14.18 15.46 13.83 15.72 15.75 14.10 14.11 14.42 14.37 14.29 14.21 14.16 14.43 14.52 14.63 14.71 15.10 15.14 14.91 14.94 14.89 14.92 11.42 11.47 11.66 11.69 11.71 12.11 12.10 11.79 11.73 11.54 11.39 11.26 11.17 11.11 11.09 11.39 11.40 11.42 11.46 11.49 11.53 11.57 11.60 14.09 14.04 14.57 14.50 14.52 14.61
15.54 15.41 15.09 14.71 14.36 14.07 13.83 13.63 13.48 13.38 13.33 13.32 13.33 13.55 13.73 13.72 13.70 13.67 13.54 13.53 13.23 13.25 13.26 13.53 13.92 13.96 14.01 14.05 13.71 15.58 15.65 15.70 13.72 14.43 14.42 14.39 14.36 14.34 14.62 14.66 14.71 14.75 15.12 14.89 14.91 14.93 14.96 15.15 11.57 11.66 11.74 11.90 12.26 12.17 12.05 11.92 11.47 11.26 11.12 11.00 10.91 10.88 11.16 11.18 11.21 11.25 11.31 11.38 11.45 11.51 11.56 11.60 14.11 14.72 14.71 14.72 14.83
14.77 14.70 14.53 14.31 14.07 13.83 13.59 13.35 13.13 12.98 12.93 12.94 12.99 13.02 13.03 13.39 13.35 13.30 13.24 12.82 12.84 12.87 12.90 13.27 13.57 13.65 13.73 13.80 14.42 15.36 15.48 15.60 15.69 14.43 14.44 14.45 14.44 15.08 14.72 14.74 14.76 14.78 14.73 14.88 14.88 14.89 14.94 11.64 11.81 11.99 12.14 12.57 12.59 12.36 12.07 11.78 11.23 10.96 10.79 10.63 10.53 10.78 10.79 10.84 10.90 10.97 11.08 11.20 11.33 11.43 11.51 11.57 13.94 14.81 14.82 14.90 14.93
14.34 14.29 14.18 14.03 13.83 13.59 13.29 12.93 12.56 12.30 12.24 12.34 12.46 12.53 12.55 12.55 12.83 12.70 12.56 12.15 12.21 12.29 12.64 12.68 12.78 13.16 13.29 13.39 13.68 14.98 15.23 15.45 15.89 15.99 14.45 14.48 14.49 15.14 14.78 14.79 14.79 14.54 14.73 14.85 14.83 14.82 15.36 11.88 12.17 12.52 12.85 13.33 13.12 12.74 12.15 11.61 10.85 10.56 10.31 10.08 10.16 10.12 10.21 10.32 10.40 10.51 10.69 10.92 11.15 11.33 11.45 11.53 13.94 14.85 14.94 14.96 14.98
10.56 14.05 13.97 13.84 13.65 13.36 12.95 12.36 11.67 11.14 11.11 11.44 11.73 11.81 11.82 11.85 11.79 11.81 11.46 11.13 11.27 11.75 11.76 11.73 11.92 12.45 12.68 12.76 13.05 13.37 14.86 15.26 15.80 15.96 16.11 14.49 14.51 15.18 15.25 14.81 14.55 14.54 14.71 14.80 14.74 15.13 15.12 12.21 12.67 13.32 14.37 14.73 14.30 13.28 12.27 11.31 10.60 9.98 9.66 9.48 9.09 9.06 9.32 9.57 9.65 9.74 10.06 10.51 11.02 11.32 11.38 12.19 12.26 14.94 14.97 14.99 15.01
10.40 13.92 13.84 13.72 13.51 13.17 12.61 11.70 10.38 9.14 9.30 10.29 10.87 10.87 10.73 10.95 10.98 10.47 9.53 9.34 9.18 10.76 10.59 10.21 10.62 11.42 11.97 11.88 12.00 12.66 13.42 15.13 15.51 15.94 16.11 16.18 16.52 15.20 15.27 14.56 14.55 14.73 14.69 15.28 14.62 14.84 14.65 12.59 13.21 14.56 16.13 17.27 16.27 14.18 12.21 10.60 9.67 9.31 9.01 8.33 7.37 7.37 8.19 8.69 8.61 8.48 9.10 10.10 10.77 11.19 11.89 12.16 12.25 14.94 14.98 15.01 15.03
10.31 10.29 13.77 13.65 13.43 13.06 12.40 11.24 9.23 6.13 7.17 9.40 10.28 10.00 9.25 10.15 10.42 9.61 7.47 6.44 8.32 10.09 9.61 8.00 9.20 10.83 11.36 11.04 10.46 12.02 13.22 15.05 15.50 15.89 16.02 16.19 16.27 16.54 15.28 14.57 14.55 15.18 15.37 15.24 15.01 14.58 13.94 12.94 13.56 15.22 17.83 21.28 18.52 14.89 12.22 9.85 8.16 8.64 8.48 7.40 5.05 5.24 7.30 8.08 7.68 6.63 8.15 9.71 10.61 11.12 11.85 12.14 12.23 14.94 14.98 15.01 15.03
10.27 10.24 10.20 13.61 13.41 13.05 12.43 11.35 9.56 7.37 7.90 9.63 10.41 10.24 9.81 10.36 10.54 8.83 7.45 7.92 9.49 10.27 9.93 8.98 9.77 11.10 11.62 11.48 11.15 12.39 13.43 15.19 15.60 15.95 16.06 16.22 16.28 16.63 16.94 16.93 15.21 15.18 15.37 15.25 15.03 14.65 14.21 13.01 13.70 15.03 17.29 19.58 17.75 14.69 12.15 10.06 8.90 9.01 8.63 7.68 5.95 6.02 7.55 8.23 7.95 7.42 8.48 9.81 10.64 11.13 12.08 12.26 14.48 14.93 14.97 15.00 15.02
10.25 10.23 10.19 13.61 13.44 13.14 12.65 11.89 10.86 9.99 10.03 10.67 11.11 11.16 11.11 11.21 10.02 9.62 9.09 10.05 10.72 11.11 11.10 11.01 11.40 12.06 12.48 12.57 12.79 13.47 14.27 15.55 15.81 16.08 16.13 16.18 16.29 16.62 16.61 16.91 15.20 15.17 15.38 15.29 15.65 15.41 12.36 12.73 13.28 14.19 15.35 16.07 15.37 13.67 12.10 10.79 10.23 9.86 9.53 8.91 8.13 8.10 8.62 8.98 9.00 9.09 9.57 10.27 10.83 11.87 12.12 12.26 14.47 14.91 14.95 14.97 15.00
10.26 10.24 10.20 10.14 13.49 13.27 12.93 12.47 11.93 11.53 11.47 11.66 11.84 11.91 10.62 10.62 10.54 10.35 11.48 11.45 11.83 12.04 12.17 12.33 12.68 13.14 13.54 13.81 14.12 14.85 15.05 15.16 16.14 16.27 16.28 16.22 15.72 16.59 16.57 16.97 17.51 15.17 15.40 15.34 15.80 15.69 15.66 12.42 12.79 13.30 13.81 14.04 13.57 12.83 11.98 11.57 11.03 10.63 10.32 9.97 9.66 9.47 9.63 9.79 9.88 10.09 10.36 10.72 11.06 11.98 12.16 12.27 14.45 14.50 14.90 14.92 14.95
10.09 10.07 10.04 9.99 9.42 9.32 13.17 12.89 12.59 12.37 12.28 12.30 12.34 10.93 10.93 10.92 10.88 10.81 12.20 12.21 12.53 12.69 12.89 13.19 13.62 14.18 14.72 15.15 15.51 16.13 16.04 15.85 16.58 16.53 16.40 16.25 15.69 16.52 16.90 16.89 17.45 15.14 15.40 15.94 15.88 15.83 15.83 12.19 12.39 12.63 12.67 12.75 12.61 12.28 11.87 11.86 11.53 11.25 10.95 10.70 10.50 10.42 10.31 10.37 10.45 10.66 10.82 11.03 11.89 12.07 12.19 12.27 14.41 14.43 14.81 14.83 14.38
10.15 10.13 10.09 10.04 9.98 13.29 13.14 12.95 12.92 12.76 12.65 12.59 11.06 11.03 11.01 11.00 11.00 11.00 12.49 12.53 12.62 13.01 13.28 13.72 14.38 15.25 16.20 16.96 18.00 17.89 17.42 16.80 16.21 16.41 16.03 16.58 16.38 16.37 16.95 16.98 16.98 17.02 14.75 15.94 15.90 15.87 15.84 12.03 12.11 12.01 12.07 12.09 12.06 11.97 11.85 12.09 11.91 11.69 11.39 11.15 10.96 10.85 10.82 10.69 10.73 10.81 11.14 11.29 11.98 12.11 12.20 12.24 12.26 13.77 14.31 14.33 14.38
10.25 10.22 10.17 10.10 10.04 9.97 13.19 13.03 12.85 12.67 12.54 11.12 11.00 10.88 10.81 10.83 10.88 12.38 12.41 12.47 12.58 12.99 13.31 13.93 15.00 16.53 18.28 20.21 20.98 20.65 19.48 18.14 16.75 16.99 16.36 16.28 15.93 16.55 16.40 16.49 17.28 17.39 17.53 15.90 15.87 15.81 15.75 12.14 11.77 11.71 11.66 11.65 11.71 11.82 12.33 12.40 12.33 12.11 11.74 11.40 11.13 10.97 10.91 10.90 10.91 10.96 11.18 11.33 11.98 12.10 12.17 12.18 14.28 13.73 13.68 14.05 14.16
10.43 10.38 10.28 10.18 10.10 10.03 9.97 12.98 12.73 12.49 12.31 10.95 10.70 10.42 10.28 10.35 10.53 11.97 11.99 12.05 12.21 12.61 12.92 13.70 15.38 18.05 21.40 24.53 26.41 25.20 22.53 19.69 17.71 16.31 16.47 16.11 15.53 15.92 15.82 16.07 17.00 17.23 17.42 17.36 15.79 15.68 15.58 12.21 11.73 11.49 11.28 11.21 11.39 11.77 12.57 12.93 12.99 12.66 12.10 11.49 11.05 10.82 10.76 10.75 10.72 10.74 10.98 11.20 11.89 12.05 12.11 12.28 13.58 13.37 13.22 13.26 13.80
10.74 10.63 10.43 10.26 10.15 10.07 10.02 12.85 12.45 12.03 10.86 10.64 10.20 9.59 9.22 10.52 11.04 11.30 11.18 11.23 11.55 11.56 11.65 12.33 15.15 19.61 25.64 32.34 35.82 32.27 26.42 21.72 18.66 16.74 16.53 15.83 14.85 14.77 14.83 15.48 16.66 17.05 17.30 17.25 17.07 15.27 15.06 14.94 11.81 11.30 10.81 10.57 11.05 11.85 12.80 13.87 14.15 13.46 12.21 11.23 10.47 10.33 10.40 10.43 10.30 10.21 10.55 11.42 11.80 12.15 12.23 12.17 13.29 12.83 12.41 12.49 13.29
11.29 10.95 10.56 10.32 10.18 10.10 13.24 12.86 12.20 11.24 10.50 10.35 10.65 9.22 7.93 9.24 10.38 10.58 10.03 9.95 10.70 10.96 10.52 10.10 13.74 20.34 29.39 42.73 52.20 41.00 29.97 23.29 19.35 17.03 16.55 15.55 14.15 12.79 13.52 14.91 16.39 17.00 17.22 17.16 16.79 15.11 14.69 14.49 11.96 11.26 10.35 9.55 10.36 11.76 13.27 15.13 16.16 14.26 12.52 11.06 9.69 9.38 9.85 9.96 9.76 9.26 9.94 11.15 11.69 12.10 12.18 12.09 13.04 12.23 11.09 11.33 12.76
11.37 10.93 10.48 10.22 10.07 9.98 13.23 12.85 12.16 10.69 11.13 11.20 10.58 9.02 7.43 9.06 10.31 10.52 9.79 9.65 10.63 10.90 10.38 9.55 13.54 20.50 29.94 44.49 56.00 42.23 30.45 23.48 19.28 16.91 15.71 15.56 14.03 12.26 13.30 15.11 16.11 17.01 17.03 17.32 16.77 16.22 15.28 14.46 12.06 11.22 10.25 9.26 10.23 11.74 13.34 15.38 16.49 14.43 12.58 11.06 9.54 9.25 9.83 9.96 9.38 8.99 10.26 11.37 11.97 11.54 11.61 11.54 13.02 12.16 10.81 11.12 12.44
10.75 10.60 10.36 10.16 10.04 9.97 9.92 11.87 11.57 11.23 11.86 11.74 11.27 10.45 9.85 10.31 10.93 11.12 10.95 10.98 11.27 11.48 11.50 12.10 15.10 20.02 26.73 34.52 38.57 33.98 27.14 22.23 18.77 16.72 15.90 15.84 14.74 14.35 14.54 15.66 16.33 16.73 17.09 17.38 17.17 16.51 14.83 14.46 11.85 11.28 10.71 10.45 10.89 11.82 12.92 13.82 14.20 13.37 12.37 11.30 10.45 9.88 9.96 9.99 9.86 10.02 11.04 11.70 12.12 11.61 11.67 11.61 13.25 12.72 12.20 12.29 13.56
10.37 10.32 10.20 10.08 10.00 9.93 9.89 11.97 11.78 11.58 11.42 12.29 12.01 11.66 11.47 11.60 11.84 11.84 11.86 11.92 12.10 12.59 12.90 13.74 15.63 18.68 22.54 26.24 28.12 26.42 23.36 20.38 17.94 16.39 15.88 16.18 15.51 15.62 15.99 16.30 16.65 16.89 17.19 17.48 17.34 16.82 14.85 11.55 11.71 11.41 11.16 11.08 11.32 11.82 12.22 12.73 12.87 12.52 11.91 11.14 10.67 10.44 10.39 10.37 10.34 10.69 11.27 11.50 11.21 11.31 11.76 11.72 13.56 13.30 13.11 13.15 14.17
10.01 10.13 10.07 10.01 9.94 9.89 12.13 12.01 11.88 11.75 11.63 12.68 12.54 12.40 12.32 12.36 12.44 12.37 12.41 12.47 12.59 13.11 13.48 14.22 15.51 17.37 19.52 21.53 22.48 21.92 20.40 18.70 17.32 16.61 15.83 16.42 15.99 16.32 16.68 16.78 16.93 17.04 17.28 17.57 17.24 17.09 16.93 11.30 11.64 11.52 11.43 11.44 11.59 11.85 11.93 12.16 12.20 12.02 11.53 11.19 10.92 10.76 10.71 10.70 11.10 11.13 11.70 11.80 11.38 11.42 11.43 11.40 14.00 13.71 13.64 14.46 14.60
9.88 9.86 9.82 9.78 9.89 12.20 12.10 11.97 13.71 13.56 13.46 13.40 12.79 12.76 12.74 12.75 12.78 12.65 12.66 12.70 12.80 13.30 13.63 14.23 15.18 16.43 17.79 18.90 19.80 19.53 18.70 17.66 16.69 16.40 15.82 16.56 15.93 15.75 17.19 17.20 17.13 17.23 17.27 17.37 17.26 17.12 16.99 11.97 11.95 11.60 11.61 11.67 11.77 11.92 12.06 11.94 11.93 11.80 11.42 11.20 11.03 10.94 10.93 10.96 10.61 10.64 11.43 12.06 11.56 11.55 11.52 11.49 14.20 13.54 13.76 14.81 14.88
9.80 9.79 9.76 9.73 10.02 9.95 13.97 13.75 13.51 13.33 13.26 13.29 13.34 12.83 12.86 12.87 12.86 12.82 12.65 12.65 13.03 13.17 13.44 13.96 14.79 15.92 17.14 18.13 18.54 18.79 18.10 17.24 17.05 16.56 16.17 15.84 15.86 16.50 17.42 17.39 17.11 17.08 17.32 17.33 17.17 16.98 16.82 11.89 11.94 12.02 11.78 11.88 11.97 12.07 12.15 11.97 11.93 11.79 11.41 11.21 11.06 11.02 10.67 10.79 10.92 11.51 11.51 11.45 11.74 11.67 11.61 11.57 14.14 14.11 14.97 14.81 14.85
9.76 9.75 9.73 10.04 9.97 9.87 9.73 9.54 13.02 12.72 12.69 12.86 13.06 13.19 12.75 12.77 12.72 12.60 12.34 12.29 12.63 12.73 12.90 13.36 14.30 15.73 17.38 18.82 19.42 19.47 18.46 17.36 17.06 16.55 16.18 15.87 15.93 16.60 16.52 17.48 17.17 17.15 17.29 17.10 16.94 16.61 16.34 11.76 11.90 12.10 12.31 12.17 12.27 12.33 12.40 12.24 12.18 11.80 11.48 11.19 11.00 10.63 10.79 11.07 11.36 12.00 11.97 11.79 11.36 11.80 11.70 11.63 14.22 14.21 15.09 14.47 14.51
9.74 9.73 10.06 10.01 9.93 9.80 9.58 9.26 8.86 11.52 11.58 12.11 12.57 12.77 12.85 12.49 12.42 12.16 11.70 11.57 11.94 12.01 11.95 12.21 13.47 15.69 18.42 21.10 22.31 21.63 19.61 18.44 17.24 16.61 16.12 15.90 16.30 16.65 16.57 16.25 17.24 17.14 17.23 16.94 16.60 15.98 12.87 12.90 11.82 12.20 12.60 12.90 12.99 12.72 12.81 12.97 12.75 12.19 11.62 11.11 10.48 10.51 10.86 11.42 12.04 12.82 12.67 12.03 11.61 11.32 11.66 11.56 11.51 14.13 14.58 14.54 14.58
9.74 10.08 10.05 9.99 9.90 9.74 9.45 8.98 8.22 7.41 7.73 11.21 12.04 12.22 12.18 12.44 12.48 11.60 10.73 10.55 11.11 11.22 10.66 10.12 12.01 15.59 19.87 25.17 28.25 25.22 21.25 18.63 17.43 16.80 16.27 16.23 16.31 16.67 16.33 17.05 17.00 16.89 17.94 16.80 16.97 15.77 12.47 12.47 11.67 12.29 12.98 13.61 13.56 13.38 13.28 13.78 13.81 12.78 11.78 10.68 10.09 10.17 10.85 11.78 12.98 14.18 13.63 12.64 11.85 11.44 11.72 11.60 11.54 14.16 14.73 14.74 14.78
8.29 10.09 10.05 10.00 9.90 9.72 9.41 8.86 7.90 6.40 8.59 10.79 11.81 11.92 11.63 12.21 12.33 11.80 10.24 9.53 10.71 10.89 9.98 8.20 11.03 15.59 20.61 27.59 33.55 26.80 21.80 19.25 17.58 16.79 16.25 16.22 16.04 16.72 17.12 17.06 17.00 16.88 16.92 16.53 16.83 15.35 11.66 11.67 12.07 12.86 13.62 14.44 14.11 13.83 13.35 14.20 14.83 13.42 11.57 10.61 9.73 9.82 10.76 11.86 13.71 15.47 14.25 12.85 12.05 11.61 11.06 10.92 11.38 12.57 14.75 14.77 14.80
8.32 8.30 10.07 10.02 9.92 9.76 9.49 9.04 8.36 9.94 10.22 11.40 12.15 12.36 12.40 12.60 12.60 12.15 11.25 10.68 11.27 11.34 10.87 10.55 12.36 15.59 19.51 24.00 26.49 24.15 20.67 18.79 17.36 16.67 16.18 16.96 16.79 16.43 16.84 16.78 17.00 16.89 16.96 16.61 16.02 15.65 12.73 12.74 12.26 12.86 13.42 13.87 13.72 13.62 13.74 13.91 13.54 12.34 11.41 10.68 10.18 10.19 10.80 11.65 13.07 13.85 13.42 12.57 11.95 11.57 11.05 10.93 11.78 12.59 14.77 14.78 14.82
8.37 10.57 10.54 10.06 9.97 9.84 9.64 9.34 12.39 11.87 11.92 12.36 12.77 12.97 13.10 13.33 13.28 12.85 12.39 12.25 11.99 12.10 12.04 12.33 13.59 15.47 17.94 19.98 21.01 20.53 18.88 17.96 16.95 17.23 16.84 16.87 16.73 16.38 16.32 16.75 16.73 16.65 17.02 16.78 16.39 16.52 13.69 13.70 13.26 12.86 13.18 13.42 13.25 13.23 12.45 12.87 12.80 12.46 12.00 11.34 10.49 10.46 10.79 12.25 12.78 12.58 12.47 12.09 11.73 11.18 11.02 12.14 11.80 14.71 14.78 14.80 14.82
10.66 10.64 10.60 10.54 10.46 10.35 9.80 13.57 13.23 13.00 12.99 13.15 13.34 13.73 13.79 13.80 13.75 13.67 13.12 13.04 13.35 12.80 12.89 13.18 13.85 15.22 16.61 17.68 17.95 18.08 17.73 17.87 17.26 16.97 16.68 16.75 16.37 16.29 16.24 16.69 16.69 16.65 17.12 16.69 17.00 17.18 16.96 13.42 13.54 14.35 12.69 12.81 12.87 12.88 12.46 12.46 12.23 12.17 11.95 11.39 11.29 11.33 11.63 12.06 12.33 11.88 11.86 11.70 11.65 11.51 11.42 12.15 12.13 14.73 14.74 14.82 14.84
10.79 10.77 10.71 10.64 10.55 10.45 10.34 10.23 13.76 13.65 13.62 13.67 14.05 14.11 14.13 14.13 14.13 14.06 13.98 13.82 13.83 13.89 14.01 13.61 14.02 14.83 15.46 16.27 16.71 17.02 16.69 17.23 16.87 16.72 16.49 16.59 16.20 16.13 16.10 16.11 16.62 16.63 16.87 16.82 17.25 17.13 17.50 13.65 13.30 13.37 13.44 12.60 12.61 12.13 12.09 12.04 11.82 11.86 11.79 11.74 11.33 11.38 12.72 12.87 13.01 12.16 11.62 11.57 11.50 11.44 12.17 12.93 12.95 13.26 15.08 14.94 14.75
11.03 10.98 10.89 10.77 10.65 10.55 10.46 10.38 10.34 14.01 13.99 14.00 14.33 14.35 14.40 14.38 14.32 14.26 14.20 14.06 14.09 14.16 14.28 14.46 14.29 14.61 14.93 15.20 15.95 16.55 16.49 16.77 16.56 16.49 16.05 16.10 15.95 15.86 15.85 15.92 16.96 17.05 16.97 16.89 17.43 13.30 17.55 13.35 13.36 13.39 13.39 11.43 11.93 11.84 11.74 11.54 11.48 11.54 11.58 11.64 11.65 13.18 12.73 12.83 12.91 14.07 13.11 13.11 12.35 12.35 13.77 13.27 13.32 13.37 13.26 15.06 15.05
