data/Validacao/EstC.grd
DSAA
94	94
0.0000	100.0000
0.0000	100.0000
14.4540	28.7529
[rows 34 to 67 of 94, columns 0 to 76 of 94]
20.98 20.76 20.73 20.39 20.04 19.70 19.37 19.01 18.77 18.58 18.58 18.52 18.54 18.62 18.75 18.91 19.33 19.52 19.72 19.92 20.12 20.32 20.44 20.64 20.84 20.83 21.04 21.07 21.29 21.87 22.13 22.44 22.86 23.03 23.21 23.19 23.20 23.14 23.01 22.87 22.65 22.44 22.16 21.91 21.70 21.35 21.09 21.05 21.20 21.25 21.23 21.30 21.38 21.42 21.44 21.42 21.36 21.24 21.10 20.64 20.48 20.33 20.29 20.19 20.22 20.20 20.16 20.25 20.58 20.78 21.12 21.35 21.58 21.78 21.94 22.11 22.01
21.55 21.28 20.92 20.53 20.13 19.66 19.32 19.02 18.77 18.57 18.44 18.36 18.48 18.55 18.67 18.83 19.26 19.46 19.66 19.86 20.04 20.22 20.41 20.49 20.66 20.70 20.88 21.08 21.05 21.50 22.00 22.43 22.68 22.90 23.08 23.17 23.24 23.23 23.16 22.94 22.70 22.47 22.19 21.93 21.62 21.42 21.10 21.04 21.16 21.18 21.15 21.21 21.27 21.31 21.33 21.32 21.26 21.13 20.97 20.80 20.30 20.14 20.08 20.07 20.01 20.00 19.97 20.27 20.44 20.79 21.04 21.29 21.54 21.77 22.01 22.09 22.08
21.82 21.49 21.06 20.51 20.07 19.66 19.28 18.97 18.70 18.50 18.36 18.28 18.26 18.45 18.56 18.97 19.14 19.33 19.52 19.71 19.89 20.06 20.24 20.31 20.46 20.46 20.62 20.80 20.88 21.12 21.74 22.05 22.48 22.74 22.97 23.12 23.27 23.32 23.23 22.96 22.69 22.39 22.17 21.90 21.58 21.47 21.15 21.09 21.08 21.08 21.04 21.09 21.13 21.15 21.17 21.17 21.12 20.97 20.79 20.60 20.28 19.98 19.83 19.73 19.81 19.63 19.90 20.03 20.36 20.60 20.86 21.13 21.40 21.73 21.92 21.98 21.91
21.93 21.49 20.98 20.49 20.02 19.58 19.19 18.85 18.58 18.37 18.23 18.15 18.13 18.18 18.41 18.82 18.97 19.14 19.33 19.52 19.68 19.85 20.02 20.17 20.10 20.22 20.35 20.58 20.59 21.19 21.50 22.13 22.45 22.54 22.79 22.99 23.20 23.37 23.22 22.89 22.60 22.30 22.08 21.73 21.51 21.37 21.22 21.06 21.02 20.84 20.86 20.92 20.94 20.96 20.97 20.98 20.94 20.75 20.55 20.41 20.22 19.68 19.52 19.41 19.53 19.49 19.69 19.85 20.09 20.34 20.59 20.86 21.21 21.48 21.74 21.77 21.62
21.91 21.52 21.04 20.55 19.87 19.42 19.02 18.68 18.39 18.18 18.04 17.96 17.95 17.99 18.36 18.48 18.77 18.93 19.12 19.29 19.45 19.60 19.75 19.78 19.81 19.92 20.04 20.22 20.39 20.83 21.13 21.81 22.13 22.43 22.52 22.72 22.93 23.04 22.95 22.67 22.41 22.04 21.77 21.59 21.22 21.04 20.85 20.69 20.65 20.66 20.66 20.67 20.67 20.71 20.71 20.70 20.63 20.51 20.30 20.09 19.89 19.63 19.47 19.19 19.15 19.22 19.23 19.53 19.74 19.98 20.37 20.59 20.84 21.09 21.29 21.32 21.20
21.59 21.23 20.79 20.31 19.85 19.40 19.00 18.43 18.14 17.93 17.79 17.72 17.72 17.77 18.14 18.27 18.43 18.73 18.91 19.07 19.22 19.25 19.37 19.48 19.31 19.42 19.71 19.77 20.03 20.29 20.76 21.16 21.76 22.06 22.32 22.49 22.51 22.57 22.53 22.33 22.05 21.80 21.56 21.13 20.93 20.79 20.65 20.48 20.42 20.18 20.16 20.42 20.41 20.39 20.46 20.40 20.32 20.15 19.94 19.73 19.45 19.25 18.90 18.79 18.75 18.83 19.06 19.15 19.37 19.60 20.03 20.23 20.46 20.61 20.75 20.78 20.69
21.25 20.90 20.48 20.02 19.55 19.11 18.70 18.34 18.05 17.84 17.72 17.44 17.46 17.83 17.94 18.08 18.24 18.42 18.73 18.88 18.91 19.02 19.12 19.20 19.00 19.10 19.27 19.41 19.66 19.90 20.18 20.75 21.04 21.63 21.89 22.16 22.24 22.29 22.10 21.96 21.72 21.51 21.30 20.88 20.68 20.55 20.40 20.23 20.18 19.93 19.90 20.15 20.12 20.09 20.13 20.05 19.96 19.78 19.57 19.52 19.30 18.85 18.48 18.38 18.34 18.37 18.64 18.82 19.17 19.41 19.64 19.83 20.03 20.20 20.30 20.26 20.19
20.90 20.55 20.14 19.68 19.21 18.76 18.34 17.97 17.68 17.47 17.37 17.37 17.47 17.83 17.75 17.92 18.09 18.28 18.46 18.52 18.74 18.82 18.89 18.92 18.99 19.01 19.09 19.06 19.32 19.49 20.01 20.31 20.59 21.29 21.54 21.77 21.87 21.86 21.67 21.56 21.60 21.44 20.78 20.59 20.74 20.27 20.13 19.96 19.91 19.81 19.77 19.80 20.01 19.95 19.80 19.71 19.71 19.53 19.31 19.14 18.91 18.53 18.06 17.94 17.89 18.06 18.39 18.59 18.82 19.01 19.26 19.44 19.63 19.77 19.78 19.93 19.88
20.55 20.20 19.79 19.33 18.86 18.39 17.95 17.57 17.27 17.08 17.01 17.05 17.44 17.61 17.80 18.00 18.20 18.24 18.26 18.40 18.49 18.85 18.90 18.94 18.71 18.75 18.79 18.86 19.03 19.28 19.63 19.90 20.17 20.77 21.08 21.37 21.50 21.40 21.46 21.40 21.22 21.07 20.57 20.44 20.27 20.11 19.98 19.90 19.73 19.70 19.55 19.51 19.78 19.71 19.50 19.60 19.41 19.19 18.89 18.64 18.36 17.72 17.52 17.45 17.39 17.56 17.84 18.06 18.66 18.91 19.30 19.52 19.69 19.81 19.59 19.56 19.52
20.24 19.85 19.44 18.98 18.50 18.01 17.55 17.15 16.84 16.66 16.63 16.72 17.17 17.40 17.65 17.90 18.03 18.24 18.58 18.71 18.78 18.65 18.71 18.57 18.58 18.52 18.52 18.67 18.61 18.98 19.20 19.45 19.78 20.45 20.68 20.87 21.01 21.03 21.08 20.86 20.77 20.64 20.31 20.14 19.93 19.78 19.66 19.59 19.43 19.52 19.50 19.60 19.55 19.44 19.52 19.27 19.10 18.89 18.63 18.28 17.87 17.70 17.46 17.28 17.18 17.39 17.53 17.77 18.06 18.52 18.78 19.16 19.35 19.49 19.59 19.56 19.53
19.90 19.54 19.13 18.64 18.16 17.66 17.18 16.75 16.41 16.23 16.23 16.59 16.92 17.28 17.55 17.77 18.04 18.40 18.58 18.74 18.82 18.85 18.75 18.73 18.60 18.31 18.43 18.23 18.25 18.65 18.85 19.09 19.35 19.63 20.25 20.45 20.61 20.71 20.65 20.49 20.42 20.31 19.95 19.81 19.64 19.48 19.33 19.27 19.25 19.26 19.26 19.36 19.32 19.35 19.17 19.04 18.86 18.64 18.38 18.39 18.10 17.39 17.11 16.88 16.93 16.91 17.07 17.36 17.68 18.19 18.47 18.73 18.96 19.26 19.36 19.36 19.34
19.60 19.23 18.91 18.45 17.96 17.35 16.86 16.40 16.09 15.85 16.01 16.40 16.78 17.06 17.43 17.76 18.21 18.47 18.67 18.82 18.90 18.93 18.90 18.74 18.55 18.42 18.31 18.15 18.16 18.27 18.49 18.73 18.91 19.26 19.74 19.96 20.10 20.34 20.40 20.40 20.20 20.11 19.74 19.51 19.33 19.15 19.01 18.86 18.96 19.01 19.04 19.05 19.23 19.18 19.00 18.87 18.69 18.47 18.50 18.20 17.47 17.15 16.84 16.67 16.51 16.44 16.65 17.00 17.37 17.86 18.25 18.54 18.78 19.11 19.23 19.21 19.21
19.34 19.07 18.65 18.19 17.70 17.21 16.73 16.23 15.78 15.42 15.76 16.23 16.61 17.17 17.60 17.98 18.32 18.60 18.82 18.97 19.06 19.07 19.02 18.74 18.59 18.40 18.22 17.94 17.83 17.99 18.24 18.41 18.64 18.87 19.43 19.65 19.79 19.88 20.07 20.08 20.05 19.81 19.45 19.30 19.06 18.87 18.68 18.63 18.75 18.82 18.88 18.90 19.11 19.07 18.89 18.76 18.58 18.36 18.39 17.96 17.62 17.01 16.80 16.45 16.22 15.99 16.29 16.76 17.19 17.71 18.14 18.46 18.73 18.94 19.08 19.21 19.06
19.42 18.86 18.44 18.00 17.54 17.08 16.78 16.35 15.92 15.58 15.66 16.31 16.82 17.31 17.76 18.17 18.53 18.82 19.05 19.20 19.28 19.28 19.15 18.91 18.73 18.50 18.49 18.16 17.80 17.92 18.12 18.27 18.46 18.65 19.22 19.39 19.52 19.61 19.80 19.82 19.80 19.49 19.22 19.09 18.94 18.67 18.51 18.49 18.62 18.66 18.73 18.77 18.95 19.09 19.01 18.71 18.54 18.33 18.20 17.93 17.74 17.12 16.78 16.44 16.20 15.97 16.27 16.73 17.17 17.57 18.03 18.37 18.67 18.85 19.03 19.20 19.20
19.26 19.04 18.62 18.19 17.76 17.34 17.11 16.73 16.42 16.25 16.38 16.71 17.19 17.59 18.05 18.47 18.83 19.13 19.36 19.51 19.58 19.51 19.43 19.28 19.26 19.00 18.71 18.42 18.09 18.07 18.17 18.23 18.37 18.56 19.04 19.18 19.30 19.39 19.58 19.62 19.62 19.33 19.08 18.97 18.85 18.61 18.51 18.51 18.60 18.63 18.71 18.77 19.12 19.10 19.03 18.99 18.89 18.67 18.30 18.12 17.81 17.48 16.89 16.70 16.46 16.38 16.58 16.93 17.33 17.80 18.19 18.55 18.80 19.05 19.29 19.44 19.49
19.32 18.95 18.56 18.17 17.80 17.45 17.31 17.01 16.83 16.81 16.99 17.21 17.64 18.10 18.55 18.87 19.23 19.52 19.74 19.89 20.12 20.11 19.79 19.62 19.59 19.33 19.04 18.77 18.50 18.30 18.29 18.22 18.40 18.48 18.93 19.03 19.15 19.25 19.46 19.51 19.53 19.27 19.10 19.02 18.72 18.60 18.67 18.53 18.60 18.68 18.74 18.81 19.17 19.16 19.39 19.40 19.23 18.89 18.40 18.23 17.94 17.34 17.06 16.97 16.82 16.81 16.98 17.28 17.65 17.98 18.51 18.81 19.15 19.42 19.67 19.80 19.90
19.27 18.93 18.58 18.25 17.94 17.77 17.58 17.41 17.33 17.27 17.47 17.80 18.20 18.62 19.06 19.46 19.85 20.13 20.20 20.50 20.56 20.67 20.56 20.03 19.99 19.69 19.40 19.12 18.84 18.58 18.46 18.42 18.39 18.42 18.91 19.07 19.23 19.34 19.42 19.35 19.50 19.14 19.12 18.86 18.80 18.72 18.67 18.67 18.72 18.79 18.85 18.91 19.52 19.53 19.55 19.53 19.37 19.05 18.82 18.54 18.02 17.54 17.48 17.30 17.22 17.26 17.43 17.65 18.01 18.41 18.87 19.26 19.62 19.92 20.19 20.34 20.43
19.26 18.96 18.66 18.35 18.11 18.10 17.83 17.74 17.75 17.86 18.08 18.41 18.80 19.21 19.62 20.05 20.40 20.68 21.03 21.16 21.19 21.15 20.96 20.97 20.41 20.13 19.82 19.49 19.22 18.85 18.71 18.77 18.73 19.03 19.06 19.04 19.06 19.15 19.24 19.29 19.44 19.48 19.04 19.02 18.97 18.93 18.84 18.84 18.89 18.94 18.98 19.36 19.73 19.73 19.70 19.60 19.55 19.22 18.96 18.70 18.46 17.96 17.81 17.68 17.65 17.73 17.85 18.15 18.51 18.74 19.20 19.61 19.99 20.26 20.51 20.67 20.74
19.31 19.01 18.76 18.62 18.44 18.31 18.24 18.23 18.29 18.45 18.70 19.03 19.41 19.82 20.08 20.55 20.90 21.27 21.57 21.68 21.62 21.70 21.54 21.23 20.95 20.65 20.46 19.94 19.57 19.32 19.15 19.02 18.82 19.04 19.05 19.10 19.16 19.25 19.33 19.42 19.50 19.56 19.46 19.23 19.21 19.17 19.14 19.15 19.15 19.19 19.52 19.83 19.83 19.86 19.74 19.72 19.57 19.36 19.20 18.98 18.78 18.59 18.22 18.17 18.20 18.32 18.46 18.78 18.92 19.53 19.75 20.26 20.67 20.87 21.14 21.42 21.49
19.36 19.20 19.01 18.86 18.76 18.69 18.68 18.73 18.81 19.00 19.27 19.60 19.98 20.38 20.78 21.11 21.47 22.00 22.21 22.25 22.30 22.22 22.03 21.69 21.40 21.22 20.69 20.33 19.92 19.66 19.47 19.14 19.05 19.29 19.28 19.30 19.34 19.40 19.50 19.60 19.70 19.78 19.83 19.40 19.41 19.47 19.46 19.46 19.43 19.45 19.46 19.94 20.05 20.00 19.97 19.80 19.68 19.48 19.36 19.18 19.11 18.99 18.81 18.55 18.63 18.65 18.96 19.31 19.68 20.14 20.43 20.90 21.27 21.66 21.95 22.22 22.30
19.54 19.37 19.24 19.15 19.11 19.10 19.11 19.21 19.36 19.58 19.85 20.18 20.56 21.02 21.50 21.89 22.26 22.58 22.81 23.10 23.04 22.87 22.64 22.14 21.83 21.63 21.26 20.71 20.29 20.03 19.93 19.50 19.67 19.61 19.58 19.53 19.55 19.62 19.73 19.86 19.98 20.07 20.13 19.73 19.74 19.81 19.80 19.76 19.73 19.74 20.21 20.20 20.28 20.18 20.09 19.92 19.73 19.60 19.39 19.36 19.34 19.26 19.13 19.07 19.04 19.14 19.41 19.80 20.27 20.66 21.18 21.69 22.07 22.49 22.82 23.07 23.12
19.69 19.57 19.51 19.48 19.45 19.50 19.58 19.72 19.90 20.13 20.41 20.80 21.16 21.55 22.01 22.40 22.79 23.31 23.64 23.73 23.59 23.36 23.09 22.78 22.44 22.00 21.61 21.25 20.65 20.51 20.31 20.37 20.28 19.98 19.90 19.87 19.86 19.89 20.02 20.19 20.33 20.43 20.50 20.37 20.36 20.28 20.16 20.11 20.05 20.25 20.49 20.46 20.39 20.26 20.24 20.04 19.84 19.68 19.53 19.36 19.38 19.36 19.18 19.37 19.60 19.60 19.91 20.23 20.75 21.31 21.87 22.41 22.93 23.33 23.72 23.93 23.93
19.89 19.83 19.78 19.80 19.84 19.92 20.04 20.20 20.40 20.70 20.98 21.30 21.71 22.09 22.47 22.86 23.40 23.76 24.09 24.22 24.01 23.75 23.46 23.13 22.77 22.33 21.94 21.58 21.20 21.16 20.86 20.75 20.67 20.34 20.30 20.27 20.25 20.26 20.42 20.60 20.75 20.86 20.75 20.77 20.74 20.78 20.73 20.63 20.57 20.54 20.71 20.64 20.58 20.49 20.29 20.16 19.95 19.76 19.64 19.52 19.58 19.60 19.56 19.70 19.91 20.06 20.28 20.76 21.32 21.92 22.52 23.11 23.65 24.12 24.54 24.69 24.63
20.21 20.17 20.09 20.15 20.23 20.34 20.48 20.64 20.86 21.10 21.37 21.67 22.14 22.50 22.98 23.40 23.74 24.06 24.29 24.36 24.27 24.03 23.74 23.41 22.99 22.60 22.22 21.68 21.53 21.48 21.33 21.23 21.02 20.97 20.72 20.71 20.74 20.80 20.94 21.10 21.23 21.32 21.20 21.18 21.04 20.99 20.88 20.74 20.85 21.00 20.93 20.83 20.68 20.62 20.39 20.24 20.02 19.84 19.63 19.65 19.74 19.80 19.52 19.84 20.11 20.46 20.66 21.18 21.81 22.44 23.07 23.67 24.22 24.69 25.03 25.19 25.18
20.51 20.49 20.43 20.49 20.59 20.72 20.88 21.07 21.29 21.53 21.80 22.08 22.64 22.97 23.31 23.64 23.95 24.26 24.43 24.48 24.40 24.24 23.73 23.39 23.01 22.61 22.26 21.96 21.63 21.79 21.66 21.42 21.37 21.35 21.14 21.17 21.24 21.36 21.50 21.64 21.75 21.67 21.66 21.62 21.44 21.36 20.94 20.83 21.13 21.24 21.12 20.98 20.80 20.71 20.47 20.31 20.08 19.80 19.69 19.75 19.87 19.80 19.97 20.11 20.43 20.83 21.29 21.63 22.28 22.92 23.56 24.16 24.69 25.14 25.47 25.62 25.59
20.78 20.79 20.84 20.92 20.96 21.11 21.28 21.48 21.70 21.93 22.18 22.71 23.00 23.30 23.60 23.90 24.23 24.44 24.56 24.59 24.52 24.17 23.90 23.55 23.17 22.79 22.45 22.08 21.86 22.05 21.75 21.68 21.69 21.69 21.59 21.61 21.72 21.87 22.03 22.18 22.29 22.19 22.16 22.08 21.75 21.61 21.24 21.09 21.14 21.49 21.30 21.11 20.90 20.72 20.54 20.29 19.93 19.76 19.68 19.80 19.87 19.94 20.16 20.34 20.70 21.14 21.66 22.22 22.82 23.33 23.97 24.57 25.08 25.50 25.78 25.92 25.89
21.05 21.09 21.16 21.26 21.32 21.47 21.66 21.86 22.07 22.56 22.80 23.06 23.33 23.60 23.86 24.12 24.40 24.58 24.67 24.69 24.62 24.27 24.02 23.70 23.30 22.94 22.62 22.26 22.06 22.08 21.99 21.94 21.93 21.86 21.93 22.05 22.21 22.33 22.51 22.57 22.68 22.73 22.67 22.36 22.18 21.97 21.75 21.56 21.34 21.61 21.41 21.18 20.93 20.67 20.55 20.30 19.95 19.80 19.71 19.87 19.97 20.05 20.29 20.52 20.90 21.37 21.93 22.53 23.16 23.79 24.32 24.91 25.41 25.79 26.00 26.10 26.10
21.29 21.37 21.46 21.58 21.72 22.02 22.20 22.41 22.68 22.92 23.15 23.39 23.63 23.87 24.09 24.36 24.54 24.68 24.75 24.75 24.68 24.34 24.09 23.72 23.59 23.25 22.94 22.70 22.65 22.28 22.20 22.16 22.23 22.27 22.22 22.36 22.56 22.84 22.83 23.02 23.16 23.30 23.27 22.85 22.62 22.33 22.23 22.04 22.00 21.68 21.47 21.21 20.93 20.65 20.23 20.03 20.03 19.90 19.69 19.78 19.97 20.15 20.40 20.51 20.92 21.50 22.09 22.74 23.42 24.10 24.80 25.27 25.62 25.87 26.15 26.22 26.10
21.07 21.21 21.33 21.85 22.14 22.31 22.51 22.73 23.02 23.26 23.49 23.70 23.90 24.10 24.34 24.52 24.66 24.75 24.79 24.78 24.70 24.49 24.32 23.98 23.64 23.32 23.05 22.98 22.80 22.66 22.55 22.37 22.38 22.44 22.55 22.60 22.81 23.11 23.18 23.42 23.67 23.78 23.76 23.58 23.30 22.83 22.47 22.20 21.92 21.83 21.46 21.20 20.89 20.61 20.19 19.99 20.02 19.91 19.72 19.82 20.02 20.20 20.43 20.54 20.91 21.43 22.13 22.85 23.62 24.36 25.05 25.50 25.82 26.03 26.23 26.26 26.13
21.26 21.41 21.76 21.90 22.07 22.27 22.78 23.02 23.29 23.58 23.79 23.97 24.13 24.30 24.45 24.63 24.73 24.79 24.97 24.95 24.86 24.54 24.31 23.97 23.65 23.36 23.27 23.07 22.91 22.77 22.65 22.62 22.60 22.65 22.65 22.89 23.11 23.26 23.56 23.81 24.06 24.36 24.29 24.06 23.67 23.07 22.71 22.33 21.97 21.80 21.49 21.40 20.84 20.38 20.17 19.97 20.01 19.91 19.73 19.92 20.05 20.21 20.40 20.47 20.78 21.28 22.04 22.87 23.74 24.57 25.26 25.67 25.94 26.11 26.24 26.23 26.07
21.67 21.81 21.95 22.09 22.26 22.47 22.72 23.01 23.55 23.87 24.06 24.19 24.31 24.44 24.55 24.85 24.93 24.98 24.99 24.95 24.84 24.50 24.26 23.92 23.62 23.71 23.48 23.13 22.98 22.82 22.67 22.60 22.56 22.61 22.73 22.91 23.13 23.33 23.62 24.03 24.42 24.75 24.76 24.41 23.89 23.33 22.73 22.32 21.96 21.76 21.44 21.33 21.02 20.55 20.46 19.96 20.01 19.85 19.82 19.94 20.24 20.20 20.32 20.36 20.56 20.98 21.81 22.77 23.77 24.73 25.39 25.69 25.92 26.08 26.17 26.11 25.91
21.85 21.99 22.13 22.26 22.42 22.63 22.88 23.18 23.51 23.85 23.91 24.33 24.43 24.53 24.81 24.91 24.98 25.02 25.01 24.94 24.81 24.45 24.20 24.10 23.92 23.64 23.42 23.25 22.98 22.78 22.63 22.52 22.46 22.50 22.64 22.84 23.10 23.30 23.65 24.08 24.50 24.95 25.13 24.57 23.94 23.31 22.66 22.23 21.89 21.59 21.37 21.04 20.94 20.56 20.41 20.31 19.97 19.88 20.05 20.08 20.21 20.31 20.22 20.34 20.43 20.65 21.48 22.55 23.74 24.75 25.49 25.60 25.69 25.83 26.00 25.89 25.58
22.13 22.25 22.29 22.42 22.57 22.77 23.01 23.29 23.69 23.94 24.10 24.11 24.18 24.26 24.34 24.96 25.03 25.06 25.04 24.95 24.79 24.51 24.31 24.16 23.84 23.54 23.30 23.11 22.93 22.65 22.49 22.38 22.33 22.47 22.60 22.78 23.01 23.26 23.58 23.97 24.36 24.72 24.80 24.43 23.88 23.32 22.60 22.18 21.81 21.50 21.49 21.25 20.72 20.64 20.61 20.75 20.37 20.35 20.07 20.41 20.47 20.57 20.23 20.46 20.53 20.78 21.47 22.44 23.35 24.31 24.90 25.11 25.17 25.29 25.39 25.31 25.06
22.29 22.41 22.53 22.65 22.79 23.01 23.22 23.46 23.68 23.91 24.08 24.20 24.22 24.31 24.39 24.46 25.08 25.11 25.07 24.96 24.90 24.85 24.56 24.08 23.74 23.42 23.15 22.91 22.79 22.60 22.45 22.34 22.30 22.34 22.46 22.65 22.87 23.15 23.44 23.76 24.05 24.24 24.24 23.98 23.57 23.11 22.60 22.25 21.89 21.60 21.40 21.10 20.90 20.74 20.65 20.73 20.39 20.34 20.45 20.49 20.55 20.65 20.70 20.56 20.68 20.94 21.55 22.19 22.88 23.52 24.01 24.26 24.40 24.50 24.53 24.49 24.38
