data/Validacao/EstC.grd
DSAA
94	94
0.0000	100.0000
0.0000	100.0000
14.4540	28.7529
[rows 0 to 33 of 94, columns 0 to 76 of 94]
20.88 20.80 20.72 20.67 20.63 20.61 20.59 21.01 21.02 21.03 21.03 21.04 21.04 21.05 21.20 21.21 21.24 21.33 21.39 21.35 21.19 21.09 21.05 21.08 21.16 21.57 21.77 21.93 22.22 22.70 23.07 23.44 23.82 24.14 24.49 24.74 24.97 25.36 25.14 24.81 24.51 24.25 24.13 23.85 23.63 23.44 23.22 23.16 22.96 23.05 23.46 23.67 23.93 24.24 24.33 24.81 25.14 25.17 25.12 24.96 24.85 24.68 24.47 24.19 23.91 23.62 23.00 22.70 22.38 22.09 21.74 21.34 21.01 20.73 20.51 20.51 20.50
20.78 20.74 20.68 20.64 20.60 20.57 20.55 20.53 20.53 20.92 20.90 20.89 20.87 20.86 20.98 20.97 20.97 21.03 21.03 20.97 20.85 20.77 20.74 20.78 20.87 21.02 21.51 21.69 22.00 22.35 22.87 23.26 23.65 23.97 24.31 24.53 24.71 25.03 24.87 24.60 24.33 24.05 23.91 23.61 23.37 23.18 22.98 22.94 22.78 23.15 23.33 23.56 23.86 24.19 24.38 24.79 25.12 25.26 25.19 25.18 25.12 24.99 24.80 24.53 24.24 23.63 23.31 22.99 22.66 22.34 21.98 21.57 21.21 20.89 20.76 20.70 20.65
20.64 20.62 20.59 20.56 20.53 20.51 20.49 20.47 20.45 20.42 20.76 20.71 20.67 20.63 20.72 20.67 20.64 20.61 20.60 20.52 20.43 20.47 20.36 20.42 20.54 20.72 21.03 21.42 21.75 22.12 22.65 23.04 23.39 23.80 24.04 24.22 24.34 24.61 24.49 24.29 24.05 23.77 23.62 23.30 23.05 22.67 22.67 22.66 22.50 22.93 23.14 23.41 23.73 24.14 24.52 24.68 25.01 25.25 25.31 25.34 25.33 25.25 25.10 24.84 24.28 23.96 23.62 23.28 22.96 22.60 22.21 21.78 21.40 21.05 21.01 20.81 20.70
20.49 20.48 20.47 20.46 20.45 20.43 20.41 20.39 20.35 20.30 20.25 20.19 20.46 20.40 20.44 20.35 20.26 20.17 20.12 20.02 20.04 20.01 20.04 20.04 20.18 20.46 20.72 21.31 21.48 21.92 22.33 22.79 23.14 23.53 23.73 23.87 23.94 23.94 24.09 23.93 23.71 23.43 23.21 22.92 22.48 22.29 22.31 22.32 22.46 22.65 22.91 23.22 23.56 23.97 24.35 24.52 24.88 25.11 25.33 25.47 25.51 25.48 25.37 24.89 24.60 24.27 23.91 23.54 23.20 22.82 22.41 21.96 21.56 21.44 21.13 20.89 20.75
20.33 20.35 20.36 20.36 20.35 20.33 20.31 20.27 20.23 20.17 20.10 20.03 19.96 20.16 20.15 20.01 19.87 19.72 19.62 19.51 19.53 19.52 19.59 19.63 19.88 20.12 20.40 20.73 21.19 21.66 22.07 22.46 22.64 23.26 23.43 23.54 23.58 23.55 23.70 23.55 23.33 23.06 22.81 22.33 22.05 21.87 21.80 21.95 22.11 22.35 22.65 22.99 23.39 23.75 24.13 24.51 24.70 25.00 25.30 25.54 25.68 25.70 25.38 25.19 24.90 24.55 24.16 23.75 23.39 22.98 22.56 22.14 21.69 21.56 21.21 20.95 20.81
20.19 20.22 20.24 20.25 20.24 20.22 20.19 20.14 20.08 20.02 19.95 19.88 19.80 19.68 19.54 19.67 19.46 19.26 19.09 19.07 19.01 19.02 19.11 19.34 19.48 19.77 20.09 20.45 20.87 21.39 21.81 22.20 22.53 22.98 23.15 23.24 23.25 23.19 23.35 23.18 22.95 22.66 22.07 21.88 21.60 21.42 21.36 21.54 21.73 22.03 22.37 22.78 23.14 23.49 23.85 24.24 24.47 24.83 25.24 25.57 25.81 25.70 25.65 25.47 25.16 24.78 24.35 23.91 23.47 23.08 22.65 22.23 21.95 21.62 21.26 21.02 20.80
20.06 20.11 20.13 20.13 20.12 20.09 20.05 19.99 19.93 19.87 19.80 19.73 19.64 19.51 19.33 19.10 19.08 18.82 18.61 18.56 18.50 18.52 18.68 18.89 19.17 19.42 19.79 20.19 20.50 21.15 21.57 21.95 22.31 22.56 22.89 22.97 22.97 22.89 23.03 22.84 22.58 22.10 21.65 21.43 21.13 20.94 21.09 21.09 21.33 21.69 22.09 22.53 22.88 23.20 23.52 23.88 24.11 24.61 25.13 25.59 25.77 25.93 25.89 25.70 25.38 24.96 24.49 24.01 23.53 23.11 22.67 22.24 21.97 21.64 21.32 20.99 20.75
20.01 19.99 20.02 20.01 19.99 19.96 19.91 19.85 19.78 19.71 19.65 19.59 19.50 19.37 19.15 18.87 18.55 18.42 18.14 18.04 18.01 18.09 18.23 18.45 18.77 19.09 19.52 19.97 20.32 20.75 21.37 21.74 22.09 22.33 22.56 22.74 22.73 22.63 22.37 22.54 22.10 21.74 21.25 21.01 20.68 20.64 20.55 20.59 20.91 21.35 21.88 22.31 22.65 22.90 23.14 23.44 23.84 24.30 24.96 25.47 25.93 26.15 26.11 25.87 25.52 25.07 24.56 24.03 23.53 23.05 22.62 22.47 22.04 21.66 21.27 20.92 20.66
19.90 19.88 19.90 19.90 19.87 19.84 19.79 19.73 19.64 19.55 19.49 19.45 19.38 19.26 19.05 18.72 18.32 17.98 17.74 17.56 17.57 17.69 17.83 18.06 18.42 18.89 19.30 19.79 20.18 20.62 21.03 21.59 21.89 22.14 22.37 22.44 22.56 22.43 22.16 22.16 21.83 21.34 20.91 20.67 20.27 20.15 19.99 20.05 20.48 21.08 21.67 22.17 22.46 22.61 22.76 22.94 23.29 23.86 24.68 25.46 26.10 26.36 26.24 25.94 25.56 25.09 24.55 23.99 23.44 22.93 22.57 22.34 21.92 21.54 21.15 20.81 20.54
19.78 19.83 19.79 19.79 19.77 19.74 19.70 19.63 19.53 19.40 19.35 19.32 19.27 19.18 19.03 18.62 18.16 17.73 17.29 17.16 17.27 17.42 17.56 17.74 18.16 18.70 19.23 19.68 20.11 20.55 20.95 21.49 21.78 22.10 22.23 22.29 22.18 22.29 21.99 21.99 21.63 21.40 20.83 20.38 19.98 19.76 19.45 19.53 20.10 20.79 21.47 22.11 22.29 22.31 22.35 22.38 22.54 23.44 24.40 25.34 26.22 26.47 26.18 25.83 25.44 25.01 24.43 23.82 23.25 22.74 22.36 22.13 21.73 21.36 20.98 20.64 20.38
19.66 19.72 19.75 19.70 19.69 19.67 19.64 19.58 19.49 19.37 19.29 19.24 19.16 19.05 18.87 18.50 18.06 17.61 17.22 17.09 17.18 17.35 17.50 17.72 18.12 18.65 19.19 19.64 20.07 20.54 20.93 21.47 21.73 22.03 22.15 22.20 22.07 21.92 21.87 21.60 21.68 21.25 20.67 20.21 19.81 19.60 19.34 19.41 19.94 20.54 21.18 21.74 21.95 22.00 22.00 22.06 22.36 23.14 24.05 24.96 25.74 26.00 25.78 25.46 25.08 24.65 24.10 23.51 22.96 22.46 22.29 21.87 21.43 21.11 20.74 20.42 20.17
19.54 19.60 19.64 19.62 19.63 19.63 19.61 19.56 19.48 19.38 19.28 19.17 19.05 18.90 18.70 18.40 18.03 17.66 17.37 17.23 17.28 17.40 17.59 17.88 18.26 18.74 19.26 19.78 20.13 20.59 21.01 21.51 21.76 22.03 22.12 22.05 22.02 21.85 21.67 21.52 21.62 21.17 20.59 20.14 19.86 19.57 19.42 19.50 19.87 20.34 20.84 21.27 21.54 21.66 21.77 21.94 22.29 22.90 23.65 24.38 24.93 25.18 25.11 24.87 24.53 24.11 23.61 23.09 22.58 22.39 21.96 21.54 21.11 20.80 20.45 20.15 19.93
19.42 19.49 19.54 19.57 19.56 19.58 19.58 19.55 19.49 19.39 19.27 19.13 18.97 18.80 18.58 18.33 18.05 17.78 17.56 17.44 17.44 17.56 17.77 18.07 18.47 18.92 19.42 19.93 20.27 20.75 21.15 21.47 21.86 22.10 22.09 22.08 21.86 21.84 21.64 21.43 21.33 21.15 20.57 20.14 19.89 19.65 19.53 19.61 19.83 20.18 20.56 20.91 21.16 21.36 21.55 21.79 22.13 22.62 23.19 23.74 24.15 24.35 24.34 24.17 23.87 23.49 23.06 22.60 22.14 21.98 21.57 21.17 20.73 20.37 20.10 19.84 19.65
19.24 19.30 19.36 19.41 19.33 19.38 19.56 19.55 19.51 19.41 19.27 19.10 18.92 18.72 18.52 18.31 18.10 17.91 17.74 17.66 17.65 17.77 17.99 18.30 18.69 19.16 19.65 20.15 20.49 20.97 21.36 21.66 22.04 22.25 22.21 22.17 21.92 21.87 21.72 21.43 21.33 21.16 20.61 20.29 19.98 19.74 19.62 19.67 19.81 20.05 20.32 20.61 20.87 21.10 21.32 21.59 21.90 22.25 22.71 23.09 23.39 23.55 23.55 23.42 23.17 22.85 22.47 22.08 21.93 21.54 21.14 20.75 20.32 19.97 19.72 19.49 19.31
19.09 19.15 19.21 19.28 19.35 19.44 19.51 19.54 19.54 19.45 19.30 19.10 18.88 18.67 18.48 18.31 18.17 18.05 17.92 17.89 17.92 18.00 18.22 18.54 18.94 19.40 19.93 20.44 20.82 21.26 21.64 21.92 22.12 22.22 22.19 22.28 22.13 21.95 21.85 21.58 21.08 20.72 20.56 20.41 20.09 19.85 19.70 19.72 19.80 19.94 20.16 20.39 20.63 20.86 21.09 21.36 21.62 21.89 22.21 22.47 22.66 22.77 22.78 22.67 22.47 22.20 22.00 21.69 21.45 21.08 20.69 20.30 19.92 19.42 19.24 18.94 18.86
18.92 18.97 19.05 19.15 19.26 19.37 19.51 19.57 19.57 19.49 19.33 19.11 18.87 18.64 18.46 18.32 18.24 18.13 18.11 18.13 18.19 18.24 18.46 18.78 19.19 19.68 20.21 20.80 21.30 21.62 21.97 22.23 22.33 22.52 22.49 22.56 22.38 22.17 21.87 21.56 21.25 20.88 20.52 20.54 20.22 19.96 19.78 19.75 19.76 19.87 20.03 20.22 20.43 20.65 20.91 21.13 21.34 21.52 21.73 21.88 21.98 22.03 22.04 21.97 21.87 21.72 21.53 21.28 20.96 20.61 20.23 19.84 19.31 18.89 18.64 18.56 18.55
18.73 18.77 18.88 19.01 19.16 19.31 19.45 19.61 19.65 19.59 19.42 19.15 18.86 18.60 18.42 18.33 18.32 18.27 18.32 18.38 18.45 18.48 18.68 18.99 19.42 19.96 20.54 21.11 21.69 22.02 22.34 22.50 22.62 22.59 22.75 22.78 22.58 22.37 22.02 21.67 21.35 20.97 20.63 20.66 20.36 20.07 19.92 19.80 19.77 19.82 19.93 20.08 20.27 20.48 20.74 20.94 21.09 21.19 21.25 21.32 21.33 21.34 21.35 21.31 21.21 21.15 21.01 20.80 20.50 20.17 19.79 19.35 18.78 18.44 18.21 18.14 18.25
18.52 18.57 18.70 18.87 19.05 19.24 19.42 19.63 19.73 19.72 19.53 19.21 18.86 18.55 18.35 18.36 18.43 18.54 18.56 18.66 18.73 18.85 18.98 19.23 19.62 20.22 20.87 21.51 22.16 22.46 22.71 22.83 22.84 22.85 23.01 23.01 22.80 22.60 22.21 21.82 21.47 21.08 20.75 20.80 20.48 20.15 19.96 19.81 19.79 19.81 19.87 19.98 20.23 20.45 20.66 20.79 20.90 20.91 21.04 20.94 20.82 20.69 20.72 20.73 20.68 20.66 20.50 20.35 20.08 19.72 19.34 18.94 18.37 18.02 17.79 17.78 17.99
18.30 18.38 18.54 18.74 18.94 19.15 19.45 19.64 19.81 19.86 19.65 19.25 18.90 18.51 18.25 18.30 18.47 18.68 18.90 18.97 19.02 19.06 19.15 19.33 19.80 20.43 21.12 21.90 22.61 22.80 22.90 23.12 23.10 23.09 23.26 23.22 23.17 22.85 22.56 21.98 21.60 21.21 20.88 20.94 20.50 20.26 20.02 19.85 19.83 19.83 19.87 19.95 20.12 20.33 20.55 20.74 20.80 20.84 20.70 20.48 20.22 20.14 20.21 20.23 20.24 20.25 20.09 19.95 19.71 19.37 19.01 18.62 18.06 17.69 17.41 17.46 17.83
18.10 18.18 18.33 18.52 18.72 18.94 19.31 19.51 19.69 19.80 19.61 19.24 18.84 18.47 18.22 18.33 18.54 18.78 19.05 19.20 19.21 19.26 19.36 19.54 20.03 20.68 21.37 22.10 22.85 23.06 23.11 23.22 23.21 23.18 23.39 23.33 23.33 22.95 22.70 22.05 21.67 21.51 20.90 20.69 20.62 20.33 20.08 19.91 19.89 19.89 19.90 19.94 20.09 20.27 20.45 20.61 20.70 20.63 20.44 20.17 19.86 19.76 19.83 19.85 19.91 19.91 19.82 19.68 19.47 19.04 18.70 18.34 17.88 17.56 17.30 17.42 17.81
18.13 18.16 18.26 18.40 18.58 18.77 18.96 19.26 19.40 19.45 19.34 19.07 18.77 18.52 18.40 18.46 18.63 18.86 19.06 19.25 19.38 19.46 19.63 19.91 20.37 20.96 21.58 22.20 22.84 23.13 23.32 23.29 23.28 23.24 23.32 23.42 23.21 22.96 22.58 22.11 21.74 21.34 20.95 20.75 20.53 20.55 20.28 20.09 20.00 19.98 19.99 20.04 20.13 20.26 20.38 20.50 20.50 20.38 20.28 20.04 19.81 19.69 19.69 19.70 19.67 19.66 19.58 19.45 19.26 18.85 18.55 18.25 17.88 17.66 17.57 17.71 18.05
18.20 18.18 18.23 18.32 18.44 18.59 18.74 18.99 19.08 19.11 19.04 18.88 18.70 18.56 18.52 18.59 18.74 18.89 19.11 19.30 19.49 19.63 19.88 20.22 20.67 21.19 21.74 22.26 22.82 23.13 23.26 23.31 23.30 23.26 23.32 23.46 23.24 22.97 22.57 22.16 21.80 21.39 20.99 20.80 20.59 20.69 20.47 20.30 20.17 20.13 20.13 20.17 20.23 20.31 20.40 20.42 20.38 20.27 20.11 19.96 19.80 19.70 19.64 19.60 19.54 19.50 19.46 19.32 19.01 18.79 18.51 18.29 18.01 17.90 17.92 18.09 18.38
18.01 18.24 18.23 18.27 18.33 18.42 18.63 18.72 18.78 18.80 18.77 18.69 18.60 18.56 18.59 18.67 18.82 18.96 19.16 19.37 19.58 19.78 20.08 20.45 20.89 21.38 21.88 22.43 22.83 23.06 23.26 23.35 23.31 23.38 23.29 23.46 23.24 22.97 22.60 22.20 21.85 21.44 21.03 20.85 20.69 20.54 20.44 20.47 20.35 20.31 20.30 20.32 20.35 20.39 20.43 20.41 20.34 20.23 20.11 19.98 19.85 19.75 19.66 19.58 19.53 19.44 19.40 19.26 18.96 18.78 18.61 18.48 18.35 18.23 18.32 18.52 18.76
18.10 18.06 18.04 18.03 18.25 18.37 18.42 18.46 18.64 18.62 18.58 18.53 18.50 18.54 18.62 18.73 18.88 19.02 19.21 19.42 19.66 19.90 20.23 20.61 21.05 21.53 22.00 22.41 22.78 23.07 23.25 23.34 23.34 23.33 23.22 23.43 23.04 22.78 22.77 22.41 21.90 21.45 21.11 20.94 20.75 20.62 20.53 20.44 20.45 20.50 20.49 20.50 20.51 20.51 20.50 20.46 20.37 20.25 20.16 20.05 19.94 19.83 19.74 19.64 19.48 19.33 19.27 19.28 19.00 18.87 18.77 18.71 18.66 18.66 18.78 18.94 19.17
18.20 18.15 18.09 18.04 18.07 18.05 18.42 18.40 18.37 18.35 18.34 18.35 18.42 18.50 18.64 18.78 18.92 19.08 19.24 19.45 19.68 19.97 20.32 20.72 21.16 21.63 22.08 22.48 22.72 23.08 23.25 23.32 23.46 23.48 23.29 23.13 22.96 22.88 22.75 22.40 22.06 21.65 21.26 21.00 20.81 20.67 20.60 20.52 20.55 20.62 20.71 20.71 20.70 20.67 20.63 20.56 20.45 20.32 20.25 20.16 20.06 19.96 19.84 19.70 19.54 19.45 19.30 19.15 19.12 19.05 19.01 19.01 19.16 19.25 19.44 19.51 19.49
18.33 18.26 18.18 18.15 18.07 17.98 17.90 17.83 18.12 18.08 18.10 18.18 18.32 18.50 18.66 18.82 18.96 19.10 19.26 19.46 19.71 20.01 20.36 20.77 21.22 21.68 22.14 22.55 22.77 23.10 23.26 23.31 23.45 23.47 23.25 23.10 22.93 22.86 22.60 22.43 22.11 21.74 21.35 21.07 20.86 20.72 20.64 20.57 20.64 20.75 20.87 20.96 20.94 20.88 20.79 20.70 20.56 20.46 20.39 20.31 20.22 20.11 19.97 19.82 19.66 19.57 19.43 19.32 19.09 19.30 19.32 19.37 19.54 19.66 19.86 19.76 19.96
18.49 18.40 18.36 18.24 18.11 17.97 17.83 17.70 17.58 17.81 17.85 18.01 18.24 18.50 18.72 18.86 18.98 19.09 19.24 19.44 19.71 20.01 20.36 20.76 21.20 21.69 22.18 22.61 22.84 23.14 23.26 23.45 23.43 23.46 23.34 23.08 23.00 22.86 22.59 22.28 22.16 21.80 21.43 21.15 20.93 20.76 20.63 20.64 20.71 20.87 21.04 21.17 21.21 21.11 20.99 20.85 20.71 20.62 20.56 20.49 20.40 20.27 20.13 19.98 19.83 19.75 19.64 19.42 19.39 19.39 19.56 19.64 19.74 19.91 19.98 20.17 20.35
18.68 18.64 18.52 18.37 18.20 18.02 17.83 17.63 17.43 17.29 17.39 17.89 18.21 18.54 18.81 18.94 19.01 19.07 19.18 19.40 19.67 19.98 20.31 20.67 21.14 21.67 22.20 22.55 22.89 23.13 23.20 23.22 23.41 23.39 23.29 23.12 23.00 22.86 22.58 22.19 21.89 21.57 21.50 21.23 20.93 20.74 20.57 20.59 20.78 21.00 21.23 21.40 21.41 21.33 21.20 21.04 20.90 20.82 20.75 20.68 20.58 20.46 20.33 20.19 20.06 19.91 19.82 19.76 19.72 19.74 19.93 20.02 20.14 20.31 20.00 20.15 20.32
18.80 18.86 18.72 18.55 18.36 18.14 17.92 17.67 17.42 17.17 17.47 17.80 18.15 18.52 18.83 18.90 18.95 19.07 19.16 19.37 19.65 19.91 20.21 20.54 21.03 21.58 22.13 22.56 22.95 23.01 23.16 23.33 23.33 23.40 23.31 23.15 22.97 22.67 22.52 22.23 21.94 21.64 21.32 21.07 21.02 20.82 20.62 20.65 20.84 21.08 21.34 21.58 21.56 21.46 21.41 21.26 21.07 20.99 20.86 20.77 20.69 20.61 20.49 20.37 20.32 20.22 20.13 20.09 20.09 20.13 20.12 20.23 20.42 20.35 20.40 20.54 20.69
19.06 18.96 18.97 18.78 18.57 18.34 18.09 17.84 17.60 17.65 17.70 17.94 18.24 18.54 18.75 18.87 18.94 19.04 19.17 19.34 19.63 19.90 20.20 20.56 21.05 21.56 22.05 22.40 22.72 22.91 22.98 23.28 23.30 23.41 23.33 23.10 22.94 22.73 22.54 22.26 22.02 21.73 21.43 21.18 20.98 20.86 20.83 20.86 20.99 21.20 21.42 21.58 21.63 21.56 21.47 21.30 21.23 21.09 21.01 20.92 20.85 20.83 20.73 20.62 20.60 20.50 20.43 20.40 20.41 20.47 20.48 20.60 20.81 20.71 20.76 20.89 21.03
19.35 19.58 19.42 19.05 18.82 18.57 18.31 18.06 18.09 17.96 17.97 18.11 18.32 18.55 18.68 18.85 18.97 19.01 19.27 19.46 19.65 19.92 20.21 20.58 21.05 21.49 21.95 22.17 22.45 22.70 22.83 23.18 23.25 23.32 23.28 23.15 23.00 22.80 22.57 22.38 22.13 21.85 21.56 21.32 21.11 21.01 21.03 21.06 21.07 21.28 21.44 21.56 21.64 21.60 21.46 21.39 21.30 21.07 20.97 21.08 20.96 20.98 20.89 20.72 20.62 20.72 20.66 20.65 20.68 20.68 20.80 20.72 21.15 21.03 21.09 21.21 21.33
20.00 19.88 19.70 19.49 19.23 18.96 18.54 18.55 18.34 18.21 18.18 18.25 18.39 18.53 18.69 18.83 18.98 19.22 19.34 19.53 19.90 19.96 20.23 20.55 20.89 21.34 21.80 22.11 22.19 22.47 22.76 23.00 23.11 23.29 23.28 23.18 23.06 22.89 22.68 22.50 22.27 22.00 21.71 21.48 21.39 21.16 21.09 21.06 21.14 21.52 21.46 21.57 21.63 21.64 21.57 21.53 21.37 21.20 21.09 21.17 21.07 20.98 21.01 20.78 20.70 20.85 20.81 20.82 20.49 20.59 20.73 20.98 21.13 21.32 21.44 21.50 21.60
20.32 20.17 19.98 19.74 19.46 19.18 18.89 18.63 18.54 18.40 18.21 18.24 18.40 18.53 18.67 18.83 19.09 19.26 19.45 19.78 19.98 20.21 20.47 20.51 20.80 21.19 21.47 21.88 22.00 22.36 22.57 22.86 23.01 23.23 23.26 23.19 23.11 22.97 22.79 22.56 22.41 22.15 21.87 21.63 21.53 21.38 21.20 21.14 21.17 21.28 21.39 21.57 21.63 21.58 21.59 21.58 21.40 21.20 21.08 20.96 21.08 20.98 20.56 20.47 20.70 20.65 20.49 20.52 20.60 20.73 21.00 21.34 21.51 21.59 21.72 21.81 21.84
20.65 20.47 20.24 19.96 19.66 19.36 19.06 18.79 18.44 18.39 18.30 18.28 18.56 18.66 18.80 18.93 19.10 19.28 19.73 19.93 20.02 20.23 20.46 20.74 20.78 21.03 21.26 21.48 21.53 21.95 22.34 22.62 22.89 23.14 23.27 23.20 23.16 23.06 22.90 22.69 22.62 22.35 22.09 21.74 21.63 21.29 21.33 21.17 21.20 21.28 21.36 21.37 21.52 21.56 21.58 21.48 21.42 21.17 21.03 20.90 20.61 20.56 20.44 20.35 20.29 20.11 20.28 20.34 20.46 20.62 21.13 21.34 21.54 21.73 21.86 21.90 21.96
