data/Validacao/F021015.grd
DSAA
94	94
0.0000	100.0000
0.0000	100.0000
-0.0435	6.3069
[rows 38 to 75 of 94, columns 0 to 83 of 94]
2.40 2.41 2.41 2.42 2.41 2.40 2.38 2.36 2.33 2.31 2.28 2.24 2.21 2.18 2.14 2.11 2.08 2.05 2.01 1.95 1.86 1.76 1.67 1.58 1.50 1.44 1.43 1.40 1.40 1.42 1.45 1.51 1.57 1.65 1.72 1.83 1.94 2.05 2.14 2.23 2.30 2.35 2.42 2.48 2.53 2.59 2.63 2.66 2.69 2.76 2.75 2.75 2.75 2.76 2.78 2.80 2.85 2.87 2.88 2.91 2.93 2.96 3.01 3.06 3.12 3.14 3.20 3.25 3.33 3.37 3.42 3.48 3.54 3.60 3.65 3.67 3.66 3.65 3.63 3.63 3.62 3.63 3.64 3.65
2.43 2.44 2.44 2.44 2.42 2.41 2.38 2.35 2.32 2.29 2.25 2.21 2.17 2.13 2.08 2.04 1.99 1.94 1.89 1.81 1.72 1.62 1.53 1.44 1.35 1.28 1.26 1.23 1.23 1.24 1.28 1.33 1.41 1.50 1.59 1.69 1.80 1.91 2.02 2.12 2.17 2.24 2.31 2.38 2.44 2.50 2.55 2.58 2.61 2.64 2.69 2.68 2.68 2.70 2.71 2.73 2.77 2.79 2.81 2.85 2.88 2.92 2.97 3.02 3.06 3.11 3.18 3.23 3.30 3.36 3.42 3.47 3.53 3.58 3.62 3.65 3.65 3.63 3.63 3.62 3.61 3.61 3.55 3.57
2.47 2.48 2.47 2.46 2.44 2.42 2.39 2.36 2.32 2.28 2.24 2.18 2.13 2.08 2.03 1.98 1.92 1.85 1.77 1.69 1.60 1.50 1.39 1.29 1.20 1.12 1.09 1.05 1.04 1.06 1.11 1.17 1.25 1.35 1.46 1.58 1.68 1.80 1.89 1.99 2.06 2.14 2.22 2.29 2.35 2.41 2.46 2.50 2.53 2.57 2.59 2.62 2.63 2.63 2.66 2.68 2.70 2.72 2.74 2.77 2.82 2.86 2.92 2.96 3.02 3.08 3.16 3.22 3.28 3.34 3.40 3.46 3.52 3.56 3.60 3.62 3.62 3.62 3.61 3.60 3.60 3.60 3.52 3.56
2.52 2.52 2.51 2.49 2.47 2.44 2.40 2.36 2.31 2.27 2.22 2.17 2.10 2.06 1.99 1.92 1.85 1.77 1.68 1.58 1.48 1.38 1.26 1.18 1.08 0.99 0.91 0.88 0.86 0.88 0.93 1.00 1.10 1.22 1.33 1.45 1.58 1.68 1.77 1.88 1.97 2.05 2.13 2.20 2.28 2.34 2.39 2.43 2.46 2.50 2.52 2.56 2.56 2.58 2.59 2.60 2.62 2.63 2.67 2.70 2.76 2.81 2.85 2.92 2.98 3.04 3.12 3.18 3.25 3.32 3.38 3.44 3.51 3.56 3.60 3.59 3.60 3.59 3.59 3.58 3.51 3.51 3.51 3.53
2.57 2.57 2.55 2.53 2.50 2.46 2.41 2.37 2.31 2.26 2.20 2.15 2.09 2.02 1.96 1.88 1.80 1.70 1.61 1.50 1.39 1.29 1.17 1.05 0.94 0.83 0.74 0.69 0.69 0.70 0.77 0.85 0.96 1.08 1.21 1.34 1.48 1.58 1.68 1.79 1.90 1.99 2.07 2.14 2.22 2.28 2.34 2.38 2.41 2.44 2.46 2.50 2.51 2.51 2.52 2.53 2.54 2.56 2.59 2.63 2.69 2.74 2.79 2.85 2.91 2.98 3.07 3.14 3.22 3.29 3.35 3.42 3.48 3.53 3.57 3.56 3.57 3.57 3.57 3.50 3.49 3.48 3.48 3.50
2.64 2.62 2.60 2.57 2.53 2.49 2.44 2.38 2.32 2.26 2.20 2.13 2.07 2.00 1.93 1.85 1.76 1.66 1.58 1.47 1.35 1.21 1.07 0.93 0.80 0.68 0.58 0.52 0.50 0.53 0.60 0.71 0.83 0.97 1.12 1.26 1.40 1.50 1.62 1.72 1.83 1.93 2.02 2.11 2.16 2.26 2.32 2.36 2.37 2.43 2.45 2.47 2.47 2.45 2.44 2.45 2.46 2.49 2.53 2.57 2.62 2.67 2.73 2.79 2.87 2.94 3.01 3.09 3.18 3.25 3.32 3.39 3.47 3.51 3.55 3.55 3.56 3.56 3.48 3.47 3.47 3.46 3.45 3.46
2.70 2.69 2.67 2.62 2.58 2.53 2.47 2.40 2.33 2.26 2.19 2.13 2.07 1.99 1.91 1.82 1.73 1.66 1.55 1.42 1.29 1.15 1.00 0.86 0.71 0.55 0.44 0.34 0.31 0.35 0.45 0.58 0.73 0.89 1.04 1.19 1.31 1.44 1.57 1.67 1.78 1.89 1.98 2.07 2.15 2.22 2.28 2.32 2.36 2.38 2.40 2.41 2.41 2.40 2.36 2.37 2.38 2.41 2.45 2.50 2.55 2.61 2.67 2.74 2.81 2.89 2.97 3.06 3.14 3.22 3.31 3.36 3.45 3.50 3.54 3.54 3.56 3.48 3.49 3.47 3.46 3.44 3.42 3.42
2.77 2.75 2.74 2.70 2.65 2.57 2.51 2.43 2.35 2.27 2.20 2.14 2.07 2.00 1.92 1.83 1.75 1.65 1.53 1.40 1.27 1.12 0.96 0.80 0.63 0.47 0.31 0.18 0.13 0.20 0.33 0.49 0.66 0.83 0.99 1.13 1.27 1.40 1.53 1.65 1.75 1.85 1.95 2.04 2.12 2.19 2.25 2.29 2.32 2.34 2.35 2.36 2.35 2.34 2.33 2.30 2.30 2.33 2.38 2.43 2.48 2.55 2.61 2.68 2.76 2.84 2.93 3.02 3.11 3.21 3.29 3.36 3.42 3.47 3.55 3.56 3.50 3.51 3.50 3.48 3.46 3.43 3.40 3.38
2.84 2.85 2.81 2.77 2.71 2.65 2.57 2.48 2.39 2.29 2.22 2.16 2.10 2.04 1.96 1.87 1.77 1.66 1.54 1.41 1.27 1.12 0.95 0.78 0.61 0.42 0.24 0.06 -0.04 0.08 0.26 0.44 0.62 0.80 0.97 1.11 1.25 1.39 1.51 1.63 1.74 1.84 1.93 2.02 2.10 2.17 2.23 2.27 2.29 2.30 2.30 2.30 2.28 2.26 2.26 2.26 2.22 2.28 2.32 2.35 2.41 2.49 2.56 2.63 2.70 2.79 2.89 2.99 3.10 3.19 3.29 3.37 3.43 3.48 3.56 3.52 3.53 3.53 3.53 3.51 3.48 3.44 3.40 3.36
2.96 2.93 2.90 2.85 2.79 2.72 2.63 2.55 2.45 2.35 2.28 2.22 2.15 2.08 2.00 1.91 1.81 1.70 1.58 1.44 1.30 1.15 0.98 0.80 0.63 0.45 0.26 0.08 -0.03 0.10 0.28 0.46 0.64 0.82 0.97 1.12 1.26 1.40 1.52 1.64 1.74 1.84 1.93 2.01 2.09 2.15 2.21 2.24 2.25 2.26 2.25 2.25 2.22 2.20 2.18 2.15 2.17 2.21 2.25 2.30 2.36 2.42 2.50 2.58 2.66 2.75 2.86 2.98 3.09 3.19 3.29 3.38 3.38 3.44 3.51 3.57 3.59 3.59 3.58 3.56 3.53 3.49 3.45 3.40
3.03 2.99 2.96 2.91 2.85 2.78 2.70 2.61 2.52 2.44 2.36 2.29 2.21 2.14 2.05 1.96 1.86 1.75 1.63 1.50 1.36 1.21 1.04 0.87 0.70 0.53 0.37 0.24 0.18 0.25 0.38 0.54 0.71 0.86 1.02 1.16 1.30 1.43 1.55 1.66 1.76 1.85 1.93 2.01 2.08 2.14 2.18 2.21 2.22 2.22 2.21 2.20 2.16 2.10 2.08 2.08 2.11 2.14 2.18 2.24 2.31 2.36 2.45 2.54 2.63 2.74 2.85 2.97 3.09 3.20 3.23 3.33 3.41 3.50 3.56 3.64 3.64 3.65 3.64 3.63 3.60 3.57 3.54 3.52
3.09 3.07 3.04 2.99 2.93 2.86 2.78 2.71 2.62 2.53 2.44 2.37 2.29 2.21 2.13 2.04 1.94 1.83 1.71 1.58 1.44 1.29 1.14 0.98 0.82 0.67 0.54 0.45 0.40 0.43 0.53 0.67 0.81 0.95 1.09 1.23 1.36 1.48 1.60 1.70 1.79 1.88 1.95 2.03 2.09 2.13 2.17 2.18 2.19 2.18 2.17 2.15 2.11 2.04 2.02 2.01 2.04 2.07 2.12 2.18 2.25 2.33 2.41 2.50 2.61 2.72 2.84 2.97 3.09 3.13 3.25 3.36 3.47 3.55 3.62 3.70 3.74 3.73 3.73 3.72 3.70 3.67 3.65 3.65
3.17 3.15 3.12 3.07 3.01 2.96 2.88 2.80 2.71 2.62 2.54 2.46 2.38 2.30 2.21 2.13 2.03 1.93 1.81 1.69 1.55 1.41 1.26 1.11 0.97 0.83 0.72 0.65 0.62 0.64 0.71 0.82 0.95 1.07 1.19 1.32 1.44 1.55 1.66 1.76 1.84 1.92 1.99 2.05 2.10 2.14 2.16 2.17 2.17 2.15 2.14 2.11 2.02 1.98 1.95 1.95 1.97 2.00 2.05 2.12 2.20 2.29 2.39 2.47 2.59 2.71 2.84 2.97 3.03 3.16 3.28 3.41 3.52 3.62 3.70 3.78 3.83 3.86 3.82 3.82 3.81 3.79 3.78 3.78
3.25 3.24 3.21 3.19 3.12 3.05 2.99 2.90 2.80 2.71 2.63 2.55 2.47 2.39 2.31 2.23 2.14 2.04 1.93 1.81 1.68 1.55 1.40 1.26 1.13 1.02 0.92 0.87 0.83 0.85 0.91 0.99 1.10 1.21 1.32 1.44 1.55 1.66 1.75 1.83 1.91 1.97 2.03 2.09 2.13 2.15 2.17 2.17 2.16 2.14 2.11 2.07 1.97 1.93 1.89 1.88 1.89 1.93 1.98 2.06 2.15 2.26 2.36 2.47 2.59 2.71 2.77 2.90 3.04 3.18 3.35 3.46 3.59 3.71 3.80 3.88 3.93 3.96 3.98 3.90 3.93 3.92 3.91 3.92
3.42 3.40 3.39 3.33 3.26 3.18 3.06 2.98 2.89 2.81 2.72 2.64 2.57 2.49 2.41 2.34 2.25 2.16 2.06 1.95 1.83 1.70 1.56 1.43 1.31 1.21 1.13 1.06 1.04 1.05 1.10 1.17 1.27 1.37 1.47 1.57 1.67 1.77 1.85 1.93 1.99 2.05 2.09 2.13 2.16 2.18 2.19 2.18 2.17 2.14 2.10 2.05 1.94 1.88 1.84 1.81 1.82 1.86 1.92 2.01 2.11 2.22 2.34 2.46 2.58 2.70 2.77 2.91 3.06 3.24 3.39 3.52 3.67 3.81 3.92 4.00 4.05 4.08 4.01 4.02 4.01 4.01 4.05 4.05
3.50 3.51 3.47 3.41 3.34 3.26 3.14 3.06 2.97 2.89 2.81 2.73 2.66 2.59 2.52 2.45 2.38 2.30 2.21 2.11 1.99 1.86 1.73 1.61 1.49 1.40 1.32 1.27 1.25 1.26 1.30 1.37 1.45 1.54 1.63 1.72 1.81 1.89 1.97 2.04 2.09 2.13 2.16 2.20 2.21 2.22 2.23 2.21 2.19 2.15 2.12 2.03 1.91 1.84 1.78 1.75 1.75 1.79 1.86 1.96 2.07 2.20 2.32 2.45 2.58 2.70 2.84 2.92 3.10 3.27 3.43 3.61 3.78 3.92 4.05 4.14 4.19 4.16 4.15 4.14 4.15 4.15 4.18 4.19
3.59 3.57 3.52 3.45 3.38 3.30 3.22 3.14 3.04 2.96 2.89 2.82 2.75 2.68 2.62 2.56 2.51 2.45 2.37 2.28 2.16 2.03 1.90 1.78 1.68 1.59 1.52 1.47 1.45 1.46 1.50 1.55 1.63 1.71 1.79 1.87 1.96 2.04 2.10 2.15 2.20 2.23 2.25 2.27 2.28 2.28 2.28 2.26 2.22 2.22 2.13 2.03 1.94 1.81 1.73 1.68 1.67 1.73 1.82 1.93 2.05 2.19 2.31 2.45 2.59 2.70 2.86 2.94 3.12 3.28 3.47 3.66 3.86 4.03 4.19 4.29 4.33 4.29 4.29 4.29 4.27 4.27 4.32 4.30
3.66 3.63 3.57 3.50 3.43 3.35 3.27 3.19 3.11 3.05 2.96 2.90 2.83 2.77 2.72 2.67 2.63 2.58 2.54 2.45 2.32 2.18 2.06 1.94 1.85 1.77 1.71 1.68 1.64 1.66 1.69 1.74 1.81 1.88 1.95 2.04 2.12 2.20 2.25 2.28 2.30 2.33 2.34 2.35 2.35 2.34 2.32 2.32 2.33 2.24 2.15 2.06 1.96 1.81 1.71 1.63 1.60 1.69 1.80 1.93 2.06 2.20 2.33 2.46 2.60 2.73 2.82 2.98 3.14 3.30 3.49 3.71 3.94 4.16 4.34 4.44 4.42 4.42 4.42 4.42 4.42 4.42 4.42 4.44
3.71 3.67 3.60 3.53 3.46 3.39 3.31 3.25 3.17 3.10 3.03 2.97 2.91 2.86 2.81 2.77 2.73 2.70 2.67 2.59 2.46 2.33 2.21 2.10 2.01 1.93 1.88 1.84 1.81 1.85 1.88 1.92 1.98 2.04 2.11 2.19 2.27 2.35 2.38 2.40 2.41 2.42 2.44 2.44 2.43 2.42 2.39 2.46 2.37 2.29 2.20 2.10 1.99 1.83 1.73 1.63 1.59 1.70 1.82 1.97 2.10 2.23 2.36 2.49 2.62 2.76 2.83 2.99 3.15 3.32 3.50 3.76 3.99 4.23 4.46 4.51 4.52 4.53 4.54 4.54 4.56 4.57 4.58 4.58
3.67 3.65 3.61 3.55 3.48 3.41 3.36 3.29 3.22 3.15 3.09 3.03 2.98 2.93 2.88 2.85 2.81 2.78 2.73 2.66 2.56 2.45 2.34 2.25 2.15 2.09 2.04 2.01 1.99 2.02 2.04 2.08 2.14 2.21 2.27 2.34 2.40 2.46 2.50 2.51 2.52 2.52 2.52 2.54 2.53 2.50 2.48 2.52 2.44 2.34 2.25 2.16 2.05 1.95 1.80 1.73 1.72 1.78 1.89 2.02 2.14 2.28 2.40 2.53 2.66 2.80 2.88 3.04 3.21 3.38 3.57 3.79 4.02 4.22 4.42 4.53 4.59 4.62 4.64 4.67 4.70 4.73 4.75 4.75
3.62 3.62 3.59 3.54 3.49 3.43 3.36 3.31 3.26 3.19 3.14 3.08 3.03 2.99 2.95 2.91 2.87 2.84 2.79 2.72 2.64 2.55 2.44 2.36 2.28 2.24 2.20 2.17 2.16 2.19 2.21 2.25 2.30 2.36 2.42 2.48 2.53 2.57 2.61 2.62 2.63 2.63 2.63 2.65 2.63 2.60 2.57 2.59 2.51 2.42 2.32 2.23 2.14 2.05 1.91 1.86 1.86 1.91 2.00 2.10 2.21 2.33 2.45 2.58 2.71 2.85 2.92 3.09 3.27 3.44 3.63 3.84 4.05 4.24 4.42 4.54 4.63 4.69 4.74 4.80 4.85 4.89 4.91 4.93
3.58 3.58 3.57 3.53 3.48 3.45 3.39 3.35 3.29 3.23 3.17 3.13 3.08 3.04 3.00 2.97 2.93 2.89 2.84 2.78 2.72 2.63 2.57 2.48 2.42 2.38 2.35 2.33 2.32 2.34 2.36 2.39 2.45 2.50 2.55 2.61 2.65 2.69 2.72 2.73 2.74 2.74 2.74 2.73 2.74 2.72 2.69 2.68 2.60 2.50 2.41 2.32 2.24 2.16 2.04 2.00 2.00 2.04 2.11 2.19 2.30 2.41 2.52 2.64 2.77 2.90 2.97 3.13 3.28 3.46 3.66 3.86 4.06 4.26 4.41 4.55 4.66 4.76 4.84 4.92 4.99 5.06 5.08 5.11
3.54 3.55 3.53 3.50 3.47 3.45 3.41 3.36 3.31 3.26 3.21 3.16 3.12 3.09 3.05 3.01 2.98 2.94 2.89 2.84 2.79 2.71 2.65 2.61 2.55 2.51 2.47 2.45 2.48 2.49 2.51 2.55 2.59 2.64 2.69 2.73 2.76 2.80 2.83 2.83 2.84 2.84 2.85 2.84 2.83 2.84 2.81 2.77 2.69 2.60 2.51 2.42 2.36 2.29 2.17 2.14 2.13 2.17 2.22 2.29 2.39 2.49 2.60 2.71 2.83 2.96 3.01 3.18 3.32 3.50 3.68 3.88 4.07 4.26 4.41 4.56 4.69 4.80 4.91 5.01 5.12 5.21 5.25 5.29
3.50 3.50 3.50 3.52 3.49 3.46 3.43 3.37 3.32 3.28 3.23 3.19 3.16 3.13 3.09 3.06 3.03 2.99 2.95 2.90 2.84 2.79 2.74 2.70 2.64 2.61 2.60 2.59 2.60 2.61 2.65 2.69 2.72 2.77 2.82 2.86 2.89 2.92 2.93 2.94 2.95 2.97 2.97 2.96 2.95 2.97 2.92 2.87 2.80 2.71 2.62 2.54 2.47 2.40 2.37 2.32 2.27 2.29 2.34 2.39 2.47 2.57 2.67 2.72 2.82 2.95 3.06 3.22 3.36 3.53 3.71 3.89 4.08 4.26 4.42 4.56 4.70 4.83 4.96 5.09 5.23 5.35 5.41 5.48
3.51 3.51 3.51 3.50 3.48 3.45 3.43 3.38 3.34 3.29 3.25 3.22 3.19 3.16 3.13 3.10 3.07 3.03 3.00 2.95 2.91 2.87 2.83 2.77 2.75 2.73 2.73 2.72 2.72 2.74 2.76 2.80 2.85 2.89 2.93 2.98 3.00 3.03 3.04 3.05 3.06 3.07 3.07 3.07 3.10 3.06 3.05 3.00 2.91 2.82 2.73 2.65 2.58 2.52 2.49 2.46 2.43 2.41 2.44 2.49 2.56 2.65 2.75 2.79 2.90 3.02 3.08 3.23 3.40 3.56 3.73 3.90 4.10 4.26 4.41 4.57 4.71 4.86 5.01 5.16 5.32 5.48 5.58 5.68
3.48 3.48 3.48 3.47 3.46 3.44 3.41 3.38 3.34 3.30 3.27 3.24 3.22 3.20 3.17 3.14 3.12 3.09 3.06 3.02 2.98 2.95 2.92 2.89 2.88 2.85 2.83 2.83 2.84 2.85 2.88 2.92 2.96 3.01 3.04 3.09 3.13 3.14 3.15 3.14 3.16 3.21 3.20 3.19 3.17 3.17 3.16 3.11 3.02 2.95 2.85 2.76 2.69 2.64 2.60 2.57 2.55 2.51 2.53 2.58 2.65 2.73 2.82 2.86 2.97 3.08 3.13 3.27 3.42 3.58 3.74 3.91 4.08 4.25 4.40 4.57 4.72 4.87 5.03 5.21 5.40 5.56 5.74 5.87
3.45 3.46 3.45 3.45 3.44 3.42 3.40 3.37 3.34 3.30 3.28 3.26 3.25 3.23 3.21 3.19 3.17 3.14 3.12 3.09 3.06 3.02 2.99 2.98 2.95 2.94 2.93 2.93 2.94 2.96 3.00 3.03 3.07 3.12 3.15 3.18 3.21 3.24 3.23 3.29 3.28 3.26 3.25 3.24 3.24 3.23 3.26 3.21 3.13 3.04 2.95 2.87 2.79 2.74 2.69 2.66 2.65 2.60 2.62 2.67 2.73 2.80 2.89 2.93 3.03 3.14 3.18 3.31 3.45 3.60 3.76 3.92 4.08 4.25 4.40 4.57 4.71 4.87 5.04 5.22 5.43 5.65 5.87 6.06
3.48 3.43 3.43 3.43 3.42 3.41 3.39 3.37 3.33 3.29 3.29 3.28 3.28 3.27 3.25 3.24 3.22 3.20 3.18 3.15 3.13 3.10 3.06 3.06 3.03 3.03 3.02 3.02 3.03 3.06 3.09 3.13 3.17 3.21 3.23 3.26 3.36 3.32 3.34 3.32 3.31 3.29 3.28 3.28 3.29 3.29 3.35 3.30 3.21 3.11 3.02 2.95 2.88 2.82 2.78 2.73 2.68 2.68 2.70 2.75 2.80 2.87 2.95 2.99 3.09 3.20 3.23 3.34 3.48 3.61 3.76 3.92 4.09 4.25 4.41 4.55 4.72 4.89 5.05 5.22 5.45 5.71 5.97 6.20
3.40 3.41 3.41 3.40 3.40 3.39 3.38 3.36 3.35 3.33 3.32 3.31 3.31 3.30 3.29 3.28 3.27 3.25 3.23 3.21 3.20 3.18 3.17 3.16 3.15 3.14 3.11 3.11 3.12 3.27 3.28 3.30 3.32 3.33 3.34 3.35 3.36 3.37 3.39 3.39 3.34 3.32 3.31 3.31 3.31 3.31 3.35 3.31 3.24 3.15 3.07 3.01 2.94 2.89 2.85 2.81 2.82 2.80 2.77 2.81 2.86 2.92 2.93 3.02 3.13 3.22 3.25 3.36 3.49 3.62 3.80 3.93 4.08 4.23 4.40 4.54 4.74 4.91 5.08 5.27 5.48 5.73 5.96 6.17
3.38 3.38 3.39 3.39 3.38 3.38 3.37 3.38 3.37 3.36 3.35 3.35 3.35 3.35 3.34 3.34 3.32 3.36 3.35 3.29 3.26 3.25 3.24 3.23 3.22 3.22 3.28 3.27 3.27 3.29 3.30 3.31 3.33 3.33 3.34 3.35 3.36 3.37 3.39 3.39 3.39 3.35 3.33 3.32 3.32 3.30 3.32 3.28 3.23 3.17 3.10 3.04 2.99 2.95 2.91 2.87 2.87 2.87 2.83 2.87 2.91 2.97 2.97 3.05 3.15 3.24 3.26 3.37 3.49 3.68 3.79 3.93 4.08 4.24 4.41 4.57 4.76 4.95 5.13 5.32 5.53 5.73 5.93 6.08
3.36 3.36 3.37 3.37 3.37 3.37 3.37 3.37 3.38 3.43 3.42 3.41 3.41 3.40 3.40 3.38 3.39 3.38 3.38 3.39 3.38 3.37 3.38 3.37 3.36 3.31 3.31 3.30 3.30 3.32 3.32 3.33 3.33 3.34 3.35 3.35 3.36 3.37 3.37 3.38 3.38 3.38 3.39 3.32 3.31 3.28 3.25 3.27 3.22 3.16 3.11 3.06 3.02 2.98 2.96 2.93 2.92 2.92 2.94 2.91 2.96 2.95 3.01 3.08 3.16 3.25 3.27 3.38 3.56 3.66 3.78 3.92 4.08 4.24 4.42 4.60 4.80 5.00 5.17 5.37 5.56 5.73 5.88 5.99
3.58 3.57 3.56 3.54 3.53 3.37 3.38 3.50 3.49 3.48 3.47 3.46 3.45 3.44 3.44 3.43 3.42 3.41 3.41 3.41 3.40 3.40 3.41 3.40 3.39 3.37 3.34 3.33 3.33 3.34 3.34 3.34 3.34 3.34 3.35 3.35 3.36 3.36 3.36 3.37 3.36 3.36 3.36 3.37 3.29 3.26 3.21 3.24 3.20 3.15 3.11 3.06 3.03 3.00 2.98 2.96 2.94 2.95 2.98 3.01 3.03 2.98 3.04 3.11 3.18 3.20 3.27 3.37 3.54 3.64 3.76 3.90 4.06 4.24 4.43 4.63 4.84 5.02 5.22 5.40 5.58 5.73 5.82 5.90
3.57 3.56 3.56 3.55 3.54 3.56 3.55 3.54 3.53 3.52 3.51 3.50 3.50 3.49 3.48 3.47 3.46 3.47 3.46 3.45 3.44 3.44 3.44 3.43 3.42 3.41 3.40 3.38 3.38 3.37 3.35 3.35 3.35 3.35 3.35 3.35 3.36 3.35 3.34 3.34 3.34 3.33 3.33 3.32 3.32 3.22 3.18 3.20 3.17 3.13 3.09 3.05 3.03 3.01 2.99 2.98 2.95 2.97 3.00 3.03 3.07 3.01 3.07 3.13 3.20 3.26 3.27 3.37 3.52 3.61 3.73 3.87 4.03 4.22 4.43 4.64 4.86 5.06 5.26 5.44 5.59 5.72 5.79 5.84
3.56 3.56 3.55 3.55 3.59 3.59 3.58 3.58 3.57 3.57 3.56 3.55 3.54 3.53 3.52 3.51 3.51 3.50 3.49 3.48 3.48 3.47 3.47 3.46 3.45 3.44 3.43 3.42 3.42 3.41 3.37 3.36 3.35 3.35 3.35 3.34 3.35 3.34 3.33 3.31 3.30 3.29 3.28 3.27 3.26 3.25 3.13 3.16 3.13 3.10 3.07 3.04 3.02 3.00 2.99 2.98 2.97 2.99 3.01 3.04 3.08 3.06 3.09 3.15 3.21 3.24 3.28 3.36 3.49 3.57 3.68 3.83 4.00 4.21 4.42 4.65 4.88 5.10 5.30 5.48 5.62 5.72 5.76 5.78
3.55 3.55 3.56 3.60 3.61 3.61 3.62 3.62 3.62 3.61 3.61 3.60 3.59 3.58 3.57 3.57 3.55 3.54 3.53 3.52 3.51 3.51 3.51 3.50 3.49 3.48 3.45 3.45 3.45 3.41 3.39 3.37 3.35 3.34 3.34 3.34 3.33 3.32 3.30 3.28 3.26 3.24 3.23 3.21 3.20 3.18 3.08 3.08 3.07 3.06 3.03 3.01 2.99 2.98 2.97 2.97 2.97 2.99 3.02 3.04 3.01 3.07 3.13 3.17 3.23 3.26 3.29 3.35 3.44 3.52 3.63 3.78 3.97 4.18 4.40 4.65 4.89 5.12 5.33 5.51 5.64 5.73 5.74 5.74
3.54 3.55 3.60 3.62 3.63 3.64 3.65 3.66 3.66 3.66 3.66 3.65 3.64 3.63 3.62 3.62 3.60 3.58 3.57 3.56 3.55 3.55 3.55 3.54 3.53 3.53 3.52 3.48 3.47 3.43 3.40 3.37 3.35 3.33 3.32 3.32 3.31 3.30 3.28 3.24 3.21 3.18 3.15 3.14 3.12 3.10 3.10 3.02 3.02 3.01 2.99 2.98 2.96 2.95 2.95 2.93 2.95 2.97 3.01 2.96 3.02 3.07 3.14 3.20 3.28 3.28 3.33 3.38 3.41 3.47 3.57 3.74 3.93 4.15 4.38 4.63 4.89 5.14 5.38 5.57 5.67 5.71 5.72 5.70
3.53 3.59 3.61 3.63 3.65 3.67 3.69 3.70 3.71 3.71 3.71 3.71 3.70 3.69 3.68 3.66 3.66 3.63 3.61 3.60 3.60 3.59 3.60 3.59 3.57 3.56 3.55 3.50 3.50 3.45 3.42 3.38 3.34 3.31 3.30 3.29 3.28 3.28 3.24 3.19 3.15 3.11 3.08 3.05 3.03 3.01 3.02 3.01 3.01 3.01 2.94 2.93 2.97 2.92 2.97 2.96 2.97 3.00 3.04 3.08 3.05 3.11 3.13 3.20 3.30 3.31 3.34 3.37 3.39 3.42 3.51 3.70 3.90 4.11 4.36 4.61 4.87 5.14 5.42 5.64 5.70 5.71 5.69 5.65
3.57 3.59 3.62 3.65 3.68 3.71 3.73 3.74 3.75 3.76 3.76 3.77 3.77 3.76 3.75 3.73 3.71 3.69 3.67 3.66 3.65 3.65 3.66 3.65 3.63 3.61 3.59 3.58 3.51 3.47 3.42 3.37 3.33 3.29 3.27 3.25 3.24 3.20 3.18 3.13 3.08 3.04 3.00 2.97 2.94 2.91 2.91 2.95 2.96 2.92 2.98 3.00 3.01 2.96 2.96 2.96 2.98 3.01 3.05 3.08 3.07 3.12 3.23 3.28 3.32 3.39 3.40 3.38 3.40 3.44 3.51 3.68 3.89 4.11 4.32 4.57 4.85 5.11 5.37 5.58 5.67 5.67 5.65 5.61
