data/Validacao/F021015.grd
DSAA
94	94
0.0000	100.0000
0.0000	100.0000
-0.0435	6.3069
[rows 0 to 37 of 94, columns 0 to 83 of 94]
2.41 2.47 2.53 2.60 2.67 2.74 2.81 2.88 2.94 2.99 3.04 3.09 3.13 3.16 3.19 3.21 3.24 3.28 3.28 3.30 3.34 3.40 3.42 3.44 3.45 3.46 3.46 3.53 3.51 3.49 3.47 3.45 3.42 3.40 3.37 3.34 3.31 3.30 3.30 3.30 3.32 3.33 3.34 3.36 3.38 3.40 3.44 3.46 3.61 3.65 3.64 3.68 3.73 3.78 3.83 3.86 3.95 4.09 4.24 4.38 4.51 4.63 4.75 4.85 4.94 5.03 5.10 5.19 5.27 5.31 5.38 5.43 5.50 5.57 5.62 5.55 5.39 5.27 5.11 4.96 4.80 4.66 4.51 4.37
2.46 2.51 2.57 2.64 2.71 2.79 2.86 2.92 2.99 3.05 3.10 3.14 3.18 3.22 3.25 3.28 3.30 3.34 3.35 3.38 3.41 3.46 3.48 3.50 3.51 3.51 3.51 3.56 3.54 3.52 3.50 3.48 3.45 3.43 3.40 3.38 3.35 3.33 3.32 3.32 3.33 3.35 3.36 3.38 3.40 3.42 3.46 3.49 3.62 3.62 3.66 3.71 3.75 3.81 3.85 3.92 4.02 4.15 4.27 4.42 4.55 4.67 4.78 4.87 4.96 5.06 5.11 5.18 5.25 5.30 5.36 5.41 5.46 5.51 5.53 5.48 5.36 5.22 5.07 4.91 4.76 4.62 4.47 4.33
2.51 2.56 2.62 2.69 2.77 2.84 2.91 2.98 3.04 3.10 3.16 3.20 3.24 3.28 3.31 3.34 3.37 3.40 3.43 3.46 3.49 3.52 3.55 3.56 3.57 3.57 3.58 3.60 3.58 3.56 3.53 3.51 3.48 3.47 3.44 3.42 3.40 3.36 3.35 3.35 3.36 3.37 3.39 3.41 3.43 3.47 3.50 3.52 3.57 3.65 3.69 3.73 3.79 3.85 3.91 3.99 4.09 4.22 4.35 4.48 4.60 4.71 4.81 4.90 4.99 5.06 5.12 5.16 5.21 5.26 5.31 5.35 5.39 5.41 5.41 5.36 5.26 5.13 4.99 4.85 4.70 4.56 4.42 4.28
2.57 2.62 2.68 2.75 2.82 2.90 2.97 3.04 3.11 3.17 3.22 3.26 3.30 3.34 3.38 3.41 3.44 3.47 3.51 3.54 3.57 3.60 3.62 3.63 3.64 3.65 3.64 3.62 3.62 3.59 3.56 3.54 3.52 3.51 3.49 3.47 3.45 3.43 3.39 3.39 3.39 3.40 3.43 3.45 3.48 3.50 3.53 3.56 3.59 3.63 3.72 3.77 3.82 3.89 3.97 4.06 4.17 4.29 4.42 4.55 4.66 4.76 4.85 4.93 4.99 5.04 5.10 5.14 5.17 5.21 5.24 5.27 5.29 5.29 5.27 5.22 5.13 5.02 4.89 4.76 4.62 4.49 4.35 4.22
2.62 2.67 2.73 2.80 2.88 2.95 3.03 3.10 3.17 3.23 3.28 3.33 3.37 3.40 3.44 3.47 3.51 3.55 3.58 3.62 3.65 3.68 3.70 3.71 3.72 3.71 3.69 3.66 3.66 3.62 3.60 3.58 3.56 3.55 3.54 3.52 3.50 3.49 3.43 3.42 3.43 3.43 3.47 3.49 3.51 3.53 3.55 3.58 3.63 3.67 3.71 3.80 3.86 3.94 4.02 4.12 4.23 4.35 4.49 4.61 4.73 4.81 4.89 4.95 4.99 5.02 5.06 5.09 5.11 5.14 5.16 5.18 5.18 5.16 5.13 5.08 5.00 4.90 4.78 4.66 4.53 4.40 4.27 4.14
2.67 2.72 2.79 2.86 2.93 3.01 3.09 3.17 3.23 3.30 3.35 3.39 3.42 3.46 3.49 3.53 3.57 3.61 3.66 3.69 3.73 3.76 3.78 3.80 3.79 3.77 3.74 3.71 3.70 3.66 3.63 3.61 3.59 3.60 3.58 3.57 3.55 3.54 3.47 3.47 3.47 3.47 3.51 3.53 3.54 3.56 3.58 3.63 3.67 3.71 3.76 3.81 3.90 3.97 4.06 4.16 4.28 4.41 4.55 4.68 4.80 4.88 4.93 4.96 4.98 4.99 5.01 5.02 5.04 5.05 5.06 5.06 5.05 5.03 4.99 4.94 4.86 4.77 4.67 4.55 4.43 4.31 4.19 4.06
2.71 2.77 2.83 2.91 2.98 3.06 3.15 3.23 3.30 3.36 3.41 3.45 3.47 3.50 3.53 3.58 3.62 3.67 3.72 3.76 3.80 3.83 3.87 3.87 3.86 3.83 3.80 3.76 3.72 3.69 3.67 3.64 3.64 3.63 3.63 3.62 3.60 3.59 3.51 3.51 3.51 3.53 3.55 3.57 3.58 3.59 3.62 3.67 3.71 3.75 3.80 3.85 3.91 4.00 4.09 4.19 4.32 4.46 4.61 4.75 4.88 4.95 4.97 4.97 4.96 4.95 4.94 4.94 4.95 4.95 4.95 4.94 4.92 4.89 4.85 4.80 4.73 4.64 4.54 4.43 4.32 4.21 4.09 3.98
2.76 2.81 2.87 2.95 3.03 3.11 3.20 3.28 3.36 3.43 3.47 3.50 3.52 3.53 3.56 3.61 3.66 3.72 3.78 3.83 3.87 3.92 3.93 3.94 3.93 3.88 3.84 3.79 3.75 3.72 3.70 3.67 3.67 3.66 3.67 3.66 3.66 3.64 3.63 3.56 3.57 3.57 3.59 3.61 3.62 3.63 3.65 3.71 3.75 3.79 3.85 3.90 3.95 4.01 4.11 4.21 4.33 4.49 4.66 4.83 4.96 5.02 5.03 4.97 4.93 4.89 4.86 4.85 4.86 4.86 4.83 4.81 4.79 4.76 4.71 4.66 4.59 4.50 4.41 4.31 4.21 4.10 3.99 3.90
2.79 2.84 2.91 2.98 3.06 3.15 3.24 3.33 3.42 3.50 3.54 3.55 3.55 3.55 3.58 3.63 3.69 3.76 3.83 3.88 3.93 3.96 3.99 4.01 3.98 3.94 3.88 3.82 3.77 3.74 3.71 3.71 3.70 3.69 3.71 3.71 3.69 3.69 3.68 3.62 3.61 3.63 3.64 3.65 3.66 3.67 3.68 3.74 3.78 3.84 3.89 3.94 3.99 4.04 4.09 4.16 4.32 4.51 4.70 4.89 5.04 5.10 5.06 4.96 4.87 4.80 4.76 4.77 4.75 4.74 4.71 4.68 4.65 4.62 4.57 4.51 4.45 4.37 4.29 4.19 4.10 3.99 3.90 3.79
2.81 2.87 2.93 3.00 3.09 3.17 3.27 3.36 3.47 3.56 3.59 3.58 3.57 3.56 3.57 3.63 3.71 3.78 3.87 3.93 3.96 3.99 4.03 4.06 4.03 3.96 3.90 3.83 3.78 3.75 3.73 3.73 3.72 3.74 3.74 3.75 3.74 3.74 3.73 3.66 3.66 3.68 3.70 3.70 3.71 3.72 3.72 3.78 3.83 3.89 3.94 3.99 4.03 4.07 4.11 4.17 4.30 4.49 4.70 4.91 5.12 5.16 5.05 4.93 4.79 4.68 4.67 4.65 4.63 4.61 4.58 4.54 4.51 4.47 4.43 4.37 4.31 4.24 4.16 4.07 3.99 3.89 3.79 3.69
2.83 2.88 2.95 3.02 3.10 3.18 3.27 3.37 3.47 3.56 3.59 3.59 3.58 3.58 3.59 3.65 3.72 3.81 3.88 3.92 3.96 3.98 4.02 4.04 4.01 3.95 3.90 3.83 3.78 3.76 3.74 3.74 3.74 3.76 3.77 3.78 3.78 3.80 3.79 3.79 3.73 3.73 3.76 3.76 3.77 3.78 3.79 3.84 3.89 3.94 3.98 4.03 4.06 4.10 4.14 4.19 4.28 4.43 4.65 4.84 5.02 5.05 4.95 4.84 4.72 4.62 4.56 4.53 4.51 4.48 4.44 4.42 4.37 4.33 4.28 4.23 4.17 4.10 4.03 3.96 3.87 3.79 3.70 3.63
2.84 2.89 2.95 3.02 3.10 3.18 3.26 3.35 3.44 3.51 3.55 3.57 3.58 3.59 3.62 3.66 3.73 3.79 3.84 3.89 3.92 3.95 3.98 3.98 3.96 3.92 3.87 3.82 3.76 3.75 3.76 3.75 3.75 3.78 3.79 3.79 3.81 3.83 3.85 3.84 3.78 3.79 3.82 3.83 3.84 3.86 3.90 3.92 3.96 4.00 4.03 4.06 4.09 4.13 4.16 4.21 4.30 4.42 4.55 4.67 4.82 4.84 4.79 4.70 4.61 4.52 4.45 4.41 4.38 4.33 4.30 4.27 4.23 4.19 4.14 4.09 4.03 3.97 3.91 3.84 3.77 3.69 3.63 3.55
2.84 2.89 2.95 3.01 3.08 3.16 3.24 3.32 3.39 3.46 3.51 3.54 3.57 3.59 3.64 3.67 3.72 3.76 3.81 3.84 3.87 3.89 3.91 3.92 3.89 3.86 3.82 3.79 3.73 3.76 3.75 3.76 3.75 3.79 3.79 3.81 3.84 3.87 3.89 3.90 3.92 3.85 3.88 3.89 3.92 3.94 3.96 4.02 4.04 4.06 4.08 4.10 4.12 4.14 4.17 4.22 4.29 4.37 4.46 4.54 4.58 4.64 4.61 4.54 4.47 4.39 4.33 4.28 4.24 4.19 4.16 4.13 4.08 4.04 4.00 3.95 3.90 3.85 3.79 3.73 3.67 3.61 3.54 3.48
2.85 2.89 2.94 2.99 3.06 3.13 3.20 3.28 3.34 3.41 3.46 3.50 3.54 3.60 3.63 3.66 3.69 3.73 3.76 3.78 3.80 3.82 3.84 3.84 3.83 3.80 3.77 3.74 3.69 3.73 3.73 3.74 3.75 3.79 3.80 3.83 3.86 3.90 3.92 3.94 3.97 3.91 3.94 3.97 3.99 4.02 4.04 4.10 4.11 4.11 4.13 4.13 4.14 4.15 4.17 4.20 4.25 4.31 4.36 4.41 4.42 4.40 4.42 4.37 4.31 4.24 4.19 4.14 4.09 4.05 4.02 3.98 3.93 3.90 3.86 3.82 3.78 3.73 3.68 3.62 3.57 3.52 3.47 3.42
2.83 2.87 2.92 2.97 3.02 3.10 3.16 3.22 3.29 3.35 3.41 3.46 3.54 3.57 3.60 3.63 3.66 3.68 3.71 3.72 3.74 3.75 3.76 3.76 3.76 3.74 3.70 3.68 3.69 3.69 3.70 3.73 3.75 3.76 3.79 3.85 3.89 3.93 3.97 4.00 4.01 4.03 4.00 4.04 4.07 4.10 4.12 4.18 4.17 4.18 4.17 4.15 4.15 4.14 4.15 4.17 4.19 4.23 4.26 4.27 4.27 4.24 4.18 4.19 4.14 4.10 4.00 3.95 3.94 3.90 3.87 3.84 3.81 3.77 3.75 3.70 3.66 3.62 3.58 3.53 3.48 3.44 3.40 3.36
2.81 2.85 2.89 2.94 2.99 3.04 3.11 3.17 3.23 3.29 3.35 3.45 3.49 3.53 3.57 3.60 3.62 3.64 3.65 3.66 3.67 3.68 3.69 3.69 3.68 3.67 3.65 3.63 3.66 3.64 3.67 3.70 3.73 3.77 3.82 3.86 3.91 3.96 3.99 4.02 4.07 4.10 4.11 4.10 4.14 4.17 4.20 4.24 4.25 4.22 4.19 4.17 4.15 4.13 4.12 4.12 4.12 4.14 4.14 4.14 4.12 4.09 4.03 3.96 3.97 3.93 3.87 3.84 3.79 3.76 3.73 3.70 3.66 3.63 3.60 3.57 3.54 3.51 3.48 3.43 3.40 3.37 3.34 3.31
2.79 2.82 2.86 2.90 2.95 3.00 3.05 3.12 3.17 3.23 3.29 3.39 3.45 3.50 3.54 3.56 3.57 3.58 3.58 3.59 3.59 3.61 3.62 3.62 3.61 3.59 3.57 3.56 3.59 3.59 3.62 3.66 3.71 3.74 3.81 3.86 3.92 3.98 4.01 4.05 4.10 4.13 4.16 4.14 4.20 4.24 4.26 4.31 4.30 4.26 4.21 4.17 4.13 4.10 4.07 4.06 4.05 4.04 4.04 4.02 3.99 3.94 3.88 3.81 3.73 3.76 3.71 3.68 3.65 3.62 3.59 3.57 3.53 3.50 3.47 3.45 3.43 3.41 3.38 3.35 3.33 3.31 3.29 3.26
2.76 2.79 2.83 2.87 2.91 2.95 3.00 3.06 3.11 3.16 3.26 3.33 3.40 3.46 3.51 3.53 3.52 3.52 3.51 3.51 3.52 3.53 3.55 3.55 3.54 3.52 3.50 3.48 3.52 3.53 3.58 3.62 3.66 3.72 3.80 3.86 3.92 3.99 4.03 4.07 4.12 4.15 4.19 4.17 4.23 4.29 4.34 4.35 4.34 4.28 4.22 4.16 4.10 4.06 4.01 3.98 3.96 3.94 3.92 3.89 3.85 3.81 3.75 3.67 3.59 3.59 3.53 3.52 3.51 3.49 3.47 3.44 3.41 3.38 3.35 3.33 3.33 3.32 3.30 3.28 3.27 3.26 3.24 3.23
2.73 2.76 2.79 2.83 2.87 2.91 2.96 3.00 3.04 3.09 3.18 3.26 3.34 3.43 3.48 3.49 3.47 3.45 3.43 3.43 3.43 3.46 3.48 3.49 3.48 3.45 3.43 3.42 3.43 3.49 3.54 3.58 3.63 3.70 3.79 3.85 3.91 4.00 4.02 4.08 4.13 4.16 4.20 4.19 4.26 4.32 4.39 4.40 4.36 4.27 4.20 4.13 4.06 4.00 3.94 3.90 3.87 3.84 3.81 3.78 3.73 3.68 3.62 3.54 3.46 3.43 3.38 3.39 3.38 3.37 3.36 3.34 3.31 3.27 3.24 3.23 3.24 3.24 3.24 3.22 3.22 3.21 3.21 3.20
2.71 2.74 2.77 2.80 2.83 2.87 2.91 2.95 2.98 3.04 3.11 3.20 3.28 3.37 3.43 3.42 3.40 3.38 3.36 3.35 3.36 3.39 3.41 3.42 3.41 3.39 3.37 3.38 3.37 3.45 3.49 3.53 3.59 3.66 3.74 3.83 3.89 3.98 4.00 4.06 4.10 4.14 4.19 4.23 4.25 4.31 4.38 4.38 4.33 4.24 4.16 4.08 4.01 3.94 3.87 3.82 3.77 3.74 3.71 3.67 3.63 3.57 3.51 3.44 3.35 3.28 3.25 3.26 3.25 3.29 3.28 3.26 3.23 3.20 3.16 3.16 3.17 3.19 3.17 3.17 3.18 3.18 3.18 3.19
2.70 2.72 2.74 2.77 2.80 2.83 2.86 2.93 2.96 3.00 3.07 3.14 3.21 3.28 3.33 3.34 3.33 3.32 3.30 3.30 3.31 3.32 3.34 3.35 3.36 3.35 3.34 3.32 3.36 3.39 3.45 3.49 3.55 3.62 3.71 3.79 3.86 3.92 3.98 4.02 4.07 4.11 4.15 4.19 4.24 4.22 4.28 4.29 4.25 4.17 4.09 4.01 3.94 3.87 3.80 3.74 3.70 3.66 3.62 3.58 3.54 3.48 3.42 3.35 3.29 3.25 3.21 3.21 3.20 3.22 3.21 3.20 3.17 3.15 3.13 3.12 3.14 3.15 3.16 3.14 3.15 3.16 3.17 3.18
2.69 2.70 2.72 2.74 2.77 2.80 2.83 2.89 2.92 2.96 3.01 3.08 3.14 3.19 3.23 3.25 3.25 3.25 3.24 3.24 3.25 3.27 3.29 3.30 3.31 3.31 3.30 3.30 3.33 3.36 3.40 3.45 3.51 3.58 3.66 3.73 3.80 3.86 3.91 3.96 4.02 4.06 4.09 4.13 4.17 4.13 4.16 4.19 4.16 4.09 4.01 3.93 3.85 3.78 3.72 3.67 3.62 3.58 3.55 3.49 3.45 3.40 3.35 3.29 3.24 3.22 3.20 3.19 3.17 3.16 3.17 3.16 3.13 3.12 3.11 3.10 3.12 3.13 3.14 3.13 3.14 3.15 3.17 3.19
2.64 2.69 2.70 2.72 2.74 2.76 2.82 2.84 2.88 2.91 2.96 3.03 3.07 3.11 3.15 3.17 3.18 3.18 3.18 3.19 3.19 3.22 3.24 3.25 3.26 3.27 3.27 3.25 3.30 3.31 3.36 3.42 3.47 3.54 3.61 3.68 3.74 3.80 3.85 3.89 3.96 4.00 4.02 4.05 4.08 4.10 4.10 4.08 4.07 3.99 3.92 3.84 3.76 3.70 3.64 3.59 3.54 3.50 3.46 3.42 3.38 3.34 3.29 3.25 3.23 3.20 3.19 3.17 3.16 3.15 3.13 3.12 3.11 3.10 3.10 3.11 3.11 3.12 3.11 3.13 3.14 3.15 3.17 3.20
2.62 2.64 2.66 2.68 2.71 2.76 2.78 2.80 2.85 2.88 2.92 2.96 3.01 3.04 3.07 3.09 3.10 3.12 3.12 3.13 3.14 3.17 3.19 3.21 3.22 3.23 3.21 3.21 3.24 3.28 3.32 3.38 3.44 3.48 3.54 3.62 3.69 3.74 3.80 3.85 3.89 3.91 3.94 3.97 3.99 4.00 4.00 4.01 3.96 3.90 3.82 3.75 3.67 3.61 3.55 3.50 3.46 3.43 3.39 3.35 3.32 3.29 3.25 3.21 3.20 3.18 3.15 3.16 3.15 3.14 3.13 3.13 3.11 3.10 3.11 3.12 3.12 3.10 3.12 3.13 3.15 3.17 3.18 3.21
2.60 2.62 2.63 2.65 2.69 2.71 2.75 2.78 2.80 2.84 2.87 2.91 2.94 2.98 3.00 3.02 3.03 3.05 3.06 3.07 3.10 3.12 3.15 3.17 3.19 3.17 3.18 3.18 3.19 3.24 3.28 3.33 3.38 3.46 3.51 3.56 3.63 3.69 3.73 3.78 3.80 3.84 3.85 3.88 3.90 3.91 3.90 3.91 3.86 3.80 3.73 3.65 3.58 3.52 3.46 3.42 3.38 3.36 3.32 3.30 3.27 3.24 3.23 3.21 3.19 3.18 3.16 3.15 3.15 3.14 3.14 3.14 3.10 3.10 3.11 3.11 3.11 3.12 3.13 3.15 3.16 3.19 3.20 3.23
2.58 2.59 2.61 2.64 2.66 2.68 2.70 2.72 2.76 2.79 2.82 2.86 2.89 2.92 2.94 2.96 2.97 2.98 3.00 3.01 3.05 3.08 3.11 3.14 3.14 3.14 3.14 3.14 3.15 3.20 3.23 3.28 3.33 3.40 3.45 3.50 3.56 3.63 3.67 3.70 3.73 3.75 3.77 3.79 3.81 3.81 3.80 3.81 3.76 3.70 3.63 3.56 3.49 3.43 3.37 3.34 3.31 3.28 3.26 3.25 3.23 3.22 3.21 3.19 3.18 3.17 3.16 3.16 3.15 3.15 3.15 3.15 3.12 3.12 3.14 3.13 3.14 3.14 3.15 3.17 3.19 3.21 3.24 3.26
2.56 2.57 2.60 2.61 2.62 2.64 2.66 2.68 2.70 2.75 2.78 2.81 2.84 2.86 2.88 2.90 2.91 2.93 2.94 2.96 3.00 3.04 3.08 3.09 3.11 3.11 3.11 3.11 3.11 3.15 3.19 3.23 3.27 3.34 3.39 3.44 3.51 3.56 3.60 3.63 3.64 3.67 3.69 3.71 3.72 3.72 3.72 3.69 3.66 3.60 3.53 3.47 3.41 3.34 3.29 3.25 3.23 3.21 3.21 3.20 3.21 3.21 3.20 3.19 3.18 3.17 3.17 3.15 3.15 3.15 3.13 3.13 3.14 3.14 3.16 3.16 3.17 3.17 3.19 3.20 3.22 3.24 3.28 3.30
2.54 2.57 2.57 2.58 2.59 2.60 2.62 2.64 2.66 2.68 2.71 2.76 2.79 2.81 2.84 2.85 2.86 2.87 2.88 2.91 2.96 3.01 3.04 3.07 3.08 3.08 3.07 2.97 2.97 3.00 3.02 3.06 3.22 3.19 3.24 3.30 3.45 3.49 3.52 3.55 3.56 3.58 3.60 3.62 3.62 3.62 3.62 3.59 3.57 3.51 3.44 3.37 3.32 3.28 3.22 3.18 3.16 3.15 3.16 3.18 3.20 3.20 3.19 3.18 3.18 3.14 3.13 3.13 3.16 3.16 3.15 3.15 3.16 3.17 3.23 3.24 3.25 3.26 3.27 3.28 3.29 3.28 3.30 3.34
2.62 2.55 2.55 2.55 2.56 2.57 2.58 2.60 2.61 2.63 2.67 2.70 2.73 2.76 2.78 2.80 2.82 2.83 2.84 2.86 2.91 2.86 2.90 2.93 2.93 2.90 2.88 2.87 2.86 2.86 2.91 2.96 3.00 3.07 3.12 3.18 3.24 3.30 3.44 3.47 3.48 3.50 3.52 3.53 3.53 3.53 3.53 3.50 3.48 3.42 3.35 3.28 3.24 3.20 3.14 3.10 3.08 3.12 3.12 3.14 3.16 3.16 3.14 3.13 3.14 3.13 3.13 3.13 3.14 3.15 3.16 3.16 3.17 3.26 3.26 3.28 3.29 3.30 3.31 3.32 3.33 3.34 3.35 3.36
2.59 2.58 2.52 2.52 2.53 2.53 2.55 2.56 2.57 2.61 2.63 2.66 2.69 2.71 2.74 2.76 2.77 2.79 2.72 2.72 2.74 2.76 2.79 2.80 2.80 2.78 2.76 2.75 2.75 2.79 2.82 2.84 2.87 2.95 3.00 3.07 3.13 3.18 3.23 3.29 3.40 3.42 3.43 3.45 3.45 3.45 3.44 3.41 3.39 3.34 3.28 3.23 3.19 3.15 3.12 3.08 3.05 3.07 3.09 3.11 3.13 3.13 3.12 3.12 3.13 3.13 3.14 3.14 3.16 3.17 3.17 3.18 3.21 3.29 3.30 3.31 3.32 3.34 3.35 3.36 3.37 3.38 3.39 3.40
2.58 2.54 2.53 2.49 2.50 2.50 2.51 2.52 2.55 2.57 2.60 2.62 2.65 2.67 2.69 2.68 2.67 2.65 2.65 2.65 2.65 2.66 2.67 2.67 2.66 2.65 2.66 2.62 2.61 2.66 2.68 2.70 2.74 2.82 2.88 2.95 3.00 3.06 3.12 3.17 3.21 3.25 3.35 3.36 3.37 3.36 3.35 3.33 3.32 3.28 3.23 3.19 3.15 3.11 3.09 3.07 3.07 3.09 3.10 3.05 3.10 3.10 3.11 3.15 3.15 3.13 3.14 3.16 3.17 3.18 3.19 3.27 3.24 3.32 3.34 3.35 3.36 3.37 3.38 3.39 3.40 3.42 3.43 3.45
2.54 2.52 2.51 2.51 2.50 2.50 2.48 2.50 2.52 2.54 2.56 2.58 2.61 2.60 2.60 2.60 2.60 2.60 2.57 2.56 2.57 2.54 2.54 2.53 2.52 2.51 2.52 2.51 2.47 2.52 2.55 2.57 2.62 2.70 2.75 2.81 2.87 2.93 2.99 3.04 3.08 3.13 3.19 3.21 3.28 3.29 3.28 3.28 3.25 3.21 3.17 3.14 3.10 3.08 3.06 3.05 3.06 3.07 3.08 3.03 3.05 3.06 3.08 3.14 3.15 3.14 3.16 3.17 3.24 3.25 3.26 3.30 3.32 3.36 3.37 3.39 3.40 3.41 3.42 3.43 3.45 3.46 3.47 3.50
2.53 2.51 2.50 2.49 2.48 2.48 2.48 2.48 2.49 2.51 2.48 2.49 2.52 2.53 2.53 2.53 2.52 2.52 2.51 2.48 2.47 2.46 2.44 2.39 2.37 2.39 2.38 2.36 2.35 2.37 2.39 2.43 2.47 2.55 2.61 2.67 2.74 2.80 2.87 2.92 2.96 3.02 3.06 3.10 3.20 3.20 3.21 3.21 3.18 3.15 3.12 3.10 3.07 3.05 3.04 3.04 3.05 3.06 3.07 3.09 3.03 3.05 3.13 3.15 3.16 3.17 3.22 3.23 3.25 3.27 3.30 3.34 3.37 3.40 3.42 3.43 3.45 3.46 3.47 3.47 3.48 3.50 3.51 3.54
2.52 2.50 2.48 2.47 2.46 2.46 2.46 2.46 2.42 2.41 2.42 2.43 2.47 2.47 2.47 2.45 2.44 2.43 2.43 2.41 2.36 2.34 2.31 2.29 2.26 2.24 2.22 2.21 2.20 2.21 2.23 2.31 2.32 2.40 2.46 2.53 2.60 2.67 2.74 2.80 2.85 2.90 2.96 2.99 3.04 3.06 3.08 3.13 3.12 3.10 3.08 3.05 3.04 3.03 3.02 3.02 3.02 3.05 3.06 3.08 3.08 3.11 3.12 3.14 3.16 3.22 3.23 3.25 3.27 3.29 3.34 3.38 3.41 3.44 3.46 3.48 3.50 3.50 3.51 3.51 3.52 3.53 3.55 3.58
2.51 2.49 2.49 2.47 2.46 2.45 2.45 2.42 2.42 2.42 2.41 2.42 2.42 2.41 2.40 2.39 2.38 2.37 2.35 2.32 2.29 2.24 2.19 2.15 2.12 2.07 2.05 2.03 2.03 2.05 2.07 2.14 2.19 2.25 2.32 2.40 2.46 2.54 2.61 2.69 2.73 2.79 2.85 2.90 2.93 2.96 2.99 3.02 3.06 3.05 3.01 3.00 2.98 2.98 2.98 2.99 3.00 3.01 3.02 3.04 3.05 3.09 3.11 3.17 3.19 3.22 3.23 3.27 3.29 3.34 3.37 3.41 3.45 3.49 3.52 3.53 3.54 3.55 3.55 3.56 3.55 3.57 3.58 3.61
2.54 2.51 2.48 2.47 2.46 2.40 2.40 2.40 2.39 2.39 2.38 2.36 2.36 2.35 2.34 2.32 2.31 2.30 2.27 2.24 2.19 2.13 2.07 2.02 1.97 1.92 1.90 1.88 1.86 1.89 1.94 1.98 2.04 2.10 2.17 2.26 2.34 2.42 2.50 2.57 2.62 2.68 2.74 2.80 2.85 2.88 2.90 2.94 2.96 2.95 2.95 2.94 2.93 2.94 2.94 2.95 2.96 2.97 2.98 3.00 3.02 3.08 3.10 3.16 3.18 3.22 3.24 3.27 3.32 3.35 3.39 3.44 3.48 3.53 3.56 3.58 3.59 3.59 3.59 3.59 3.59 3.59 3.61 3.63
2.54 2.51 2.49 2.40 2.40 2.40 2.39 2.38 2.37 2.36 2.34 2.32 2.30 2.28 2.27 2.26 2.24 2.22 2.20 2.15 2.09 2.02 1.94 1.87 1.82 1.76 1.73 1.71 1.72 1.74 1.77 1.82 1.87 1.94 2.02 2.12 2.21 2.30 2.38 2.46 2.51 2.58 2.64 2.70 2.76 2.77 2.84 2.82 2.89 2.89 2.89 2.88 2.88 2.89 2.90 2.92 2.93 2.94 2.94 2.97 2.98 3.04 3.07 3.14 3.19 3.22 3.23 3.29 3.32 3.36 3.41 3.45 3.51 3.57 3.62 3.64 3.64 3.63 3.61 3.61 3.61 3.61 3.63 3.65
2.40 2.39 2.40 2.40 2.40 2.40 2.38 2.37 2.35 2.33 2.31 2.28 2.26 2.23 2.20 2.18 2.16 2.14 2.12 2.07 1.98 1.89 1.81 1.73 1.66 1.61 1.57 1.58 1.54 1.61 1.63 1.67 1.73 1.78 1.87 1.97 2.08 2.18 2.27 2.34 2.41 2.48 2.55 2.58 2.63 2.67 2.71 2.84 2.84 2.82 2.82 2.82 2.82 2.83 2.85 2.87 2.89 2.92 2.94 2.96 2.98 3.00 3.03 3.09 3.12 3.20 3.25 3.28 3.33 3.37 3.42 3.46 3.53 3.60 3.66 3.67 3.66 3.65 3.63 3.62 3.62 3.63 3.64 3.66
