data/Validacao/F051115.grd
DSAA
94	94
0.0000	100.0000
0.0000	100.0000
4.2885	11.2156
[rows 0 to 37 of 94, columns 0 to 83 of 94]
5.26 5.74 6.22 6.52 6.70 6.82 6.88 7.07 7.10 7.11 7.12 7.12 7.12 7.11 7.11 7.09 7.06 7.10 6.97 6.94 7.08 7.07 7.11 7.14 7.16 7.28 7.29 7.66 7.67 7.64 7.65 7.66 7.81 7.84 7.80 7.89 8.03 8.32 8.25 8.14 8.08 8.04 8.10 8.05 8.05 8.04 8.03 8.03 8.59 8.59 8.51 8.52 8.52 8.52 8.43 8.39 8.44 8.36 8.42 8.34 8.33 8.32 8.31 8.30 8.31 8.32 8.21 8.24 8.30 8.21 8.40 8.60 9.12 9.96 11.22 10.93 9.72 8.95 8.48 8.19 7.96 7.85 7.78 7.74
5.74 5.97 6.31 6.56 6.72 6.83 6.90 6.94 6.96 7.12 7.13 7.12 7.12 7.11 7.11 7.09 7.06 7.13 7.05 7.04 7.12 7.08 7.12 7.15 7.17 7.18 7.30 7.67 7.67 7.68 7.65 7.66 7.81 7.84 7.79 7.87 7.97 8.23 8.19 8.12 8.07 8.04 8.09 8.05 8.05 8.04 8.03 8.03 8.59 8.51 8.51 8.52 8.52 8.52 8.30 8.36 8.39 8.35 8.32 8.36 8.35 8.34 8.33 8.32 8.32 8.23 8.22 8.25 8.30 8.21 8.38 8.55 9.00 9.64 10.30 10.19 9.46 8.84 8.43 8.12 7.95 7.85 7.78 7.74
6.22 6.31 6.48 6.65 6.77 6.86 6.92 6.96 6.98 6.99 7.14 7.13 7.12 7.11 7.12 7.10 7.07 7.05 7.14 7.14 7.18 7.03 7.15 7.17 7.19 7.20 7.33 7.68 7.68 7.69 7.66 7.67 7.68 7.73 7.77 7.82 7.87 8.14 8.12 8.09 8.05 8.03 8.09 8.05 8.04 8.14 8.03 8.03 8.30 8.51 8.51 8.52 8.53 8.39 8.41 8.32 8.34 8.34 8.29 8.39 8.38 8.38 8.37 8.36 8.25 8.25 8.26 8.25 8.10 8.18 8.32 8.42 8.72 9.09 9.34 9.30 8.97 8.60 8.26 8.06 7.92 7.83 7.77 7.74
6.52 6.56 6.65 6.75 6.83 6.90 6.95 6.99 7.01 7.02 7.02 7.01 7.13 7.11 7.11 7.10 7.09 7.07 7.20 7.21 7.03 7.06 7.08 7.20 7.21 7.35 7.36 7.47 7.70 7.54 7.54 7.67 7.68 7.72 7.74 7.77 7.80 7.81 8.07 8.05 8.03 8.02 8.05 8.04 8.14 8.14 8.02 8.03 8.23 8.24 8.51 8.52 8.53 8.39 8.41 8.31 8.34 8.31 8.32 8.32 8.44 8.44 8.43 8.31 8.29 8.28 8.28 8.28 8.09 8.15 8.24 8.27 8.45 8.60 8.73 8.71 8.56 8.31 8.12 7.98 7.88 7.81 7.76 7.73
6.71 6.73 6.78 6.84 6.90 6.95 7.00 7.03 7.06 7.07 7.06 7.04 7.01 7.11 7.11 7.09 7.08 7.09 7.23 7.25 7.06 7.09 7.12 7.24 7.38 7.39 7.40 7.40 7.72 7.56 7.56 7.55 7.60 7.71 7.72 7.73 7.75 7.75 8.03 8.02 8.01 8.00 8.05 8.14 8.13 8.13 8.14 8.03 8.22 8.24 8.26 8.52 8.39 8.41 8.43 8.45 8.36 8.35 8.38 8.41 8.42 8.54 8.42 8.39 8.36 8.33 8.31 8.30 8.09 8.11 8.17 8.25 8.24 8.29 8.35 8.33 8.21 8.11 8.00 7.91 7.84 7.79 7.75 7.73
6.82 6.84 6.87 6.91 6.95 7.00 7.05 7.10 7.13 7.14 7.13 7.09 7.03 6.98 6.95 7.07 7.07 7.08 7.10 7.06 7.09 7.13 7.17 7.32 7.43 7.45 7.46 7.46 7.63 7.60 7.58 7.57 7.56 7.71 7.71 7.71 7.72 7.71 8.01 8.01 8.00 7.99 8.06 8.13 8.13 8.12 8.12 8.20 8.22 8.24 8.27 8.14 8.40 8.43 8.45 8.49 8.41 8.43 8.49 8.55 8.59 8.62 8.58 8.51 8.45 8.40 8.35 8.32 8.31 8.09 8.11 8.15 8.03 8.09 8.11 8.06 8.02 7.96 7.90 7.84 7.80 7.77 7.75 7.73
6.89 6.91 6.93 6.96 7.00 7.05 7.12 7.18 7.24 7.27 7.24 7.16 7.06 6.97 6.91 6.89 7.03 7.06 7.09 7.07 7.13 7.19 7.35 7.41 7.44 7.53 7.54 7.54 7.59 7.66 7.62 7.59 7.47 7.45 7.70 7.70 7.70 7.69 8.00 8.00 7.99 8.09 8.05 8.12 8.11 8.10 8.04 8.18 8.21 8.25 8.29 8.18 8.21 8.46 8.49 8.54 8.45 8.55 8.66 8.79 8.79 8.78 8.81 8.69 8.58 8.49 8.42 8.36 8.32 8.08 8.08 8.09 7.93 7.96 7.92 7.91 7.89 7.86 7.83 7.80 7.77 7.75 7.74 7.74
7.09 6.95 6.97 7.00 7.05 7.11 7.19 7.30 7.41 7.48 7.42 7.27 7.09 6.93 6.83 6.82 6.86 7.02 7.07 6.97 7.16 7.35 7.45 7.54 7.57 7.65 7.65 7.67 7.71 7.66 7.68 7.62 7.48 7.45 7.57 7.69 7.68 7.67 7.77 7.99 8.09 8.08 8.04 8.11 8.09 8.02 8.02 8.14 8.19 8.25 8.20 8.25 8.28 8.30 8.53 8.60 8.66 8.70 8.89 9.06 9.24 9.24 9.05 8.93 8.75 8.62 8.51 8.41 8.09 8.04 8.05 7.99 7.99 7.83 7.83 7.82 7.81 7.80 7.78 7.76 7.75 7.75 7.75 7.74
7.13 6.99 7.01 7.04 7.08 7.16 7.27 7.43 7.65 7.82 7.72 7.42 7.11 6.84 6.68 6.70 6.79 6.91 6.91 6.99 7.21 7.41 7.59 7.75 7.77 7.72 7.78 7.84 7.90 7.79 7.66 7.54 7.47 7.46 7.57 7.55 7.69 7.66 7.76 8.09 8.08 8.05 8.04 8.01 8.08 7.99 7.97 8.07 8.16 8.16 8.27 8.37 8.38 8.38 8.36 8.47 8.76 8.82 9.10 9.51 9.95 9.93 9.49 9.18 8.94 8.78 8.62 8.26 8.12 8.04 8.07 7.96 7.95 7.78 7.77 7.77 7.76 7.75 7.74 7.74 7.74 7.74 7.75 7.76
7.15 7.17 7.03 7.06 7.11 7.19 7.32 7.52 7.85 8.31 8.06 7.53 7.11 6.73 6.44 6.58 6.74 6.88 6.96 7.07 7.22 7.45 7.70 8.03 7.96 7.81 7.81 8.00 8.15 7.90 7.70 7.55 7.48 7.47 7.45 7.55 7.67 7.68 7.76 8.08 8.08 8.09 8.03 8.01 7.99 7.97 7.91 7.98 8.13 8.18 8.34 8.53 8.48 8.43 8.42 8.57 8.79 8.93 9.26 9.87 10.86 10.76 9.83 9.27 9.06 8.97 8.59 8.31 8.14 8.03 8.05 7.94 7.92 7.74 7.73 7.73 7.72 7.72 7.72 7.72 7.71 7.73 7.75 7.79
7.18 7.19 7.21 7.09 7.13 7.20 7.32 7.52 7.81 8.12 7.95 7.51 7.12 6.77 6.54 6.62 6.76 6.93 7.00 7.03 7.16 7.43 7.66 7.90 7.88 7.77 7.77 7.93 7.93 7.85 7.67 7.54 7.46 7.46 7.44 7.54 7.67 7.63 7.74 7.74 8.09 8.09 8.03 8.02 8.00 7.98 7.94 8.01 8.06 8.18 8.32 8.46 8.44 8.40 8.38 8.52 8.66 8.70 9.20 9.74 10.49 10.43 9.71 9.20 8.95 8.78 8.52 8.28 8.11 8.01 7.90 7.86 7.79 7.71 7.70 7.69 7.69 7.69 7.70 7.69 7.70 7.71 7.74 7.74
7.22 7.23 7.24 7.11 7.14 7.20 7.30 7.43 7.59 7.70 7.62 7.38 7.12 6.89 6.76 6.75 6.91 6.97 7.04 6.96 7.12 7.25 7.40 7.63 7.65 7.62 7.62 7.65 7.61 7.68 7.45 7.49 7.44 7.45 7.43 7.56 7.67 7.63 7.63 7.74 8.09 8.09 8.04 8.03 7.89 7.89 8.08 8.10 8.08 8.16 8.24 8.30 8.32 8.26 8.29 8.37 8.45 8.47 8.71 9.06 9.57 9.56 9.25 8.94 8.72 8.50 8.34 8.18 8.05 7.92 7.87 7.83 7.76 7.67 7.66 7.66 7.66 7.67 7.66 7.67 7.68 7.70 7.66 7.68
7.27 7.28 7.28 7.29 7.16 7.20 7.26 7.34 7.42 7.45 7.40 7.27 7.11 6.97 6.98 6.96 6.98 7.02 6.87 6.93 7.08 7.16 7.24 7.30 7.46 7.45 7.45 7.44 7.37 7.39 7.33 7.28 7.39 7.42 7.55 7.55 7.67 7.63 7.63 7.66 7.76 8.10 8.05 8.06 7.91 7.92 7.94 8.07 8.10 8.14 8.17 8.20 8.14 8.15 8.17 8.17 8.25 8.21 8.36 8.55 8.69 8.92 8.79 8.62 8.48 8.27 8.16 8.06 7.98 7.87 7.82 7.79 7.72 7.70 7.62 7.62 7.62 7.62 7.63 7.65 7.66 7.61 7.63 7.64
7.27 7.27 7.26 7.25 7.35 7.36 7.24 7.29 7.33 7.33 7.29 7.21 7.10 7.12 7.05 7.02 7.02 7.04 6.86 6.89 7.03 7.08 7.12 7.15 7.15 7.30 7.28 7.26 7.18 7.23 7.21 7.20 7.34 7.39 7.53 7.54 7.67 7.63 7.66 7.67 7.77 8.11 8.07 7.93 7.95 7.97 7.98 8.12 8.13 8.13 8.06 8.05 8.05 8.04 8.04 8.01 8.06 8.13 8.06 8.15 8.21 8.22 8.42 8.33 8.25 8.07 8.00 7.94 7.85 7.80 7.77 7.73 7.66 7.64 7.55 7.55 7.55 7.57 7.60 7.62 7.57 7.59 7.60 7.61
7.41 7.40 7.37 7.33 7.31 7.16 7.18 7.21 7.31 7.31 7.27 7.20 7.23 7.14 7.08 7.04 7.03 7.04 6.84 6.87 6.90 7.02 7.04 7.05 7.03 6.99 7.11 7.08 7.06 7.06 7.08 7.11 7.14 7.47 7.50 7.50 7.52 7.64 7.66 7.67 7.66 7.68 8.03 7.97 8.00 8.04 8.06 8.19 8.17 8.07 8.03 8.00 7.96 7.94 7.92 7.86 7.88 7.91 7.79 7.84 7.87 7.88 7.85 8.08 8.03 7.99 7.97 7.95 7.76 7.73 7.70 7.66 7.62 7.37 7.39 7.28 7.30 7.34 7.38 7.41 7.54 7.56 7.58 7.59
7.63 7.61 7.53 7.44 7.38 7.35 7.22 7.25 7.29 7.30 7.26 7.35 7.24 7.14 7.07 7.03 7.02 6.81 6.82 6.84 6.87 6.98 6.99 6.97 6.93 6.86 6.78 6.69 6.90 6.87 6.93 7.01 7.17 7.41 7.46 7.55 7.58 7.55 7.68 7.69 7.63 7.65 7.59 8.02 8.08 8.14 8.18 8.21 8.17 8.10 8.02 7.94 7.88 7.82 7.72 7.69 7.68 7.69 7.56 7.59 7.60 7.60 7.59 7.57 7.80 7.78 7.67 7.68 7.66 7.66 7.63 7.58 7.31 7.23 7.19 7.14 7.19 7.25 7.32 7.47 7.52 7.54 7.56 7.57
8.00 7.93 7.76 7.59 7.48 7.42 7.42 7.35 7.43 7.46 7.41 7.43 7.27 7.12 7.02 6.98 6.97 6.78 6.80 6.82 6.84 6.95 6.95 6.92 6.85 6.73 6.57 6.43 6.41 6.59 6.74 6.98 7.10 7.26 7.45 7.55 7.59 7.58 7.70 7.71 7.65 7.68 7.64 7.97 8.19 8.30 8.31 8.40 8.30 8.16 8.01 7.89 7.79 7.70 7.56 7.47 7.43 7.45 7.48 7.34 7.34 7.35 7.36 7.35 7.33 7.55 7.49 7.54 7.57 7.58 7.55 7.47 7.16 7.04 6.96 6.97 7.02 7.14 7.25 7.43 7.49 7.53 7.55 7.56
8.59 8.40 8.05 7.75 7.57 7.49 7.50 7.48 7.64 7.77 7.81 7.56 7.29 7.06 6.92 6.88 6.90 6.91 6.77 6.79 6.82 6.90 6.91 6.88 6.80 6.61 6.34 6.05 6.03 6.16 6.44 6.85 7.09 7.23 7.44 7.56 7.62 7.63 7.73 7.73 7.68 7.71 7.68 8.04 8.21 8.45 8.57 8.55 8.49 8.23 7.99 7.81 7.62 7.50 7.34 7.20 7.11 7.17 7.10 7.10 7.06 7.07 7.13 7.14 7.09 7.24 7.31 7.32 7.41 7.49 7.46 7.36 7.01 6.78 6.58 6.62 6.79 7.01 7.18 7.39 7.47 7.51 7.54 7.55
9.53 8.97 8.30 7.87 7.63 7.53 7.42 7.58 7.88 8.25 8.14 7.68 7.29 6.96 6.72 6.76 6.83 6.85 6.73 6.75 6.84 6.89 6.93 6.93 6.78 6.50 6.11 5.68 5.29 5.77 6.25 6.76 7.04 7.20 7.43 7.56 7.65 7.71 7.71 7.75 7.69 7.63 7.71 8.09 8.24 8.68 9.08 9.07 8.69 8.23 7.91 7.65 7.52 7.40 7.18 6.85 6.66 6.79 6.92 6.89 6.74 6.77 6.93 6.97 6.86 6.82 7.03 7.20 7.34 7.45 7.42 7.29 6.88 6.51 6.03 6.12 6.57 6.91 7.13 7.36 7.45 7.50 7.53 7.20
9.66 8.94 8.18 7.71 7.45 7.35 7.42 7.58 7.90 8.33 8.07 7.68 7.28 6.93 6.67 6.74 6.82 6.84 6.80 6.68 6.82 6.88 6.92 6.94 6.77 6.48 6.07 5.52 5.09 5.72 6.22 6.62 6.96 7.12 7.34 7.46 7.66 7.70 7.72 7.56 7.56 7.66 7.64 7.76 8.25 8.63 9.14 9.13 8.66 8.23 7.90 7.62 7.50 7.37 7.14 6.78 6.50 6.73 6.87 6.84 6.65 6.69 6.88 6.92 6.76 6.58 6.82 6.98 7.10 7.37 7.34 7.22 6.86 6.47 5.91 6.04 6.59 6.94 7.07 7.20 7.28 7.33 7.18 7.19
8.62 8.38 7.94 7.59 7.38 7.29 7.31 7.41 7.60 7.76 7.65 7.36 7.07 6.84 6.84 6.82 6.85 6.87 6.62 6.65 6.67 6.86 6.88 6.85 6.56 6.32 6.03 5.71 5.82 6.01 6.33 6.68 6.98 7.13 7.27 7.45 7.53 7.59 7.60 7.52 7.54 7.56 7.61 7.71 7.92 8.35 8.60 8.56 8.37 8.06 7.81 7.69 7.55 7.42 7.24 6.98 6.87 6.93 6.96 6.95 6.89 6.86 6.93 6.95 6.91 6.87 6.99 7.04 7.12 7.39 7.37 7.27 6.97 6.71 6.48 6.52 6.77 7.03 7.21 7.22 7.29 7.33 7.18 7.19
7.93 7.83 7.62 7.42 7.27 7.20 7.20 7.24 7.32 7.37 7.30 7.15 6.97 6.82 6.73 6.69 6.69 6.58 6.60 6.62 6.64 6.61 6.62 6.59 6.51 6.36 6.19 6.02 6.06 6.36 6.39 6.78 7.03 7.14 7.26 7.42 7.48 7.52 7.48 7.48 7.51 7.53 7.57 7.64 7.77 8.10 8.19 8.27 8.13 7.94 7.77 7.62 7.50 7.38 7.29 7.18 7.12 7.12 7.14 7.02 7.02 7.03 7.05 7.07 7.06 7.07 6.98 7.04 7.05 7.06 7.42 7.35 7.11 6.98 6.89 6.90 7.01 7.15 7.27 7.25 7.30 7.16 7.18 7.19
7.28 7.46 7.36 7.24 7.15 7.10 7.07 7.08 7.10 7.10 7.06 6.97 6.86 6.77 6.71 6.68 6.68 6.55 6.57 6.59 6.60 6.57 6.57 6.55 6.50 6.41 6.31 6.29 6.31 6.46 6.54 6.63 6.97 7.19 7.26 7.41 7.45 7.47 7.42 7.44 7.47 7.50 7.52 7.56 7.52 7.61 7.68 8.04 7.95 7.84 7.72 7.61 7.51 7.41 7.36 7.29 7.25 7.23 7.11 7.12 7.12 7.13 7.15 7.16 7.17 7.18 7.06 7.10 7.09 7.10 7.09 7.05 6.93 7.18 7.14 7.13 7.19 7.27 7.01 7.06 7.09 7.17 7.18 7.19
7.00 6.98 6.93 6.86 7.04 6.99 6.96 6.95 6.85 6.83 6.79 6.73 6.75 6.69 6.65 6.63 6.64 6.51 6.53 6.55 6.57 6.54 6.55 6.54 6.51 6.46 6.45 6.41 6.58 6.59 6.64 6.70 6.75 7.19 7.24 7.40 7.28 7.30 7.31 7.32 7.45 7.34 7.28 7.37 7.43 7.49 7.53 7.64 7.59 7.76 7.67 7.58 7.50 7.41 7.34 7.32 7.28 7.27 7.14 7.16 7.17 7.18 7.20 7.21 7.21 7.23 7.18 7.13 7.12 7.13 7.13 7.11 7.01 6.92 7.21 7.28 7.31 7.02 7.06 7.09 7.11 7.12 7.19 7.19
6.83 6.82 6.79 6.75 6.83 6.80 6.77 6.74 6.71 6.68 6.64 6.59 6.54 6.57 6.55 6.55 6.56 6.59 6.48 6.51 6.50 6.52 6.54 6.54 6.53 6.54 6.51 6.49 6.45 6.67 6.70 6.74 6.79 6.86 7.05 7.08 7.23 7.12 7.24 7.26 7.28 7.30 7.19 7.34 7.39 7.44 7.47 7.58 7.54 7.47 7.63 7.54 7.46 7.37 7.29 7.27 7.23 7.23 7.12 7.14 7.17 7.19 7.19 7.21 7.22 7.08 7.11 7.13 7.13 7.15 7.16 7.15 6.94 6.93 6.91 7.25 7.05 7.07 7.09 7.11 7.12 7.13 7.15 7.15
6.72 6.71 6.70 6.79 6.76 6.73 6.69 6.64 6.58 6.53 6.48 6.44 6.39 6.34 6.39 6.40 6.45 6.50 6.41 6.46 6.46 6.51 6.54 6.56 6.59 6.57 6.55 6.53 6.50 6.71 6.73 6.76 6.80 6.87 7.05 7.07 7.22 7.10 7.11 7.24 7.26 7.19 7.18 7.23 7.39 7.45 7.49 7.60 7.54 7.46 7.37 7.49 7.39 7.29 7.18 7.13 7.08 6.98 7.03 7.08 7.11 7.13 7.16 7.17 7.17 7.05 7.08 7.12 7.03 7.16 7.18 7.18 6.98 6.97 6.96 6.69 6.69 6.70 6.71 7.13 7.13 7.13 7.13 7.14
6.65 6.65 6.76 6.74 6.71 6.67 6.62 6.55 6.45 6.36 6.31 6.28 6.22 6.13 6.08 6.20 6.30 6.38 6.32 6.38 6.42 6.49 6.55 6.62 6.62 6.60 6.58 6.56 6.53 6.71 6.74 6.78 6.81 6.87 6.89 7.07 6.91 7.09 7.10 7.08 7.15 7.18 7.17 7.24 7.42 7.52 7.70 7.69 7.59 7.47 7.36 7.24 7.12 7.18 7.02 6.85 6.80 6.78 6.89 6.97 7.01 7.05 7.09 7.10 7.08 6.97 7.01 6.97 7.02 7.05 7.05 7.06 7.06 6.91 6.91 6.71 6.72 6.72 6.72 6.74 6.75 6.77 6.85 6.88
6.61 6.73 6.72 6.70 6.68 6.63 6.57 6.47 6.32 6.15 6.12 6.13 6.05 5.86 5.73 5.90 6.10 6.26 6.29 6.25 6.37 6.48 6.60 6.67 6.67 6.63 6.60 6.47 6.46 6.58 6.60 6.62 6.81 6.61 6.62 6.65 6.91 7.08 7.06 6.81 6.88 6.91 7.05 7.25 7.25 7.45 7.75 7.75 7.68 7.50 7.35 7.21 7.08 6.91 6.83 6.49 6.35 6.51 6.75 6.85 6.87 6.92 7.01 7.02 6.96 6.76 6.83 6.93 7.01 7.05 7.06 7.07 7.08 6.93 6.38 6.39 6.39 6.40 6.41 6.43 6.47 6.79 6.82 6.90
6.96 6.71 6.70 6.68 6.65 6.61 6.54 6.43 6.25 5.99 5.94 5.98 5.89 5.65 5.38 5.66 5.90 6.14 6.15 6.16 6.31 6.36 6.49 6.64 6.63 6.55 6.51 6.49 6.49 6.45 6.61 6.56 6.57 6.62 6.62 6.64 6.65 6.39 6.79 6.80 6.87 6.91 6.92 7.02 7.26 7.50 7.92 7.92 7.58 7.36 7.22 7.12 6.98 6.77 6.73 6.27 5.94 6.38 6.61 6.73 6.73 6.80 6.91 6.92 6.77 6.67 6.79 6.92 7.01 7.06 6.76 6.76 6.80 6.53 6.40 6.40 6.40 6.41 6.42 6.44 6.48 6.53 6.62 6.79
6.94 6.94 6.69 6.67 6.65 6.61 6.55 6.45 6.31 6.09 6.05 6.03 5.96 5.81 5.66 5.78 5.94 6.05 5.90 6.04 6.24 6.33 6.44 6.52 6.56 6.53 6.50 6.47 6.46 6.52 6.51 6.57 6.57 6.62 6.63 6.38 6.38 6.37 6.53 6.55 6.86 6.90 6.90 6.99 7.12 7.31 7.67 7.66 7.48 7.31 7.19 7.08 6.97 6.80 6.58 6.27 6.29 6.49 6.69 6.80 6.84 6.90 6.96 6.97 6.84 6.81 6.87 6.96 7.02 7.07 6.77 6.78 6.77 6.54 6.41 6.42 6.42 6.42 6.43 6.45 6.48 6.62 6.64 6.71
6.93 6.90 6.89 6.67 6.64 6.61 6.57 6.50 6.29 6.22 6.17 6.14 6.08 6.01 5.91 5.82 5.89 6.00 5.90 5.96 6.06 6.19 6.26 6.41 6.49 6.48 6.48 6.44 6.43 6.52 6.51 6.57 6.58 6.45 6.36 6.38 6.39 6.37 6.38 6.55 6.61 6.64 6.87 6.94 7.03 7.14 7.42 7.42 7.25 7.23 7.13 7.04 6.98 6.74 6.61 6.50 6.45 6.42 6.52 6.74 6.96 7.01 7.04 6.85 6.84 6.93 6.96 7.01 7.05 6.77 6.78 6.52 6.79 6.39 6.43 6.44 6.44 6.44 6.44 6.56 6.58 6.55 6.59 6.54
6.89 6.89 6.88 6.87 6.85 6.82 6.59 6.40 6.35 6.31 6.27 6.24 6.20 5.92 5.90 5.91 5.94 6.01 5.86 5.90 5.99 6.13 6.18 6.22 6.24 6.45 6.46 6.45 6.41 6.51 6.43 6.33 6.32 6.37 6.37 6.39 6.37 6.37 6.38 6.55 6.60 6.62 6.69 6.66 6.88 6.99 7.04 7.15 7.11 7.10 7.01 6.94 6.86 6.78 6.67 6.61 6.63 6.46 6.51 6.81 6.85 6.88 7.04 6.89 6.90 7.00 7.02 7.05 6.57 6.57 6.58 6.54 6.55 6.42 6.42 6.47 6.46 6.46 6.46 6.46 6.35 6.43 6.45 6.56
6.89 6.88 6.88 6.87 6.86 6.84 6.81 6.78 6.40 6.37 6.22 6.20 6.02 5.99 5.96 5.95 5.99 5.99 6.00 5.87 5.91 5.96 6.01 6.14 6.17 6.19 6.20 6.44 6.51 6.42 6.42 6.32 6.32 6.37 6.38 6.40 6.38 6.39 6.39 6.40 6.60 6.61 6.58 6.61 6.80 6.84 6.92 7.04 6.92 6.88 6.84 6.91 6.86 6.78 6.73 6.69 6.72 6.53 6.56 6.59 6.90 6.92 6.65 6.66 6.66 6.95 6.56 6.57 6.57 6.59 6.55 6.47 6.49 6.41 6.37 6.41 6.51 6.49 6.48 6.47 6.41 6.41 6.52 6.52
6.88 6.87 6.87 6.87 6.86 6.85 6.84 6.81 6.66 6.28 6.26 6.24 6.13 6.10 6.06 6.00 5.96 5.92 5.73 5.74 5.81 5.87 5.93 6.03 6.12 6.15 6.16 6.17 5.91 6.25 6.06 6.29 6.33 6.38 6.34 6.39 6.41 6.41 6.42 6.41 6.38 6.38 6.70 6.57 6.60 6.75 6.61 6.86 6.85 6.83 6.80 6.90 6.83 6.79 6.75 6.77 6.76 6.56 6.58 6.60 6.73 6.52 6.65 6.66 6.67 6.39 6.31 6.32 6.38 6.40 6.24 6.41 6.45 6.48 6.54 6.48 6.46 6.39 6.35 6.33 6.45 6.42 6.47 6.47
6.86 6.86 6.95 6.95 6.95 6.95 6.94 6.61 6.60 6.58 6.20 6.18 6.15 6.11 6.06 5.99 5.70 5.62 5.56 5.57 5.63 5.73 5.89 5.97 6.02 6.11 6.14 5.87 5.88 6.04 6.05 6.29 6.47 6.48 6.50 6.51 6.45 6.46 6.46 6.52 6.55 6.69 6.69 6.69 6.57 6.71 6.67 6.66 6.81 6.79 6.91 6.88 6.85 6.83 6.79 6.76 6.75 6.76 6.79 6.71 6.74 6.52 6.54 6.38 6.38 6.50 6.31 6.23 6.25 6.23 6.27 6.46 6.53 6.69 6.63 6.63 6.57 6.47 6.37 6.32 6.34 6.48 6.46 6.46
6.90 6.91 6.93 6.94 6.95 6.64 6.64 6.63 6.61 6.60 6.58 6.55 6.15 6.11 6.04 5.93 5.58 5.43 5.29 5.28 5.41 5.58 5.73 5.91 5.98 6.00 6.03 6.05 5.86 6.14 6.19 6.46 6.47 6.49 6.49 6.54 6.58 6.61 6.60 6.56 6.56 6.69 6.68 6.67 6.82 6.79 6.63 6.63 6.93 6.92 6.89 6.87 6.83 6.81 6.76 6.70 6.69 6.72 6.77 6.70 6.73 6.47 6.48 6.31 6.38 6.50 6.22 6.23 6.21 6.25 6.31 6.47 6.62 6.76 6.86 6.86 6.74 6.54 6.43 6.35 6.40 6.37 6.46 6.45
6.85 6.87 6.90 6.66 6.65 6.65 6.64 6.63 6.62 6.61 6.59 6.56 6.52 6.10 6.01 5.66 5.46 5.18 4.88 4.84 5.13 5.43 5.65 5.86 5.95 5.98 6.02 6.04 5.99 6.01 6.18 6.19 6.47 6.49 6.51 6.58 6.65 6.71 6.68 6.61 6.58 6.54 6.67 6.66 6.80 6.93 6.75 6.76 6.92 6.90 6.88 6.85 6.84 6.78 6.70 6.60 6.57 6.64 6.73 6.69 6.73 6.53 6.54 6.31 6.29 6.30 6.22 6.19 6.21 6.26 6.44 6.55 6.74 6.99 7.19 7.16 6.89 6.65 6.46 6.35 6.41 6.37 6.28 6.26
6.71 6.68 6.67 6.66 6.65 6.65 6.64 6.63 6.62 6.61 6.59 6.56 6.52 6.46 6.00 5.63 5.39 5.01 4.42 4.29 4.92 5.34 5.60 5.76 5.92 5.98 6.02 6.17 5.98 6.20 6.21 6.29 6.31 6.47 6.52 6.60 6.71 6.86 6.77 6.64 6.59 6.54 6.66 6.94 6.93 6.92 6.91 7.04 7.04 7.02 7.01 6.84 6.83 6.77 6.66 6.50 6.39 6.41 6.49 6.49 6.51 6.53 6.54 6.40 6.41 6.30 6.17 6.19 6.32 6.37 6.45 6.59 6.81 7.12 7.66 7.54 7.03 6.70 6.48 6.35 6.34 6.29 6.26 6.25
