data/Validacao/F051115.grd
DSAA
94	94
0.0000	100.0000
0.0000	100.0000
4.2885	11.2156
[rows 38 to 75 of 94, columns 0 to 83 of 94]
6.70 6.70 6.70 6.70 6.65 6.64 6.63 6.62 6.61 6.60 6.59 6.56 6.53 6.46 6.13 5.98 5.43 5.10 4.67 4.61 5.02 5.38 5.61 5.75 5.92 5.97 5.88 5.90 6.03 6.09 6.10 6.28 6.30 6.32 6.51 6.58 6.68 6.77 6.72 6.62 6.58 6.79 6.78 6.92 6.87 6.86 6.89 6.78 6.86 7.01 7.00 6.80 6.75 6.70 6.62 6.52 6.37 6.44 6.50 6.49 6.52 6.53 6.54 6.55 6.56 6.35 6.34 6.36 6.32 6.37 6.44 6.53 6.73 7.04 7.39 7.33 6.96 6.67 6.58 6.46 6.32 6.27 6.25 6.23
6.71 6.70 6.70 6.70 6.69 6.69 6.68 6.61 6.60 6.59 6.57 6.56 6.52 6.47 6.16 6.04 5.86 5.33 5.14 5.12 5.29 5.50 5.66 5.78 5.70 5.74 5.86 5.91 6.01 6.02 6.08 6.12 6.26 6.30 6.34 6.65 6.60 6.63 6.61 6.56 6.80 6.78 6.76 6.90 6.89 6.87 6.87 6.75 6.75 6.65 6.81 6.80 6.78 6.72 6.68 6.62 6.46 6.48 6.51 6.50 6.52 6.53 6.54 6.55 6.34 6.35 6.29 6.52 6.47 6.51 6.36 6.47 6.62 6.80 6.94 6.92 6.75 6.66 6.53 6.43 6.29 6.24 6.54 6.52
6.71 6.70 6.70 6.69 6.68 6.67 6.66 6.64 6.63 6.61 6.60 6.54 6.52 6.24 6.19 6.11 6.00 5.87 5.47 5.46 5.52 5.63 5.73 5.81 5.70 5.73 5.88 5.89 5.98 5.99 6.01 6.10 6.13 6.27 6.31 6.25 6.55 6.56 6.63 6.61 6.78 6.76 6.74 6.88 6.87 6.84 6.83 6.72 6.62 6.63 6.63 6.79 6.89 6.87 6.52 6.51 6.51 6.52 6.54 6.56 6.53 6.53 6.54 6.33 6.34 6.32 6.37 6.39 6.47 6.51 6.42 6.55 6.49 6.59 6.65 6.64 6.61 6.50 6.45 6.48 6.24 6.31 6.49 6.52
6.71 6.70 6.70 6.69 6.67 6.65 6.63 6.60 6.58 6.57 6.56 6.56 6.31 6.30 6.22 6.18 6.12 6.05 6.01 5.99 5.69 5.74 5.79 5.71 5.73 5.71 5.72 5.85 5.84 5.95 6.00 6.06 6.10 6.28 6.31 6.51 6.41 6.68 6.82 6.81 6.72 6.60 6.65 6.85 6.70 6.78 6.77 6.59 6.58 6.59 6.61 6.89 6.90 6.68 6.67 6.54 6.54 6.55 6.56 6.57 6.53 6.53 6.42 6.42 6.42 6.43 6.36 6.32 6.34 6.48 6.39 6.49 6.54 6.59 6.61 6.51 6.47 6.55 6.49 6.42 6.66 6.60 6.46 6.44
6.71 6.70 6.69 6.68 6.65 6.62 6.59 6.54 6.51 6.48 6.48 6.49 6.28 6.29 6.29 6.28 6.25 6.11 6.14 6.14 6.15 5.81 5.83 5.85 5.70 5.68 5.73 5.71 5.79 5.88 5.98 6.02 6.07 6.38 6.57 6.51 6.52 6.65 6.57 6.56 6.66 6.64 6.69 6.85 6.81 6.69 6.54 6.54 6.70 6.74 6.78 6.59 6.67 6.68 6.69 6.69 6.70 6.57 6.57 6.57 6.68 6.42 6.43 6.43 6.42 6.26 6.29 6.30 6.32 6.34 6.49 6.52 6.54 6.74 6.75 6.62 6.75 6.71 6.65 6.89 6.72 6.64 6.57 6.52
6.70 6.70 6.69 6.66 6.63 6.59 6.53 6.45 6.38 6.34 6.35 6.39 6.22 6.27 6.30 6.31 6.29 6.29 6.27 6.27 6.27 6.22 6.06 5.91 5.88 5.70 5.65 5.66 5.88 5.82 5.88 5.96 6.05 6.32 6.36 6.39 6.40 6.57 6.53 6.64 6.62 6.59 6.70 6.64 6.71 6.35 6.30 6.30 6.44 6.28 6.34 6.39 6.70 6.89 6.91 6.92 6.74 6.74 6.74 6.69 6.69 6.43 6.42 6.41 6.29 6.29 6.25 6.26 6.25 6.40 6.57 6.59 6.50 6.73 6.73 6.72 6.69 6.65 6.87 6.79 6.68 6.56 6.44 6.34
6.70 6.69 6.67 6.65 6.61 6.55 6.45 6.33 6.20 6.11 6.13 5.99 6.14 6.21 6.14 6.29 6.30 6.32 6.32 6.38 6.38 6.37 5.99 5.95 5.91 5.84 5.58 5.69 5.65 5.66 5.78 5.90 6.00 6.13 6.34 6.37 6.56 6.57 6.77 6.63 6.60 6.57 6.46 6.56 6.44 6.17 6.07 6.07 6.17 6.17 6.28 6.36 6.68 6.72 6.92 6.93 6.75 6.75 6.75 6.70 6.64 6.42 6.41 6.28 6.27 6.26 6.18 6.19 6.20 6.49 6.55 6.63 6.69 6.69 6.69 6.68 6.62 6.88 6.81 6.71 6.57 6.38 6.15 5.96
6.70 6.69 6.66 6.63 6.57 6.51 6.38 6.18 5.92 5.72 5.61 5.83 6.03 6.15 6.24 6.29 6.40 6.41 6.42 6.41 6.41 6.39 6.36 5.94 5.94 5.80 5.44 5.23 5.23 5.38 5.62 5.82 6.20 6.10 6.47 6.68 6.71 6.56 6.73 6.71 6.56 6.51 6.59 6.49 6.21 5.98 5.75 5.75 5.93 6.15 6.21 6.33 6.67 6.72 6.86 6.94 6.76 6.76 6.81 6.65 6.64 6.62 6.28 6.26 6.24 6.15 6.16 6.17 6.44 6.48 6.59 6.61 6.62 6.70 6.74 6.62 6.90 6.85 6.77 6.65 6.46 6.17 5.78 5.36
6.71 6.69 6.66 6.63 6.57 6.47 6.31 6.05 5.66 5.17 5.24 5.67 5.95 6.19 6.31 6.37 6.41 6.43 6.44 6.44 6.43 6.40 6.36 6.02 5.91 5.73 5.30 4.90 4.66 5.09 5.49 5.98 6.17 6.28 6.47 6.68 6.71 6.72 6.73 6.71 6.68 6.50 6.57 6.35 6.11 5.75 5.23 5.23 5.69 6.05 6.28 6.31 6.55 6.60 6.86 6.88 6.76 6.82 6.77 6.66 6.64 6.30 6.28 6.25 6.26 6.11 6.13 6.31 6.36 6.59 6.62 6.64 6.65 6.68 6.73 6.92 6.89 6.84 6.75 6.61 6.39 6.03 5.45 4.61
6.81 6.69 6.66 6.62 6.56 6.46 6.32 5.85 5.50 5.07 5.29 5.71 6.01 6.20 6.32 6.38 6.42 6.45 6.46 6.45 6.44 6.42 6.46 6.03 5.92 5.74 5.40 4.97 4.69 5.12 5.54 5.98 6.17 6.29 6.64 6.69 6.71 6.73 6.73 6.72 6.69 6.79 6.57 6.34 6.10 5.75 5.23 5.24 5.70 6.06 6.28 6.58 6.56 6.61 6.64 6.84 6.86 6.93 6.78 6.74 6.72 6.66 6.37 6.32 6.25 6.18 6.23 6.30 6.53 6.58 6.61 6.63 6.92 6.93 6.98 6.92 6.89 6.84 6.75 6.62 6.39 6.03 5.45 4.61
6.84 6.82 6.80 6.75 6.69 6.60 6.22 6.04 5.81 5.58 5.66 5.94 6.15 6.24 6.34 6.40 6.44 6.46 6.47 6.47 6.46 6.53 6.48 6.31 5.89 5.75 5.55 5.32 5.27 5.43 5.68 6.05 6.21 6.48 6.66 6.70 6.73 6.74 6.75 6.73 6.70 6.81 6.51 6.39 6.20 5.96 5.75 5.73 5.96 6.16 6.33 6.61 6.69 6.69 6.72 6.74 6.85 6.83 6.82 6.75 6.73 6.66 6.38 6.34 6.29 6.26 6.28 6.37 6.53 6.58 6.87 6.90 6.92 6.97 6.97 7.04 6.89 6.85 6.77 6.65 6.46 6.17 5.77 5.35
6.88 6.87 6.84 6.80 6.74 6.66 6.31 6.11 5.99 5.91 5.93 6.14 6.26 6.36 6.44 6.43 6.46 6.48 6.49 6.49 6.62 6.60 6.41 6.35 5.95 5.85 5.73 5.62 5.78 5.84 5.97 5.99 6.30 6.52 6.69 6.73 6.76 6.77 6.77 6.76 6.73 6.84 6.68 6.46 6.34 6.21 6.11 6.10 6.20 6.28 6.40 6.66 6.73 6.72 6.75 6.65 6.74 6.73 6.92 6.88 6.85 6.81 6.39 6.35 6.32 6.35 6.36 6.38 6.41 6.83 6.86 6.89 6.96 6.97 6.98 7.04 7.03 6.87 6.81 6.71 6.57 6.37 6.13 5.93
6.95 6.93 6.90 6.85 6.79 6.54 6.31 6.23 6.16 6.24 6.24 6.29 6.36 6.43 6.48 6.52 6.58 6.60 6.52 6.66 6.64 6.71 6.67 6.40 6.01 6.09 6.01 5.95 6.03 6.05 6.09 6.17 6.33 6.39 6.73 6.73 6.94 6.95 6.95 6.76 6.95 6.71 6.73 6.44 6.36 6.38 6.34 6.39 6.44 6.52 6.48 6.54 6.82 6.74 6.78 6.69 6.78 6.81 6.79 7.03 6.87 6.82 6.62 6.41 6.38 6.36 6.37 6.38 6.65 6.81 6.85 6.92 6.95 6.97 6.99 7.06 7.05 7.02 6.86 6.79 6.68 6.54 6.40 6.29
7.06 7.04 6.99 6.85 6.78 6.45 6.51 6.45 6.40 6.38 6.38 6.40 6.44 6.48 6.52 6.59 6.61 6.64 6.78 6.78 6.77 6.74 6.84 6.64 6.21 6.17 6.12 6.06 6.28 6.16 6.20 6.39 6.44 6.78 6.83 6.64 6.65 6.67 6.66 6.93 6.92 6.87 6.48 6.43 6.38 6.34 6.48 6.44 6.57 6.61 6.67 6.87 6.75 6.80 6.84 6.80 6.98 7.01 6.98 7.01 6.96 6.74 6.61 6.56 6.52 6.34 6.58 6.59 6.62 6.65 6.84 6.90 6.94 6.97 7.00 7.08 7.08 7.07 7.03 6.99 6.78 6.68 6.57 6.49
7.10 7.07 6.80 6.70 6.60 6.52 6.51 6.53 6.49 6.47 6.46 6.47 6.49 6.52 6.62 6.69 6.72 6.84 6.86 6.95 6.86 6.80 6.77 6.63 6.31 6.28 6.24 6.39 6.30 6.46 6.41 6.45 6.64 6.66 6.72 6.78 6.84 6.78 6.90 6.86 6.80 6.74 6.66 6.53 6.49 6.46 6.28 6.27 6.29 6.45 6.49 6.68 6.74 6.80 6.86 7.12 7.17 7.14 7.08 7.01 6.87 6.97 6.59 6.52 6.46 6.32 6.50 6.52 6.56 6.73 6.78 6.86 6.92 7.12 7.17 7.20 7.21 7.12 7.12 7.07 6.99 6.88 6.78 6.70
7.41 7.18 7.02 6.84 6.69 6.58 6.57 6.51 6.59 6.57 6.56 6.56 6.58 6.60 6.63 6.77 6.80 6.90 6.92 6.94 6.82 6.82 6.78 6.59 6.56 6.46 6.46 6.45 6.51 6.53 6.55 6.33 6.38 6.72 6.80 6.90 6.99 7.15 7.13 6.98 6.89 6.80 6.58 6.57 6.54 6.51 6.34 6.34 6.34 6.50 6.54 6.73 6.81 6.90 7.00 7.19 7.34 7.23 7.13 7.07 6.89 6.96 6.81 6.69 6.35 6.19 6.19 6.55 6.58 6.63 6.69 6.90 6.92 7.11 7.19 7.23 7.26 7.29 7.28 7.17 7.08 6.93 6.79 6.67
7.81 7.65 7.33 7.04 6.83 6.68 6.59 6.53 6.62 6.60 6.59 6.60 6.61 6.74 6.78 6.82 6.87 6.98 7.03 6.99 6.93 6.98 6.94 6.62 6.59 6.49 6.47 6.49 6.55 6.57 6.60 6.36 6.70 6.77 6.88 7.15 7.31 7.42 7.37 7.21 6.98 6.86 6.62 6.56 6.57 6.55 6.37 6.37 6.38 6.54 6.58 6.78 6.87 7.01 7.21 7.45 7.59 7.44 7.25 7.08 6.88 6.94 6.79 6.57 6.36 5.97 6.10 6.37 6.47 6.52 6.64 6.79 6.95 7.11 7.22 7.29 7.33 7.37 7.40 7.37 7.25 7.04 6.73 6.60
8.65 8.20 7.59 7.17 6.90 6.73 6.62 6.56 6.52 6.64 6.62 6.74 6.74 6.76 6.76 6.81 6.88 6.97 7.13 7.15 7.11 7.02 6.96 6.92 6.89 6.51 6.50 6.49 6.58 6.60 6.62 6.62 6.68 6.82 7.07 7.27 7.55 7.83 7.68 7.37 7.14 6.91 6.66 6.59 6.55 6.57 6.57 6.39 6.54 6.57 6.61 6.64 6.76 6.95 7.39 7.76 8.02 7.61 7.37 7.13 6.90 6.85 6.66 6.41 6.04 5.72 5.95 6.20 6.32 6.30 6.39 6.65 6.90 7.10 7.28 7.36 7.39 7.45 7.54 7.59 7.38 7.06 6.69 6.31
9.18 8.43 7.68 7.21 6.92 6.74 6.64 6.72 6.68 6.66 6.65 6.82 6.82 6.83 6.85 6.82 6.88 7.00 7.19 7.30 7.14 7.04 6.97 6.93 6.90 6.84 6.83 6.83 6.88 6.84 6.60 6.64 6.70 6.96 7.10 7.31 7.65 8.11 7.83 7.42 7.16 7.00 6.66 6.60 6.56 6.59 6.60 6.69 6.75 6.72 6.58 6.65 6.78 6.98 7.45 7.93 8.26 7.71 7.41 7.05 6.86 6.84 6.64 6.37 5.94 5.55 5.82 6.16 6.29 6.22 6.21 6.60 6.89 7.11 7.31 7.40 7.42 7.49 7.62 7.75 7.47 7.10 6.69 6.17
8.27 7.98 7.50 7.14 6.89 6.73 6.78 6.72 6.69 6.69 6.83 6.82 6.83 6.84 6.86 6.89 6.86 6.95 7.13 7.14 7.09 7.02 6.96 6.93 6.86 6.84 6.84 6.66 6.89 6.87 6.89 6.92 6.83 6.91 7.08 7.25 7.48 7.66 7.57 7.32 7.12 6.98 6.81 6.60 6.57 6.55 6.62 6.71 6.72 6.73 6.59 6.65 6.76 6.93 7.33 7.61 7.73 7.50 7.22 7.02 6.85 6.85 6.68 6.42 6.32 6.08 6.21 6.29 6.39 6.41 6.48 6.68 6.90 7.14 7.28 7.31 7.35 7.49 7.56 7.57 7.41 7.14 6.84 6.56
7.57 7.46 7.23 6.96 6.78 6.66 6.59 6.74 6.86 6.85 6.84 6.83 6.83 6.84 6.85 6.88 6.91 6.99 7.03 7.03 6.99 6.98 7.09 7.07 7.05 6.64 6.63 6.63 6.69 6.87 6.89 6.79 6.83 6.90 7.03 7.15 7.27 7.34 7.29 7.17 7.04 6.86 6.79 6.60 6.58 6.54 6.54 6.69 6.74 6.75 6.78 6.64 6.79 6.83 7.04 7.41 7.44 7.27 6.98 6.91 6.91 6.79 6.88 6.72 6.60 6.49 6.56 6.64 6.57 6.62 6.69 6.82 6.96 7.16 7.26 7.27 7.31 7.45 7.47 7.46 7.37 7.21 7.08 6.93
7.14 7.10 6.98 6.82 6.71 6.83 6.78 6.89 6.87 6.86 6.86 6.85 6.85 6.85 6.85 6.86 7.02 6.94 6.96 6.96 6.94 6.94 6.74 7.06 6.64 6.63 6.63 6.68 6.69 6.87 6.81 6.84 6.83 6.89 7.05 7.07 7.12 7.15 7.12 7.04 6.96 6.81 6.76 6.62 6.55 6.56 6.58 6.72 6.73 6.78 6.79 6.81 6.75 6.81 6.88 6.94 7.21 7.08 6.99 6.85 6.89 6.80 6.94 6.84 6.80 6.74 6.80 6.83 7.01 7.05 7.12 7.21 7.31 7.12 7.21 7.34 7.38 7.46 7.47 7.46 7.41 7.34 7.28 7.20
6.88 6.86 6.82 6.76 6.70 6.80 6.92 6.90 6.89 6.89 6.88 6.87 6.86 6.85 6.85 6.99 7.00 7.00 6.91 6.91 6.90 6.91 6.90 6.70 6.63 6.63 6.83 6.83 6.68 6.79 6.82 6.85 6.89 7.00 7.04 7.08 7.11 7.06 7.02 6.91 6.84 6.78 6.72 6.60 6.63 6.61 6.64 6.79 6.79 6.82 6.81 6.81 6.72 6.74 6.77 6.79 7.08 6.95 6.90 6.80 6.88 7.06 6.99 6.98 6.92 6.88 6.94 6.95 7.12 7.16 7.22 7.30 7.39 7.17 7.25 7.37 7.41 7.48 7.49 7.49 7.48 7.46 7.46 7.44
6.74 6.73 6.71 6.74 6.72 6.70 6.82 6.92 6.93 6.93 6.92 6.91 6.89 6.87 6.86 6.99 6.99 6.99 6.89 6.89 6.91 6.90 6.90 6.89 6.83 6.82 6.81 6.81 6.90 6.93 6.82 6.87 6.79 6.84 7.07 7.10 7.11 7.01 6.95 6.86 6.77 6.70 6.68 6.66 6.73 6.88 6.96 6.98 6.97 6.93 6.94 6.91 6.70 6.80 6.66 6.80 6.89 6.87 6.56 6.82 6.99 7.10 7.07 7.23 7.28 7.24 7.00 7.00 7.17 7.20 7.26 7.35 7.45 7.56 7.64 7.52 7.54 7.54 7.54 7.56 7.58 7.62 7.68 7.71
6.71 6.71 6.70 6.69 6.69 6.70 6.83 6.86 6.90 6.91 6.99 6.96 6.93 6.90 6.87 6.86 7.19 7.18 7.18 7.08 7.07 6.90 6.89 6.83 6.81 6.80 6.85 6.84 6.85 6.90 6.96 6.92 6.86 6.92 6.96 7.16 7.18 7.08 6.99 6.85 6.70 6.59 6.56 6.65 6.94 6.99 6.99 7.03 7.12 7.04 7.00 6.93 6.89 6.78 6.61 6.60 6.62 6.54 6.52 6.79 6.98 7.13 7.08 7.23 7.16 7.12 7.17 7.16 7.14 7.17 7.23 7.35 7.50 7.65 7.76 7.66 7.66 7.63 7.63 7.65 7.71 7.81 8.03 8.12
6.65 6.65 6.66 6.66 6.67 6.70 6.75 6.92 7.00 7.05 7.03 7.05 6.98 6.92 7.21 7.20 7.19 7.18 7.17 7.17 7.06 7.00 6.88 6.58 6.57 6.84 6.80 6.77 6.78 6.85 6.96 6.98 7.09 7.14 7.09 7.17 7.22 7.25 7.12 6.82 6.61 6.49 6.38 6.55 6.86 7.15 7.31 7.37 7.36 7.10 7.03 6.97 6.90 6.81 6.59 6.57 6.59 6.51 6.78 7.00 6.97 6.94 7.07 7.20 7.11 7.04 7.08 7.08 7.08 7.05 7.12 7.42 7.65 7.77 7.96 7.88 7.83 7.95 7.92 7.77 7.87 8.13 8.38 8.61
6.62 6.62 6.63 6.64 6.66 6.71 6.78 6.89 7.13 7.27 7.29 7.14 7.31 7.25 7.22 7.20 7.19 7.18 7.17 7.17 7.07 7.00 6.58 6.57 6.86 6.81 6.75 6.67 6.65 6.77 6.86 7.05 7.24 7.32 7.32 7.37 7.50 7.48 7.35 7.00 6.57 6.15 5.96 6.32 6.85 7.42 7.91 7.91 7.60 7.25 7.06 6.92 6.90 6.81 6.77 6.74 6.57 6.76 6.77 6.75 6.96 6.93 7.06 7.15 7.01 6.88 6.94 6.98 6.93 6.85 6.98 7.29 7.66 8.04 8.27 8.22 8.18 8.04 7.98 8.01 8.15 8.34 8.77 9.31
6.90 6.60 6.61 6.63 6.66 6.70 6.79 6.93 7.31 7.56 7.58 7.42 7.32 7.26 7.23 7.20 7.19 7.18 7.17 7.17 7.07 6.76 6.58 6.57 6.85 6.80 6.72 6.59 6.50 6.71 6.86 7.09 7.39 7.50 7.40 7.44 7.75 7.97 7.64 7.07 6.48 5.84 5.43 6.12 6.83 7.57 8.44 8.54 7.79 7.33 7.09 6.92 6.82 6.80 6.76 7.05 6.76 6.92 6.76 6.75 6.96 7.04 6.99 7.13 6.93 6.69 6.82 6.92 6.85 6.66 6.65 7.19 7.67 8.14 8.68 8.64 8.30 8.10 8.01 8.02 8.20 8.53 9.02 9.94
7.01 7.01 7.02 7.03 7.05 7.08 7.13 7.21 7.39 7.50 7.56 7.27 7.16 7.26 7.22 7.20 7.19 7.18 7.18 7.17 6.91 6.73 6.72 6.71 6.68 6.65 6.74 6.65 6.62 6.76 6.95 7.14 7.34 7.43 7.43 7.49 7.63 7.66 7.37 6.90 6.54 6.06 5.87 6.30 6.88 7.50 8.01 8.10 7.74 7.43 7.19 7.10 6.96 6.82 6.78 6.79 6.61 6.86 6.78 6.78 6.99 6.97 7.15 7.06 7.02 6.88 6.95 7.00 7.05 6.92 6.86 7.19 7.59 8.00 8.39 8.46 8.24 8.08 8.01 8.04 8.26 8.57 9.05 9.64
6.99 7.00 7.01 7.02 7.04 7.06 7.10 7.24 7.30 7.35 7.33 7.42 7.12 7.07 7.04 7.02 7.01 7.30 7.29 7.26 6.92 6.74 6.73 6.72 6.70 6.68 6.93 6.87 6.86 6.84 6.95 7.08 7.19 7.27 7.31 7.36 7.41 7.29 7.11 6.83 6.52 6.39 6.32 6.52 6.87 7.25 7.52 7.60 7.52 7.27 7.11 7.06 6.94 6.90 6.64 6.78 6.60 6.61 6.78 6.77 6.99 6.97 7.18 7.12 7.16 7.08 7.13 7.14 7.13 7.12 7.19 7.33 7.59 7.88 8.08 8.18 8.12 8.02 7.99 8.12 8.25 8.45 8.74 9.01
6.98 6.98 6.99 7.00 7.02 7.04 7.01 7.05 7.09 7.33 7.33 7.47 7.45 7.44 7.43 7.02 7.31 7.30 7.30 7.33 6.92 6.92 6.91 6.89 6.87 7.02 6.99 6.96 6.96 6.89 6.95 7.02 7.09 7.15 7.19 7.23 7.25 7.08 6.98 6.77 6.58 6.43 6.40 6.64 6.83 7.04 7.21 7.28 7.25 7.17 7.01 7.00 6.90 6.74 6.72 6.61 6.59 6.60 6.60 6.77 6.77 7.24 7.21 7.17 7.13 7.22 7.28 7.27 7.28 7.30 7.36 7.49 7.62 7.78 7.90 8.01 8.01 8.00 8.08 8.12 8.20 8.32 8.47 8.59
7.06 7.07 7.08 7.09 7.10 6.96 6.98 7.25 7.27 7.28 7.28 7.27 7.44 7.43 7.43 7.43 7.43 7.43 7.69 7.35 6.95 6.94 6.93 6.91 6.90 6.88 7.04 7.03 7.02 6.92 6.94 6.97 7.02 7.06 7.10 7.14 7.00 6.98 6.90 6.73 6.60 6.49 6.45 6.48 6.75 6.87 6.97 7.03 7.04 7.02 6.99 6.96 6.74 6.71 6.69 6.68 6.59 6.59 6.59 6.60 6.78 7.24 7.23 7.21 7.19 7.48 7.44 7.43 7.38 7.41 7.46 7.55 7.66 7.74 7.83 7.94 7.96 8.07 8.08 8.11 8.17 8.24 8.38 8.43
7.03 7.04 7.05 7.07 7.08 7.25 7.27 7.28 7.29 7.30 7.30 7.30 7.43 7.43 7.43 7.44 7.44 7.58 7.58 7.49 7.08 6.84 6.96 6.94 6.93 6.92 6.98 6.87 6.95 6.94 6.93 6.93 6.94 6.98 7.03 7.09 6.97 6.96 6.89 6.72 6.57 6.45 6.39 6.39 6.45 6.70 6.78 6.84 6.87 6.89 6.90 6.79 6.69 6.68 6.66 6.65 6.75 6.57 6.58 6.59 6.61 7.25 7.25 7.25 7.24 7.23 7.49 7.48 7.44 7.46 7.51 7.58 7.67 7.85 7.93 8.00 8.03 8.09 8.11 8.14 8.17 8.21 8.31 8.33
6.98 6.99 7.01 7.04 7.21 7.23 7.25 7.26 7.27 7.28 7.29 7.29 7.29 7.43 7.43 7.45 7.59 7.60 7.61 7.26 7.24 6.89 6.99 6.97 6.96 6.96 7.02 7.01 6.89 6.85 6.90 6.86 6.85 6.89 6.97 7.08 7.02 7.03 6.95 6.77 6.52 6.33 6.23 6.22 6.27 6.34 6.55 6.65 6.72 6.78 6.70 6.67 6.72 6.64 6.62 6.61 6.63 6.63 6.56 6.58 6.61 7.09 7.26 7.27 7.27 7.24 7.52 7.50 7.45 7.46 7.51 7.59 7.69 7.89 7.98 8.05 8.09 8.15 8.18 8.21 8.23 8.25 8.32 8.33
6.91 6.92 6.97 7.14 7.19 7.22 7.24 7.25 7.26 7.27 7.27 7.28 7.29 7.54 7.55 7.59 7.61 7.64 7.35 7.36 7.32 7.27 7.14 7.11 6.99 6.99 7.07 7.08 6.96 6.97 6.87 6.76 6.70 6.74 6.90 6.97 7.16 7.24 7.11 6.81 6.42 6.10 5.92 5.93 6.03 6.13 6.32 6.41 6.41 6.56 6.62 6.62 6.68 6.66 6.57 6.54 6.56 6.57 6.61 6.57 6.84 6.88 7.12 7.29 7.30 7.27 7.51 7.49 7.42 7.41 7.46 7.56 7.71 7.98 8.11 8.24 8.28 8.29 8.33 8.37 8.38 8.35 8.41 8.42
6.78 6.83 7.02 7.11 7.16 7.20 7.23 7.24 7.25 7.26 7.27 7.27 7.53 7.54 7.56 7.60 7.63 7.68 7.49 7.50 7.42 7.32 7.18 7.13 7.12 6.98 7.03 7.06 7.08 7.02 6.83 6.62 6.45 6.38 6.66 7.02 7.42 7.64 7.42 6.81 6.22 5.66 5.35 5.53 5.75 5.89 5.99 6.12 6.25 6.46 6.56 6.57 6.64 6.62 6.56 6.60 6.44 6.49 6.57 6.71 6.84 6.89 7.13 7.17 7.38 7.31 7.36 7.42 7.36 7.31 7.35 7.51 7.74 8.08 8.29 8.41 8.41 8.42 8.51 8.59 8.56 8.51 8.52 8.61
6.59 6.80 6.97 7.08 7.15 7.19 7.22 7.24 7.25 7.25 7.26 7.27 7.53 7.54 7.56 7.59 7.65 7.47 7.67 7.71 7.51 7.36 7.20 7.15 7.13 7.00 7.08 7.19 7.28 7.08 6.68 6.37 6.03 6.06 6.56 7.08 7.68 8.32 7.78 6.92 6.10 5.21 4.59 5.08 5.49 5.66 5.65 5.78 6.04 6.23 6.52 6.55 6.68 6.58 6.57 6.42 6.33 6.51 6.66 6.62 6.91 6.97 7.14 7.19 7.40 7.37 7.37 7.40 7.31 7.18 7.16 7.45 7.80 8.14 8.55 8.63 8.54 8.56 8.69 8.91 8.75 8.61 8.64 8.83
6.69 6.82 6.98 7.08 7.15 7.19 7.21 7.23 7.24 7.25 7.26 7.40 7.41 7.42 7.45 7.38 7.45 7.55 7.63 7.67 7.49 7.36 7.34 7.30 7.28 7.15 7.20 7.21 7.35 7.00 6.67 6.38 6.07 6.11 6.56 7.06 7.63 8.20 7.69 6.89 6.11 5.28 4.75 5.14 5.51 5.81 5.78 5.83 6.08 6.22 6.34 6.47 6.49 6.65 6.48 6.44 6.37 6.53 6.67 6.77 6.91 6.97 6.97 7.14 7.20 7.31 7.27 7.37 7.30 7.19 7.23 7.50 7.80 8.12 8.49 8.56 8.52 8.54 8.69 8.86 8.69 8.56 8.58 8.75
