data/Validacao/F061015.grd
DSAA
94	94
0.0000	100.0000
0.0000	100.0000
2.3170	5.5130
[rows 0 to 37 of 94, columns 0 to 83 of 94]
2.55 2.61 2.68 2.75 2.81 2.87 2.93 2.99 3.04 3.08 3.12 3.15 3.18 3.21 3.23 3.24 3.26 3.28 3.29 3.31 3.37 3.49 3.54 3.59 3.63 3.66 3.69 3.78 3.80 3.87 3.88 3.89 3.90 3.91 3.90 3.90 3.90 3.95 3.98 4.03 4.07 4.10 4.19 4.21 4.24 4.28 4.35 4.39 4.42 4.49 4.53 4.56 4.58 4.62 4.62 4.63 4.68 4.72 4.70 4.74 4.76 4.77 4.77 4.77 4.76 4.64 4.64 4.60 4.55 4.50 4.39 4.33 4.27 4.32 4.26 4.20 4.14 4.09 4.03 3.98 3.92 3.87 3.82 3.77
2.59 2.64 2.70 2.77 2.83 2.90 2.95 3.01 3.06 3.11 3.15 3.19 3.22 3.24 3.26 3.28 3.30 3.32 3.34 3.37 3.42 3.53 3.58 3.63 3.67 3.70 3.73 3.81 3.83 3.84 3.90 3.91 3.92 3.93 3.92 3.92 3.92 3.97 4.00 4.04 4.08 4.12 4.20 4.22 4.26 4.30 4.36 4.40 4.43 4.50 4.54 4.57 4.60 4.63 4.62 4.66 4.72 4.76 4.76 4.79 4.82 4.83 4.84 4.83 4.82 4.79 4.70 4.65 4.60 4.54 4.43 4.36 4.30 4.34 4.27 4.21 4.14 4.09 4.03 3.97 3.91 3.86 3.81 3.76
2.65 2.68 2.74 2.80 2.86 2.93 2.99 3.04 3.09 3.14 3.19 3.22 3.25 3.28 3.30 3.32 3.34 3.37 3.40 3.44 3.48 3.55 3.63 3.67 3.71 3.75 3.83 3.85 3.86 3.87 3.93 3.93 3.94 3.94 3.94 3.94 3.95 4.00 4.03 4.06 4.09 4.13 4.21 4.23 4.27 4.36 4.37 4.41 4.48 4.51 4.55 4.58 4.61 4.65 4.65 4.69 4.75 4.80 4.85 4.85 4.88 4.89 4.90 4.90 4.88 4.87 4.76 4.71 4.65 4.58 4.46 4.39 4.32 4.35 4.28 4.21 4.15 4.08 4.02 3.96 3.90 3.84 3.79 3.74
2.70 2.73 2.78 2.84 2.90 2.96 3.02 3.08 3.13 3.18 3.22 3.25 3.29 3.32 3.34 3.37 3.39 3.42 3.46 3.50 3.56 3.60 3.64 3.72 3.76 3.84 3.87 3.89 3.90 3.92 3.92 3.96 3.96 3.96 3.96 3.97 3.97 3.98 4.05 4.08 4.11 4.15 4.20 4.24 4.33 4.37 4.39 4.42 4.49 4.52 4.56 4.59 4.62 4.65 4.67 4.72 4.78 4.84 4.89 4.91 4.94 4.96 4.98 4.99 4.97 4.94 4.89 4.77 4.70 4.62 4.50 4.42 4.34 4.36 4.29 4.21 4.14 4.08 4.01 3.95 3.89 3.83 3.77 3.67
2.74 2.77 2.82 2.88 2.94 3.00 3.06 3.12 3.18 3.22 3.26 3.29 3.32 3.35 3.38 3.41 3.44 3.47 3.52 3.56 3.62 3.66 3.70 3.77 3.85 3.88 3.91 3.93 3.94 3.95 3.96 3.96 3.98 3.99 3.99 3.99 4.00 4.01 4.07 4.10 4.13 4.16 4.22 4.30 4.34 4.37 4.41 4.43 4.50 4.53 4.56 4.60 4.61 4.66 4.71 4.74 4.80 4.87 4.93 4.99 5.01 5.04 5.07 5.06 5.04 5.01 4.95 4.82 4.74 4.66 4.53 4.44 4.35 4.37 4.29 4.21 4.14 4.07 4.00 3.94 3.87 3.81 3.71 3.66
2.77 2.81 2.86 2.91 2.97 3.04 3.10 3.17 3.22 3.27 3.31 3.34 3.36 3.38 3.41 3.44 3.48 3.52 3.57 3.64 3.68 3.72 3.75 3.83 3.89 3.92 3.95 3.97 3.96 3.99 3.99 3.98 3.98 4.01 4.01 4.01 4.02 4.03 4.09 4.11 4.14 4.18 4.23 4.31 4.35 4.38 4.42 4.48 4.51 4.54 4.57 4.58 4.62 4.66 4.71 4.77 4.82 4.90 4.97 5.04 5.11 5.13 5.15 5.14 5.12 5.07 5.01 4.94 4.79 4.69 4.72 4.45 4.46 4.37 4.29 4.21 4.13 4.06 3.99 3.92 3.86 3.80 3.69 3.64
2.80 2.84 2.89 2.94 3.01 3.07 3.14 3.21 3.27 3.32 3.36 3.38 3.39 3.41 3.43 3.47 3.52 3.57 3.62 3.69 3.73 3.77 3.84 3.87 3.90 3.96 3.99 4.01 4.02 4.03 4.02 4.01 4.00 3.99 4.02 4.02 4.03 4.05 4.10 4.12 4.15 4.22 4.24 4.31 4.35 4.39 4.43 4.49 4.51 4.54 4.57 4.58 4.61 4.65 4.71 4.77 4.82 4.91 5.01 5.10 5.17 5.21 5.23 5.22 5.19 5.14 5.07 4.98 4.88 4.72 4.73 4.63 4.46 4.37 4.28 4.20 4.12 4.05 3.97 3.91 3.84 3.74 3.68 3.62
2.80 2.86 2.91 2.97 3.03 3.10 3.18 3.25 3.32 3.38 3.41 3.42 3.42 3.42 3.44 3.48 3.54 3.60 3.67 3.73 3.78 3.85 3.88 3.91 3.94 4.00 4.02 4.05 4.06 4.05 4.04 4.03 4.01 4.00 4.00 4.03 4.04 4.06 4.08 4.13 4.19 4.22 4.24 4.32 4.36 4.39 4.43 4.49 4.52 4.54 4.54 4.57 4.60 4.64 4.69 4.75 4.81 4.92 5.03 5.16 5.26 5.29 5.30 5.29 5.26 5.21 5.12 5.02 4.90 4.73 4.73 4.63 4.45 4.35 4.27 4.18 4.10 4.03 3.96 3.89 3.78 3.72 3.66 3.59
2.81 2.88 2.93 2.98 3.05 3.12 3.20 3.28 3.37 3.44 3.46 3.45 3.43 3.42 3.44 3.48 3.55 3.63 3.72 3.78 3.85 3.87 3.90 3.93 3.96 3.99 4.05 4.08 4.10 4.08 4.06 4.04 4.02 4.00 4.00 4.00 4.04 4.06 4.08 4.16 4.19 4.21 4.24 4.29 4.35 4.40 4.44 4.50 4.51 4.51 4.53 4.56 4.59 4.61 4.65 4.71 4.78 4.90 5.05 5.19 5.32 5.39 5.36 5.34 5.31 5.26 5.16 5.03 4.90 4.89 4.71 4.53 4.43 4.33 4.25 4.16 4.08 4.01 3.94 3.83 3.77 3.71 3.64 3.57
2.82 2.86 2.93 2.99 3.05 3.12 3.20 3.29 3.39 3.49 3.50 3.46 3.43 3.41 3.41 3.47 3.55 3.64 3.74 3.84 3.85 3.87 3.90 3.94 3.97 3.99 4.02 4.09 4.12 4.09 4.05 4.03 4.01 4.02 4.01 4.00 4.02 4.04 4.07 4.15 4.18 4.20 4.24 4.28 4.33 4.39 4.44 4.49 4.50 4.50 4.52 4.54 4.56 4.58 4.62 4.65 4.72 4.86 5.02 5.19 5.37 5.43 5.37 5.34 5.32 5.30 5.17 5.02 4.88 4.85 4.75 4.50 4.40 4.30 4.22 4.14 4.06 3.99 3.88 3.82 3.76 3.69 3.62 3.56
2.82 2.85 2.90 2.98 3.04 3.11 3.18 3.27 3.36 3.45 3.46 3.43 3.40 3.39 3.40 3.45 3.53 3.65 3.73 3.80 3.82 3.85 3.88 3.91 3.93 3.96 3.99 4.06 4.08 4.05 4.02 4.00 3.99 4.00 4.00 3.99 4.00 4.05 4.08 4.10 4.15 4.18 4.23 4.26 4.31 4.36 4.41 4.47 4.45 4.47 4.49 4.51 4.53 4.55 4.59 4.63 4.70 4.82 4.96 5.12 5.28 5.34 5.32 5.27 5.25 5.21 5.09 4.95 4.81 4.79 4.69 4.50 4.36 4.27 4.18 4.11 4.03 3.97 3.87 3.81 3.75 3.67 3.61 3.56
2.81 2.84 2.89 2.96 3.01 3.08 3.15 3.22 3.29 3.35 3.37 3.37 3.36 3.36 3.38 3.43 3.53 3.60 3.67 3.72 3.76 3.79 3.82 3.85 3.87 3.90 3.92 3.94 4.00 3.99 3.96 3.96 3.95 3.97 3.97 3.99 3.99 4.03 4.04 4.08 4.13 4.16 4.20 4.24 4.27 4.31 4.39 4.42 4.41 4.43 4.45 4.47 4.49 4.52 4.55 4.60 4.67 4.75 4.87 5.00 5.10 5.16 5.17 5.15 5.10 5.04 4.95 4.84 4.72 4.71 4.61 4.44 4.35 4.22 4.14 4.07 4.00 3.91 3.85 3.79 3.74 3.67 3.62 3.57
2.79 2.82 2.86 2.91 2.98 3.03 3.09 3.15 3.21 3.25 3.28 3.29 3.30 3.32 3.38 3.42 3.48 3.54 3.60 3.65 3.69 3.72 3.75 3.77 3.79 3.82 3.84 3.85 3.91 3.90 3.89 3.89 3.91 3.93 3.95 3.96 4.00 4.00 4.02 4.04 4.07 4.13 4.17 4.20 4.23 4.26 4.30 4.34 4.36 4.38 4.40 4.42 4.46 4.48 4.51 4.55 4.61 4.67 4.76 4.85 4.93 4.97 4.98 4.98 4.92 4.87 4.79 4.70 4.69 4.60 4.52 4.36 4.28 4.16 4.09 4.03 3.93 3.88 3.83 3.78 3.72 3.67 3.63 3.58
2.77 2.80 2.83 2.87 2.96 3.01 3.03 3.08 3.12 3.16 3.19 3.21 3.23 3.30 3.33 3.37 3.42 3.47 3.53 3.57 3.61 3.64 3.67 3.69 3.71 3.73 3.74 3.76 3.81 3.81 3.82 3.83 3.85 3.89 3.91 3.93 3.97 3.97 3.99 4.01 4.04 4.10 4.14 4.16 4.18 4.21 4.24 4.28 4.30 4.33 4.37 4.39 4.40 4.42 4.45 4.48 4.53 4.59 4.64 4.70 4.75 4.78 4.79 4.78 4.76 4.68 4.62 4.55 4.56 4.49 4.35 4.27 4.20 4.14 4.03 3.95 3.89 3.84 3.80 3.76 3.72 3.68 3.64 3.60
2.74 2.77 2.80 2.83 2.87 2.93 2.97 3.00 3.04 3.07 3.10 3.13 3.20 3.23 3.26 3.30 3.35 3.40 3.46 3.50 3.53 3.56 3.58 3.60 3.62 3.63 3.65 3.66 3.70 3.72 3.74 3.76 3.78 3.86 3.88 3.91 3.94 3.94 3.95 3.98 4.00 4.02 4.08 4.11 4.14 4.16 4.18 4.22 4.25 4.30 4.32 4.33 4.35 4.36 4.38 4.40 4.44 4.48 4.50 4.54 4.57 4.59 4.60 4.59 4.57 4.50 4.45 4.39 4.41 4.36 4.31 4.18 4.12 4.06 3.98 3.89 3.85 3.82 3.79 3.74 3.71 3.68 3.65 3.61
2.71 2.73 2.76 2.79 2.82 2.85 2.90 2.93 2.95 2.98 3.01 3.09 3.12 3.15 3.19 3.24 3.29 3.35 3.39 3.43 3.46 3.48 3.50 3.51 3.52 3.54 3.55 3.56 3.57 3.63 3.66 3.69 3.74 3.81 3.84 3.87 3.90 3.92 3.94 3.96 3.96 3.98 3.99 4.07 4.08 4.10 4.12 4.16 4.22 4.24 4.26 4.28 4.29 4.30 4.31 4.32 4.34 4.36 4.37 4.39 4.40 4.41 4.41 4.40 4.38 4.35 4.28 4.23 4.28 4.24 4.17 4.09 4.04 3.96 3.91 3.84 3.81 3.79 3.76 3.74 3.72 3.69 3.67 3.64
2.68 2.70 2.72 2.75 2.77 2.80 2.82 2.86 2.87 2.89 2.92 3.00 3.03 3.07 3.12 3.17 3.23 3.29 3.33 3.37 3.39 3.41 3.42 3.43 3.43 3.44 3.46 3.47 3.48 3.54 3.58 3.64 3.68 3.74 3.80 3.84 3.87 3.89 3.92 3.94 3.93 3.95 3.95 4.00 4.03 4.05 4.04 4.10 4.16 4.19 4.21 4.23 4.24 4.24 4.24 4.23 4.24 4.24 4.25 4.24 4.24 4.24 4.23 4.22 4.20 4.18 4.11 4.17 4.15 4.13 4.06 4.03 3.92 3.88 3.85 3.79 3.78 3.77 3.75 3.74 3.73 3.71 3.69 3.67
2.65 2.66 2.69 2.71 2.73 2.75 2.77 2.80 2.80 2.81 2.88 2.92 2.96 3.00 3.04 3.11 3.17 3.23 3.29 3.32 3.34 3.36 3.36 3.35 3.35 3.36 3.37 3.38 3.39 3.46 3.52 3.58 3.65 3.70 3.76 3.80 3.84 3.86 3.89 3.91 3.90 3.91 3.92 3.95 3.96 3.99 3.97 4.01 4.09 4.13 4.17 4.19 4.19 4.18 4.16 4.15 4.13 4.13 4.11 4.10 4.09 4.07 4.07 4.05 4.03 4.01 3.96 4.03 4.03 3.99 3.97 3.88 3.85 3.81 3.78 3.74 3.74 3.74 3.75 3.75 3.75 3.74 3.73 3.70
2.61 2.63 2.66 2.68 2.70 2.72 2.73 2.73 2.72 2.74 2.80 2.85 2.90 2.94 2.98 3.05 3.13 3.19 3.25 3.29 3.31 3.31 3.30 3.28 3.29 3.30 3.31 3.30 3.30 3.39 3.47 3.53 3.60 3.66 3.72 3.77 3.78 3.84 3.84 3.88 3.87 3.87 3.88 3.91 3.94 3.94 3.91 3.95 4.04 4.08 4.13 4.16 4.15 4.12 4.09 4.06 4.03 4.01 4.00 3.98 3.95 3.93 3.93 3.91 3.88 3.85 3.89 3.92 3.90 3.90 3.89 3.81 3.78 3.75 3.71 3.71 3.72 3.73 3.75 3.77 3.78 3.78 3.77 3.70
2.58 2.60 2.63 2.65 2.67 2.69 2.70 2.70 2.69 2.71 2.75 2.82 2.87 2.91 2.95 3.02 3.10 3.16 3.22 3.26 3.28 3.28 3.26 3.24 3.25 3.27 3.27 3.26 3.24 3.33 3.43 3.47 3.55 3.60 3.65 3.70 3.74 3.80 3.81 3.83 3.83 3.81 3.83 3.85 3.90 3.89 3.86 3.90 3.99 4.04 4.08 4.11 4.10 4.06 4.03 3.99 3.95 3.93 3.91 3.88 3.84 3.83 3.82 3.80 3.77 3.71 3.80 3.80 3.81 3.82 3.82 3.76 3.73 3.71 3.68 3.69 3.73 3.74 3.77 3.80 3.81 3.82 3.77 3.76
2.59 2.61 2.62 2.64 2.66 2.67 2.68 2.72 2.72 2.72 2.77 2.81 2.85 2.89 2.96 3.02 3.08 3.15 3.20 3.23 3.24 3.26 3.26 3.25 3.24 3.24 3.24 3.25 3.25 3.31 3.36 3.44 3.51 3.56 3.61 3.66 3.71 3.75 3.77 3.79 3.80 3.81 3.79 3.81 3.82 3.81 3.84 3.89 3.95 3.98 4.01 4.04 4.03 4.00 3.97 3.93 3.90 3.88 3.85 3.82 3.79 3.76 3.75 3.73 3.70 3.66 3.74 3.74 3.76 3.77 3.78 3.72 3.71 3.70 3.70 3.71 3.75 3.77 3.80 3.84 3.86 3.83 3.83 3.82
2.61 2.61 2.63 2.64 2.66 2.67 2.69 2.73 2.74 2.75 2.77 2.83 2.87 2.91 2.96 3.01 3.07 3.14 3.18 3.22 3.24 3.25 3.25 3.25 3.25 3.26 3.26 3.26 3.26 3.31 3.34 3.42 3.48 3.53 3.58 3.63 3.67 3.70 3.73 3.75 3.76 3.77 3.76 3.78 3.79 3.79 3.82 3.87 3.92 3.94 3.96 3.96 3.95 3.93 3.91 3.89 3.86 3.84 3.82 3.77 3.75 3.73 3.71 3.69 3.67 3.62 3.71 3.73 3.71 3.73 3.74 3.70 3.70 3.71 3.72 3.74 3.78 3.83 3.85 3.84 3.87 3.89 3.90 3.90
2.57 2.62 2.64 2.65 2.67 2.68 2.73 2.74 2.76 2.78 2.80 2.86 2.89 2.93 2.98 3.03 3.08 3.14 3.18 3.22 3.24 3.26 3.28 3.28 3.28 3.28 3.28 3.26 3.27 3.31 3.33 3.36 3.45 3.51 3.55 3.59 3.63 3.67 3.69 3.71 3.73 3.74 3.73 3.76 3.74 3.76 3.78 3.85 3.90 3.91 3.91 3.91 3.90 3.88 3.87 3.84 3.82 3.80 3.77 3.75 3.72 3.70 3.68 3.66 3.61 3.59 3.68 3.70 3.68 3.70 3.72 3.74 3.70 3.72 3.75 3.78 3.82 3.81 3.85 3.89 3.93 3.96 3.98 3.98
2.58 2.59 2.61 2.62 2.68 2.73 2.75 2.76 2.78 2.80 2.83 2.86 2.92 2.96 3.00 3.04 3.09 3.15 3.19 3.23 3.26 3.29 3.31 3.32 3.32 3.31 3.29 3.28 3.30 3.31 3.33 3.35 3.38 3.47 3.51 3.56 3.59 3.62 3.65 3.67 3.69 3.71 3.70 3.70 3.72 3.74 3.76 3.81 3.82 3.87 3.87 3.86 3.85 3.83 3.81 3.80 3.79 3.77 3.74 3.73 3.71 3.69 3.66 3.64 3.58 3.56 3.66 3.68 3.66 3.68 3.71 3.74 3.71 3.74 3.77 3.80 3.85 3.84 3.90 3.94 3.99 4.04 4.07 4.08
2.58 2.60 2.61 2.63 2.69 2.71 2.76 2.78 2.80 2.83 2.86 2.89 2.93 2.99 3.02 3.06 3.11 3.15 3.21 3.25 3.28 3.32 3.34 3.36 3.36 3.33 3.31 3.30 3.31 3.31 3.32 3.34 3.36 3.41 3.47 3.50 3.55 3.57 3.61 3.63 3.66 3.68 3.69 3.68 3.70 3.72 3.74 3.79 3.79 3.79 3.83 3.82 3.81 3.79 3.77 3.77 3.76 3.75 3.72 3.71 3.70 3.68 3.63 3.60 3.56 3.63 3.64 3.65 3.64 3.67 3.70 3.74 3.72 3.75 3.78 3.77 3.82 3.88 3.95 4.01 4.08 4.12 4.16 4.18
2.59 2.60 2.62 2.68 2.70 2.72 2.75 2.78 2.83 2.86 2.89 2.92 2.95 2.99 3.05 3.08 3.12 3.16 3.22 3.26 3.31 3.35 3.39 3.41 3.39 3.37 3.34 3.31 3.31 3.30 3.31 3.33 3.34 3.39 3.44 3.47 3.52 3.54 3.57 3.60 3.63 3.64 3.67 3.69 3.68 3.71 3.73 3.77 3.77 3.77 3.76 3.79 3.77 3.75 3.74 3.73 3.73 3.71 3.71 3.71 3.70 3.66 3.62 3.58 3.54 3.61 3.62 3.63 3.65 3.66 3.70 3.74 3.72 3.76 3.80 3.78 3.84 3.91 3.98 4.06 4.14 4.21 4.26 4.29
2.59 2.60 2.66 2.68 2.70 2.73 2.76 2.79 2.83 2.89 2.92 2.95 2.97 3.01 3.04 3.10 3.13 3.17 3.23 3.28 3.33 3.39 3.43 3.45 3.44 3.40 3.35 3.31 3.31 3.29 3.30 3.30 3.32 3.37 3.39 3.44 3.46 3.52 3.54 3.57 3.58 3.61 3.64 3.67 3.66 3.69 3.73 3.74 3.75 3.74 3.73 3.71 3.70 3.72 3.70 3.69 3.70 3.69 3.70 3.71 3.69 3.67 3.62 3.57 3.53 3.59 3.59 3.60 3.63 3.67 3.68 3.72 3.78 3.76 3.80 3.79 3.85 3.92 4.00 4.09 4.18 4.28 4.37 4.42
2.59 2.65 2.66 2.68 2.70 2.73 2.76 2.80 2.85 2.89 2.92 2.96 2.99 3.02 3.05 3.08 3.12 3.18 3.22 3.28 3.34 3.41 3.47 3.51 3.49 3.43 3.36 3.28 3.24 3.22 3.23 3.23 3.30 3.28 3.30 3.32 3.43 3.49 3.51 3.51 3.55 3.57 3.62 3.65 3.64 3.67 3.71 3.72 3.73 3.71 3.70 3.68 3.66 3.65 3.67 3.66 3.67 3.67 3.69 3.70 3.71 3.68 3.63 3.57 3.51 3.55 3.55 3.58 3.61 3.65 3.67 3.72 3.77 3.76 3.70 3.76 3.83 3.91 3.99 4.09 4.19 4.32 4.44 4.54
2.77 2.64 2.65 2.67 2.70 2.73 2.76 2.80 2.85 2.90 2.92 2.94 2.96 2.99 3.02 3.05 3.09 3.15 3.19 3.26 3.32 3.36 3.44 3.50 3.47 3.38 3.31 3.26 3.21 3.20 3.20 3.20 3.21 3.25 3.27 3.29 3.31 3.32 3.46 3.48 3.52 3.55 3.58 3.61 3.61 3.65 3.69 3.70 3.70 3.68 3.66 3.64 3.63 3.62 3.63 3.61 3.61 3.63 3.65 3.68 3.70 3.69 3.62 3.55 3.56 3.52 3.54 3.57 3.61 3.65 3.60 3.64 3.66 3.69 3.69 3.75 3.82 3.90 3.99 4.08 4.19 4.31 4.44 4.61
2.76 2.76 2.65 2.66 2.69 2.72 2.75 2.79 2.83 2.87 2.90 2.92 2.94 2.97 3.00 3.03 3.06 3.10 3.12 3.18 3.26 3.32 3.38 3.42 3.40 3.34 3.27 3.24 3.20 3.17 3.17 3.17 3.18 3.22 3.23 3.24 3.26 3.29 3.34 3.37 3.49 3.52 3.55 3.58 3.61 3.61 3.65 3.66 3.67 3.66 3.64 3.63 3.61 3.61 3.60 3.58 3.60 3.62 3.64 3.66 3.66 3.65 3.60 3.54 3.57 3.54 3.54 3.57 3.60 3.64 3.58 3.62 3.66 3.66 3.67 3.73 3.80 3.87 3.96 4.05 4.16 4.31 4.42 4.52
2.75 2.72 2.73 2.65 2.67 2.70 2.73 2.77 2.79 2.83 2.86 2.89 2.91 2.94 2.96 2.96 2.99 3.03 3.08 3.12 3.18 3.23 3.27 3.32 3.31 3.27 3.24 3.20 3.17 3.15 3.14 3.14 3.15 3.17 3.18 3.20 3.22 3.25 3.28 3.33 3.37 3.41 3.52 3.55 3.58 3.57 3.61 3.62 3.62 3.63 3.62 3.61 3.60 3.59 3.58 3.57 3.57 3.59 3.60 3.62 3.63 3.62 3.58 3.59 3.56 3.56 3.56 3.57 3.60 3.53 3.56 3.57 3.63 3.60 3.64 3.69 3.76 3.83 3.91 4.05 4.14 4.24 4.33 4.37
2.71 2.71 2.72 2.73 2.74 2.76 2.71 2.73 2.76 2.79 2.82 2.85 2.87 2.86 2.89 2.91 2.94 2.97 3.02 3.05 3.10 3.15 3.18 3.19 3.19 3.21 3.18 3.15 3.13 3.11 3.09 3.10 3.10 3.13 3.15 3.16 3.19 3.21 3.24 3.29 3.34 3.37 3.43 3.44 3.52 3.53 3.55 3.58 3.59 3.58 3.59 3.59 3.58 3.58 3.56 3.56 3.56 3.56 3.57 3.60 3.59 3.57 3.62 3.59 3.57 3.57 3.57 3.58 3.49 3.50 3.52 3.55 3.58 3.56 3.61 3.65 3.71 3.78 3.89 3.97 4.03 4.13 4.20 4.26
2.70 2.70 2.70 2.71 2.73 2.75 2.77 2.79 2.73 2.75 2.75 2.78 2.78 2.81 2.83 2.85 2.88 2.91 2.94 2.98 3.02 3.05 3.07 3.10 3.10 3.10 3.08 3.10 3.08 3.06 3.05 3.06 3.06 3.09 3.11 3.12 3.15 3.17 3.20 3.23 3.30 3.33 3.37 3.40 3.49 3.52 3.52 3.55 3.54 3.55 3.55 3.57 3.57 3.55 3.55 3.55 3.55 3.55 3.55 3.54 3.56 3.55 3.57 3.55 3.53 3.56 3.47 3.47 3.47 3.48 3.49 3.51 3.54 3.57 3.57 3.64 3.69 3.76 3.82 3.89 3.96 4.03 4.10 4.14
2.68 2.68 2.68 2.69 2.71 2.73 2.75 2.77 2.75 2.68 2.71 2.73 2.76 2.78 2.80 2.79 2.81 2.84 2.89 2.91 2.93 2.95 2.97 3.02 3.02 3.02 3.01 2.99 3.00 3.02 3.02 3.02 3.02 3.05 3.05 3.08 3.10 3.13 3.16 3.19 3.24 3.28 3.33 3.37 3.39 3.44 3.42 3.50 3.52 3.52 3.53 3.54 3.54 3.54 3.54 3.53 3.54 3.53 3.53 3.52 3.52 3.48 3.56 3.54 3.53 3.49 3.41 3.40 3.43 3.43 3.45 3.49 3.50 3.53 3.59 3.58 3.63 3.69 3.75 3.82 3.88 3.92 3.98 4.01
2.66 2.66 2.68 2.69 2.70 2.72 2.74 2.70 2.71 2.73 2.67 2.69 2.71 2.73 2.74 2.76 2.78 2.79 2.81 2.83 2.85 2.87 2.92 2.93 2.94 2.94 2.93 2.95 2.95 2.97 2.97 2.98 2.98 2.99 3.01 3.02 3.06 3.08 3.11 3.15 3.20 3.26 3.29 3.33 3.36 3.40 3.40 3.42 3.49 3.50 3.52 3.53 3.53 3.52 3.52 3.52 3.52 3.52 3.52 3.52 3.50 3.46 3.44 3.51 3.49 3.50 3.40 3.39 3.39 3.43 3.43 3.45 3.46 3.50 3.51 3.57 3.57 3.62 3.67 3.72 3.78 3.83 3.87 3.90
2.65 2.65 2.66 2.67 2.69 2.64 2.66 2.67 2.69 2.70 2.71 2.72 2.66 2.67 2.69 2.70 2.71 2.72 2.73 2.75 2.77 2.79 2.81 2.85 2.86 2.89 2.90 2.90 2.89 2.92 2.93 2.93 2.94 2.95 2.97 2.98 3.00 3.02 3.07 3.11 3.16 3.22 3.26 3.30 3.34 3.34 3.37 3.39 3.47 3.48 3.50 3.51 3.52 3.50 3.51 3.51 3.51 3.51 3.50 3.49 3.47 3.45 3.43 3.41 3.48 3.49 3.39 3.38 3.41 3.41 3.40 3.40 3.43 3.43 3.45 3.50 3.54 3.54 3.59 3.64 3.70 3.74 3.77 3.79
2.63 2.63 2.64 2.59 2.61 2.62 2.64 2.65 2.66 2.67 2.68 2.69 2.70 2.62 2.63 2.65 2.65 2.65 2.65 2.66 2.69 2.71 2.73 2.78 2.79 2.82 2.83 2.83 2.83 2.84 2.88 2.88 2.89 2.90 2.92 2.93 2.95 2.97 3.02 3.07 3.12 3.17 3.23 3.26 3.31 3.31 3.34 3.37 3.45 3.46 3.49 3.49 3.48 3.49 3.50 3.50 3.50 3.49 3.49 3.47 3.45 3.45 3.43 3.40 3.47 3.47 3.37 3.41 3.39 3.38 3.40 3.40 3.39 3.38 3.39 3.41 3.46 3.50 3.51 3.55 3.61 3.64 3.66 3.68
2.58 2.55 2.57 2.59 2.60 2.61 2.62 2.63 2.64 2.65 2.65 2.66 2.66 2.66 2.58 2.59 2.59 2.59 2.58 2.59 2.62 2.64 2.66 2.67 2.73 2.74 2.74 2.78 2.77 2.84 2.84 2.85 2.86 2.86 2.88 2.89 2.91 2.93 2.98 3.03 3.09 3.13 3.20 3.25 3.29 3.28 3.32 3.40 3.42 3.45 3.46 3.48 3.47 3.48 3.48 3.49 3.49 3.46 3.45 3.47 3.45 3.43 3.41 3.38 3.36 3.45 3.40 3.39 3.41 3.39 3.38 3.37 3.36 3.34 3.32 3.35 3.39 3.44 3.44 3.47 3.51 3.54 3.56 3.58
