data/Validacao/F061015.grd
DSAA
94	94
0.0000	100.0000
0.0000	100.0000
2.3170	5.5130
[rows 38 to 75 of 94, columns 0 to 83 of 94]
2.49 2.50 2.51 2.52 2.60 2.61 2.61 2.62 2.62 2.62 2.63 2.63 2.63 2.63 2.63 2.63 2.55 2.54 2.54 2.54 2.56 2.58 2.60 2.63 2.67 2.68 2.71 2.71 2.74 2.75 2.76 2.81 2.82 2.84 2.84 2.86 2.88 2.90 2.95 3.00 3.06 3.12 3.17 3.23 3.23 3.27 3.29 3.31 3.36 3.43 3.44 3.43 3.44 3.44 3.45 3.45 3.45 3.45 3.44 3.45 3.44 3.42 3.44 3.43 3.42 3.31 3.39 3.38 3.39 3.38 3.37 3.35 3.34 3.32 3.31 3.32 3.35 3.38 3.43 3.46 3.44 3.45 3.47 3.49
2.53 2.52 2.53 2.53 2.54 2.54 2.54 2.61 2.61 2.60 2.60 2.60 2.60 2.60 2.60 2.60 2.59 2.51 2.51 2.51 2.52 2.56 2.57 2.58 2.61 2.62 2.65 2.66 2.69 2.70 2.71 2.73 2.78 2.80 2.82 2.85 2.86 2.89 2.94 2.98 3.06 3.10 3.15 3.21 3.24 3.24 3.28 3.29 3.32 3.33 3.40 3.41 3.42 3.43 3.43 3.43 3.44 3.44 3.43 3.44 3.46 3.45 3.44 3.42 3.33 3.30 3.39 3.41 3.39 3.37 3.36 3.34 3.33 3.31 3.30 3.31 3.32 3.36 3.38 3.39 3.37 3.38 3.42 3.44
2.56 2.55 2.55 2.55 2.54 2.54 2.53 2.53 2.52 2.52 2.52 2.58 2.58 2.58 2.58 2.57 2.57 2.56 2.48 2.49 2.51 2.52 2.53 2.53 2.56 2.57 2.60 2.61 2.63 2.65 2.67 2.69 2.71 2.77 2.80 2.82 2.86 2.89 2.92 2.96 3.04 3.09 3.13 3.19 3.23 3.23 3.26 3.28 3.29 3.32 3.33 3.39 3.39 3.40 3.43 3.43 3.42 3.42 3.41 3.44 3.45 3.44 3.43 3.34 3.32 3.32 3.41 3.40 3.40 3.38 3.35 3.34 3.33 3.31 3.30 3.30 3.32 3.33 3.33 3.34 3.30 3.30 3.34 3.33
2.60 2.59 2.57 2.56 2.55 2.54 2.53 2.52 2.51 2.50 2.49 2.49 2.49 2.50 2.56 2.56 2.55 2.55 2.55 2.55 2.49 2.49 2.49 2.51 2.51 2.54 2.54 2.55 2.58 2.59 2.63 2.64 2.67 2.76 2.79 2.84 2.87 2.92 2.95 2.99 3.03 3.06 3.11 3.18 3.18 3.21 3.25 3.25 3.28 3.30 3.32 3.37 3.38 3.39 3.40 3.41 3.41 3.43 3.43 3.42 3.43 3.43 3.37 3.36 3.34 3.33 3.40 3.40 3.40 3.38 3.36 3.35 3.33 3.32 3.31 3.31 3.31 3.31 3.30 3.29 3.31 3.31 3.24 3.24
2.64 2.62 2.60 2.59 2.57 2.55 2.53 2.51 2.49 2.48 2.47 2.47 2.48 2.48 2.48 2.48 2.47 2.48 2.55 2.55 2.54 2.49 2.49 2.48 2.51 2.50 2.51 2.51 2.54 2.55 2.60 2.63 2.67 2.75 2.80 2.83 2.86 2.91 2.94 2.98 3.02 3.06 3.13 3.13 3.17 3.20 3.21 3.24 3.28 3.30 3.31 3.34 3.37 3.38 3.38 3.38 3.41 3.42 3.41 3.41 3.42 3.38 3.36 3.35 3.34 3.32 3.40 3.40 3.39 3.39 3.38 3.37 3.36 3.36 3.34 3.33 3.33 3.32 3.30 3.31 3.24 3.22 3.21 3.21
2.77 2.66 2.64 2.61 2.59 2.56 2.53 2.51 2.48 2.46 2.45 2.45 2.46 2.46 2.46 2.46 2.48 2.48 2.50 2.50 2.49 2.54 2.49 2.49 2.48 2.47 2.46 2.47 2.51 2.52 2.56 2.60 2.64 2.72 2.76 2.80 2.84 2.89 2.93 2.97 3.01 3.06 3.10 3.14 3.17 3.19 3.22 3.25 3.25 3.28 3.30 3.31 3.35 3.37 3.39 3.39 3.38 3.38 3.38 3.41 3.41 3.36 3.36 3.35 3.33 3.32 3.31 3.30 3.40 3.39 3.40 3.39 3.37 3.37 3.36 3.35 3.33 3.31 3.29 3.25 3.22 3.18 3.15 3.14
2.82 2.79 2.76 2.65 2.61 2.58 2.54 2.50 2.47 2.44 2.43 2.46 2.44 2.47 2.48 2.49 2.49 2.50 2.50 2.51 2.50 2.49 2.43 2.42 2.47 2.46 2.44 2.45 2.46 2.48 2.52 2.57 2.62 2.67 2.75 2.79 2.84 2.89 2.93 2.97 3.01 3.05 3.07 3.13 3.17 3.19 3.22 3.25 3.27 3.27 3.29 3.30 3.34 3.34 3.38 3.38 3.37 3.37 3.37 3.39 3.42 3.36 3.35 3.34 3.33 3.32 3.32 3.31 3.30 3.30 3.41 3.41 3.40 3.39 3.38 3.37 3.32 3.32 3.28 3.23 3.18 3.13 3.08 3.04
2.88 2.84 2.79 2.75 2.71 2.60 2.56 2.51 2.48 2.44 2.44 2.44 2.45 2.47 2.48 2.49 2.52 2.52 2.52 2.51 2.50 2.49 2.48 2.41 2.42 2.39 2.41 2.38 2.40 2.43 2.49 2.54 2.60 2.66 2.74 2.80 2.84 2.89 2.90 2.95 2.98 3.03 3.08 3.13 3.15 3.20 3.23 3.26 3.26 3.29 3.28 3.29 3.32 3.33 3.33 3.37 3.36 3.36 3.37 3.41 3.40 3.40 3.33 3.33 3.33 3.32 3.32 3.32 3.33 3.32 3.43 3.43 3.43 3.42 3.39 3.38 3.37 3.34 3.29 3.23 3.17 3.09 3.01 2.95
2.94 2.89 2.85 2.80 2.75 2.69 2.64 2.54 2.48 2.42 2.42 2.44 2.46 2.50 2.51 2.52 2.53 2.53 2.53 2.52 2.51 2.50 2.48 2.44 2.41 2.39 2.40 2.35 2.35 2.40 2.47 2.54 2.60 2.66 2.75 2.80 2.85 2.89 2.91 2.95 3.00 3.03 3.09 3.11 3.15 3.20 3.23 3.26 3.27 3.29 3.30 3.28 3.32 3.32 3.32 3.32 3.35 3.36 3.38 3.40 3.39 3.33 3.33 3.33 3.33 3.33 3.33 3.34 3.35 3.35 3.35 3.35 3.34 3.44 3.43 3.44 3.41 3.37 3.32 3.26 3.18 3.09 2.99 2.88
3.02 2.98 2.93 2.88 2.82 2.76 2.69 2.63 2.56 2.49 2.44 2.48 2.50 2.51 2.52 2.53 2.54 2.55 2.55 2.54 2.53 2.52 2.53 2.45 2.43 2.40 2.35 2.32 2.35 2.40 2.47 2.55 2.61 2.67 2.76 2.81 2.86 2.90 2.92 2.96 3.00 3.06 3.09 3.12 3.15 3.20 3.23 3.25 3.27 3.28 3.29 3.34 3.31 3.31 3.31 3.36 3.33 3.36 3.37 3.37 3.37 3.38 3.32 3.33 3.33 3.34 3.35 3.36 3.37 3.38 3.39 3.39 3.40 3.40 3.41 3.52 3.49 3.45 3.39 3.33 3.24 3.15 3.04 2.93
3.09 3.07 3.02 2.96 2.90 2.83 2.77 2.70 2.63 2.60 2.56 2.54 2.55 2.54 2.55 2.56 2.56 2.57 2.57 2.57 2.56 2.58 2.56 2.54 2.45 2.42 2.40 2.37 2.43 2.46 2.51 2.58 2.64 2.70 2.78 2.82 2.87 2.91 2.93 2.97 3.01 3.06 3.08 3.12 3.15 3.19 3.22 3.24 3.25 3.27 3.28 3.33 3.33 3.34 3.34 3.35 3.33 3.34 3.33 3.36 3.36 3.37 3.32 3.32 3.33 3.34 3.35 3.35 3.39 3.41 3.43 3.45 3.46 3.48 3.48 3.48 3.56 3.52 3.47 3.40 3.32 3.23 3.14 3.07
3.18 3.14 3.09 3.03 2.96 2.89 2.82 2.78 2.72 2.67 2.64 2.58 2.58 2.59 2.60 2.59 2.59 2.60 2.60 2.60 2.60 2.59 2.60 2.58 2.49 2.47 2.45 2.44 2.45 2.54 2.58 2.61 2.66 2.73 2.80 2.85 2.89 2.93 2.94 2.98 3.02 3.07 3.10 3.12 3.15 3.18 3.21 3.23 3.25 3.25 3.26 3.32 3.32 3.33 3.33 3.33 3.33 3.33 3.35 3.35 3.35 3.35 3.31 3.31 3.32 3.32 3.34 3.36 3.39 3.44 3.47 3.50 3.54 3.56 3.56 3.57 3.55 3.61 3.56 3.50 3.43 3.35 3.28 3.22
3.26 3.22 3.16 3.10 3.02 2.97 2.91 2.84 2.78 2.73 2.70 2.68 2.67 2.63 2.63 2.64 2.65 2.66 2.63 2.65 2.64 2.67 2.65 2.63 2.53 2.54 2.53 2.53 2.52 2.62 2.65 2.68 2.71 2.75 2.81 2.83 2.88 2.92 2.96 2.99 3.05 3.08 3.10 3.12 3.15 3.18 3.20 3.22 3.24 3.25 3.25 3.26 3.32 3.32 3.32 3.32 3.32 3.32 3.32 3.34 3.34 3.34 3.30 3.28 3.29 3.31 3.34 3.37 3.43 3.47 3.51 3.57 3.61 3.64 3.66 3.67 3.66 3.64 3.67 3.62 3.55 3.49 3.42 3.38
3.35 3.30 3.24 3.19 3.12 3.05 2.97 2.90 2.84 2.79 2.75 2.73 2.71 2.71 2.67 2.68 2.69 2.70 2.71 2.71 2.71 2.72 2.71 2.68 2.61 2.60 2.60 2.60 2.61 2.69 2.71 2.71 2.74 2.80 2.83 2.85 2.89 2.93 2.96 3.03 3.06 3.09 3.10 3.13 3.15 3.17 3.19 3.22 3.23 3.25 3.25 3.31 3.31 3.31 3.31 3.31 3.28 3.30 3.30 3.32 3.32 3.30 3.27 3.28 3.29 3.31 3.36 3.40 3.45 3.50 3.56 3.63 3.68 3.73 3.76 3.79 3.79 3.77 3.73 3.70 3.69 3.63 3.57 3.53
3.48 3.43 3.39 3.31 3.22 3.13 3.04 2.95 2.88 2.83 2.79 2.77 2.75 2.75 2.72 2.73 2.74 2.77 2.75 2.77 2.79 2.78 2.77 2.76 2.69 2.69 2.65 2.65 2.65 2.66 2.75 2.77 2.80 2.85 2.87 2.90 2.92 2.95 3.00 3.03 3.05 3.08 3.09 3.11 3.13 3.15 3.17 3.19 3.21 3.22 3.23 3.28 3.30 3.30 3.30 3.31 3.34 3.30 3.29 3.29 3.29 3.30 3.26 3.26 3.27 3.30 3.35 3.40 3.46 3.53 3.60 3.69 3.76 3.83 3.88 3.91 3.92 3.91 3.89 3.85 3.80 3.74 3.67 3.62
3.58 3.56 3.47 3.38 3.28 3.18 3.09 3.01 2.92 2.86 2.82 2.79 2.77 2.77 2.77 2.75 2.77 2.78 2.80 2.80 2.81 2.83 2.82 2.78 2.77 2.70 2.71 2.72 2.71 2.73 2.75 2.83 2.85 2.90 2.92 2.94 2.96 3.00 3.02 3.05 3.07 3.10 3.10 3.12 3.14 3.16 3.18 3.19 3.21 3.22 3.27 3.28 3.29 3.30 3.30 3.32 3.33 3.31 3.30 3.28 3.28 3.29 3.28 3.28 3.25 3.28 3.32 3.40 3.47 3.55 3.64 3.74 3.83 3.93 4.00 4.04 4.06 4.06 4.04 4.01 3.96 3.89 3.82 3.77
3.71 3.64 3.54 3.43 3.32 3.21 3.12 3.03 2.94 2.88 2.84 2.81 2.80 2.80 2.80 2.82 2.84 2.82 2.85 2.84 2.84 2.85 2.84 2.84 2.83 2.77 2.77 2.79 2.78 2.80 2.89 2.90 2.95 2.96 2.97 3.00 3.01 3.03 3.04 3.07 3.09 3.12 3.11 3.13 3.15 3.16 3.18 3.19 3.21 3.27 3.27 3.28 3.28 3.29 3.32 3.32 3.32 3.30 3.30 3.29 3.29 3.27 3.26 3.26 3.26 3.25 3.30 3.39 3.47 3.57 3.68 3.80 3.92 4.04 4.13 4.19 4.21 4.21 4.20 4.17 4.11 4.04 3.97 3.92
3.82 3.72 3.59 3.47 3.34 3.23 3.13 3.05 2.97 2.91 2.85 2.83 2.81 2.81 2.82 2.83 2.86 2.88 2.88 2.90 2.91 2.90 2.89 2.88 2.88 2.83 2.84 2.85 2.85 2.95 2.96 3.00 3.01 3.02 3.04 3.05 3.05 3.06 3.07 3.09 3.11 3.14 3.13 3.14 3.16 3.17 3.18 3.20 3.26 3.27 3.27 3.29 3.29 3.31 3.31 3.31 3.32 3.29 3.29 3.28 3.28 3.27 3.26 3.25 3.24 3.24 3.29 3.38 3.48 3.59 3.71 3.84 3.99 4.13 4.27 4.33 4.35 4.35 4.35 4.33 4.27 4.19 4.11 4.04
3.87 3.76 3.61 3.48 3.35 3.24 3.13 3.04 2.96 2.91 2.86 2.84 2.82 2.82 2.83 2.85 2.87 2.91 2.95 2.95 2.95 2.94 2.93 2.93 2.93 2.88 2.89 2.90 2.94 2.97 3.07 3.07 3.08 3.10 3.10 3.10 3.10 3.10 3.11 3.13 3.14 3.16 3.14 3.15 3.16 3.18 3.17 3.28 3.25 3.28 3.29 3.29 3.29 3.30 3.31 3.31 3.29 3.28 3.29 3.28 3.26 3.27 3.25 3.24 3.23 3.24 3.30 3.40 3.51 3.62 3.74 3.88 4.04 4.20 4.36 4.44 4.44 4.45 4.46 4.48 4.41 4.33 4.25 4.18
3.80 3.71 3.59 3.46 3.34 3.22 3.11 3.02 2.95 2.89 2.84 2.82 2.81 2.82 2.83 2.86 2.87 2.91 2.97 2.99 2.96 2.97 2.97 2.98 2.92 2.93 2.95 2.98 3.01 3.05 3.07 3.08 3.16 3.16 3.16 3.16 3.16 3.16 3.16 3.17 3.18 3.18 3.19 3.17 3.18 3.18 3.18 3.27 3.27 3.28 3.29 3.29 3.29 3.29 3.30 3.30 3.29 3.28 3.27 3.27 3.26 3.27 3.26 3.25 3.26 3.28 3.37 3.43 3.53 3.65 3.78 3.92 4.08 4.23 4.37 4.45 4.49 4.52 4.54 4.54 4.50 4.44 4.38 4.30
3.74 3.65 3.54 3.42 3.30 3.19 3.09 2.99 2.91 2.85 2.81 2.79 2.79 2.80 2.82 2.85 2.89 2.92 2.96 2.99 3.01 2.99 3.00 3.02 3.03 2.98 3.00 3.02 3.07 3.11 3.13 3.22 3.23 3.23 3.23 3.23 3.22 3.22 3.22 3.21 3.21 3.21 3.21 3.19 3.19 3.20 3.20 3.27 3.27 3.28 3.28 3.29 3.29 3.29 3.30 3.30 3.30 3.26 3.27 3.27 3.26 3.26 3.27 3.28 3.29 3.32 3.41 3.49 3.57 3.68 3.81 3.95 4.09 4.23 4.35 4.44 4.50 4.55 4.58 4.58 4.57 4.54 4.49 4.45
3.67 3.59 3.50 3.37 3.26 3.14 3.04 2.94 2.87 2.81 2.77 2.75 2.76 2.77 2.80 2.84 2.90 2.92 2.96 2.99 3.02 3.01 3.03 3.05 3.01 3.03 3.06 3.11 3.13 3.18 3.20 3.22 3.29 3.30 3.30 3.29 3.29 3.28 3.27 3.26 3.25 3.24 3.24 3.22 3.21 3.21 3.21 3.27 3.27 3.28 3.28 3.27 3.28 3.28 3.29 3.29 3.30 3.26 3.26 3.27 3.27 3.27 3.29 3.30 3.32 3.36 3.44 3.52 3.63 3.75 3.87 4.01 4.14 4.23 4.34 4.44 4.51 4.56 4.60 4.63 4.64 4.63 4.61 4.58
3.61 3.53 3.44 3.33 3.22 3.09 2.98 2.89 2.81 2.75 2.71 2.70 2.72 2.74 2.78 2.84 2.89 2.94 2.95 3.00 3.03 3.02 3.05 3.08 3.05 3.08 3.11 3.16 3.19 3.24 3.26 3.29 3.30 3.37 3.37 3.37 3.36 3.34 3.33 3.32 3.30 3.28 3.26 3.24 3.23 3.22 3.22 3.27 3.27 3.28 3.27 3.27 3.28 3.28 3.29 3.29 3.30 3.26 3.26 3.27 3.28 3.30 3.31 3.32 3.34 3.38 3.46 3.54 3.65 3.76 3.88 4.01 4.14 4.23 4.34 4.43 4.51 4.58 4.63 4.67 4.70 4.73 4.72 4.72
3.55 3.48 3.39 3.28 3.17 3.06 2.92 2.82 2.74 2.68 2.65 2.65 2.67 2.71 2.77 2.82 2.88 2.93 2.96 3.00 3.05 3.04 3.08 3.13 3.12 3.16 3.19 3.22 3.28 3.30 3.33 3.35 3.45 3.45 3.44 3.44 3.43 3.41 3.39 3.36 3.33 3.30 3.28 3.26 3.26 3.28 3.27 3.28 3.27 3.28 3.28 3.28 3.28 3.27 3.26 3.29 3.30 3.30 3.27 3.28 3.28 3.30 3.31 3.35 3.38 3.42 3.48 3.55 3.66 3.77 3.88 4.00 4.13 4.26 4.37 4.44 4.52 4.59 4.65 4.71 4.76 4.82 4.84 4.85
3.51 3.44 3.34 3.24 3.13 3.01 2.88 2.75 2.66 2.59 2.57 2.58 2.62 2.69 2.75 2.81 2.87 2.93 3.00 3.05 3.10 3.12 3.14 3.11 3.16 3.20 3.24 3.30 3.34 3.37 3.40 3.42 3.51 3.52 3.52 3.51 3.50 3.47 3.45 3.41 3.36 3.32 3.29 3.28 3.30 3.28 3.26 3.25 3.28 3.28 3.28 3.28 3.28 3.28 3.27 3.26 3.29 3.28 3.28 3.28 3.29 3.31 3.32 3.36 3.39 3.42 3.51 3.58 3.67 3.77 3.88 4.00 4.13 4.25 4.37 4.44 4.52 4.60 4.67 4.74 4.82 4.90 4.95 4.99
3.51 3.43 3.33 3.23 3.09 2.97 2.83 2.70 2.57 2.49 2.48 2.51 2.59 2.66 2.73 2.81 2.88 2.95 3.01 3.07 3.12 3.12 3.17 3.15 3.20 3.25 3.31 3.35 3.39 3.43 3.46 3.55 3.56 3.57 3.59 3.57 3.56 3.54 3.50 3.44 3.39 3.37 3.32 3.30 3.29 3.28 3.26 3.26 3.28 3.26 3.28 3.28 3.28 3.26 3.27 3.26 3.29 3.28 3.29 3.29 3.30 3.30 3.33 3.37 3.39 3.43 3.51 3.58 3.67 3.77 3.88 4.01 4.13 4.26 4.37 4.45 4.54 4.63 4.71 4.77 4.87 4.97 5.07 5.14
3.50 3.41 3.32 3.21 3.09 2.96 2.80 2.66 2.51 2.39 2.38 2.47 2.55 2.64 2.77 2.85 2.92 2.97 3.03 3.09 3.15 3.19 3.17 3.19 3.24 3.30 3.35 3.40 3.44 3.48 3.52 3.60 3.62 3.64 3.64 3.63 3.63 3.62 3.56 3.52 3.44 3.36 3.31 3.29 3.29 3.29 3.28 3.26 3.27 3.26 3.26 3.26 3.28 3.27 3.26 3.28 3.29 3.31 3.30 3.30 3.30 3.31 3.34 3.38 3.39 3.42 3.50 3.58 3.66 3.76 3.88 4.00 4.13 4.26 4.39 4.47 4.57 4.64 4.71 4.80 4.91 5.03 5.18 5.30
3.50 3.42 3.32 3.21 3.09 2.96 2.81 2.65 2.48 2.32 2.34 2.48 2.59 2.69 2.78 2.87 2.95 3.02 3.09 3.12 3.18 3.15 3.21 3.27 3.30 3.35 3.40 3.44 3.49 3.53 3.62 3.65 3.68 3.69 3.68 3.68 3.71 3.67 3.64 3.54 3.44 3.35 3.29 3.28 3.28 3.28 3.28 3.28 3.27 3.26 3.26 3.26 3.26 3.27 3.27 3.28 3.32 3.33 3.31 3.31 3.31 3.33 3.34 3.39 3.40 3.42 3.50 3.58 3.66 3.76 3.87 4.00 4.14 4.27 4.40 4.50 4.58 4.65 4.71 4.79 4.93 5.11 5.26 5.42
3.51 3.43 3.34 3.24 3.12 2.99 2.87 2.72 2.57 2.47 2.48 2.57 2.64 2.73 2.82 2.91 2.99 3.06 3.13 3.19 3.18 3.28 3.26 3.33 3.34 3.39 3.44 3.49 3.53 3.64 3.66 3.68 3.70 3.74 3.73 3.72 3.71 3.69 3.62 3.53 3.44 3.36 3.30 3.28 3.27 3.27 3.27 3.27 3.28 3.26 3.25 3.26 3.24 3.24 3.24 3.27 3.28 3.31 3.31 3.32 3.32 3.33 3.37 3.38 3.41 3.44 3.51 3.59 3.68 3.77 3.88 4.00 4.14 4.27 4.40 4.52 4.59 4.67 4.74 4.84 4.98 5.16 5.32 5.46
3.54 3.46 3.37 3.28 3.20 3.08 2.94 2.86 2.74 2.66 2.64 2.68 2.75 2.83 2.89 2.96 3.04 3.11 3.18 3.24 3.33 3.33 3.32 3.37 3.43 3.44 3.49 3.53 3.61 3.64 3.73 3.74 3.74 3.74 3.73 3.71 3.69 3.65 3.59 3.52 3.45 3.37 3.32 3.29 3.28 3.27 3.26 3.25 3.27 3.25 3.25 3.25 3.24 3.24 3.25 3.27 3.28 3.27 3.32 3.33 3.33 3.34 3.38 3.40 3.44 3.47 3.54 3.60 3.68 3.78 3.89 4.01 4.14 4.27 4.39 4.52 4.63 4.70 4.80 4.92 5.05 5.18 5.31 5.40
3.58 3.55 3.46 3.37 3.26 3.15 3.08 2.97 2.88 2.82 2.83 2.85 2.86 2.92 2.99 3.06 3.10 3.17 3.23 3.33 3.32 3.41 3.37 3.42 3.48 3.48 3.57 3.61 3.64 3.67 3.76 3.75 3.75 3.74 3.72 3.69 3.66 3.61 3.56 3.50 3.44 3.38 3.34 3.30 3.28 3.27 3.26 3.26 3.26 3.26 3.24 3.25 3.24 3.25 3.25 3.26 3.28 3.28 3.29 3.34 3.35 3.39 3.40 3.42 3.44 3.49 3.56 3.62 3.70 3.79 3.89 4.01 4.13 4.26 4.39 4.54 4.66 4.77 4.86 4.97 5.09 5.19 5.29 5.36
3.67 3.60 3.53 3.44 3.34 3.24 3.18 3.12 3.04 2.99 2.97 2.98 3.02 3.02 3.08 3.17 3.23 3.29 3.35 3.41 3.41 3.46 3.51 3.48 3.57 3.61 3.61 3.65 3.68 3.78 3.78 3.77 3.75 3.73 3.70 3.67 3.63 3.58 3.53 3.48 3.43 3.38 3.34 3.31 3.27 3.26 3.25 3.25 3.24 3.24 3.25 3.27 3.24 3.25 3.25 3.26 3.27 3.28 3.29 3.31 3.35 3.40 3.41 3.43 3.46 3.52 3.57 3.63 3.70 3.78 3.88 4.00 4.13 4.26 4.40 4.55 4.69 4.80 4.91 5.02 5.13 5.22 5.28 5.33
3.73 3.67 3.60 3.52 3.45 3.41 3.32 3.24 3.17 3.13 3.11 3.11 3.13 3.17 3.22 3.25 3.30 3.39 3.44 3.44 3.46 3.51 3.56 3.57 3.62 3.66 3.66 3.69 3.72 3.81 3.80 3.78 3.76 3.73 3.69 3.65 3.60 3.55 3.51 3.46 3.41 3.37 3.33 3.30 3.28 3.25 3.23 3.23 3.23 3.23 3.23 3.25 3.23 3.24 3.25 3.26 3.27 3.29 3.30 3.31 3.33 3.41 3.43 3.45 3.48 3.51 3.58 3.63 3.70 3.77 3.87 3.99 4.12 4.28 4.42 4.57 4.71 4.84 4.96 5.07 5.16 5.24 5.28 5.31
3.80 3.77 3.70 3.62 3.59 3.50 3.42 3.35 3.30 3.26 3.24 3.24 3.25 3.28 3.31 3.33 3.38 3.47 3.52 3.51 3.56 3.61 3.60 3.65 3.67 3.71 3.70 3.74 3.86 3.85 3.83 3.80 3.76 3.72 3.68 3.63 3.58 3.52 3.48 3.43 3.39 3.35 3.32 3.29 3.26 3.24 3.23 3.21 3.21 3.21 3.23 3.22 3.24 3.24 3.25 3.26 3.27 3.30 3.30 3.32 3.34 3.38 3.44 3.47 3.49 3.52 3.59 3.63 3.69 3.76 3.85 3.97 4.10 4.27 4.43 4.59 4.74 4.88 5.01 5.12 5.20 5.26 5.29 5.30
3.91 3.85 3.79 3.75 3.67 3.60 3.53 3.47 3.42 3.38 3.36 3.35 3.36 3.38 3.41 3.46 3.50 3.54 3.58 3.58 3.62 3.67 3.71 3.71 3.72 3.76 3.80 3.79 3.90 3.88 3.86 3.82 3.77 3.72 3.67 3.61 3.55 3.49 3.45 3.41 3.37 3.34 3.31 3.28 3.25 3.23 3.21 3.21 3.21 3.20 3.21 3.21 3.22 3.24 3.24 3.26 3.27 3.30 3.31 3.32 3.37 3.39 3.41 3.48 3.50 3.54 3.59 3.62 3.68 3.73 3.83 3.95 4.10 4.27 4.44 4.59 4.76 4.91 5.05 5.16 5.24 5.29 5.31 5.30
3.99 3.94 3.87 3.84 3.76 3.69 3.62 3.57 3.52 3.49 3.47 3.46 3.47 3.50 3.52 3.55 3.58 3.61 3.65 3.64 3.68 3.73 3.77 3.77 3.81 3.85 3.85 3.84 3.95 3.92 3.88 3.84 3.78 3.73 3.66 3.60 3.53 3.46 3.42 3.38 3.35 3.32 3.29 3.26 3.23 3.21 3.20 3.20 3.19 3.18 3.19 3.19 3.21 3.23 3.24 3.28 3.27 3.30 3.32 3.34 3.37 3.40 3.42 3.45 3.51 3.55 3.58 3.63 3.65 3.70 3.78 3.92 4.08 4.26 4.44 4.61 4.78 4.94 5.10 5.22 5.29 5.31 5.32 5.31
4.08 4.02 3.98 3.91 3.84 3.77 3.72 3.67 3.63 3.60 3.58 3.57 3.58 3.59 3.61 3.63 3.65 3.68 3.67 3.71 3.75 3.78 3.82 3.83 3.87 3.90 3.94 3.94 4.00 3.96 3.91 3.86 3.80 3.73 3.66 3.59 3.51 3.43 3.39 3.36 3.34 3.31 3.28 3.25 3.22 3.19 3.18 3.17 3.16 3.17 3.17 3.17 3.23 3.21 3.29 3.31 3.33 3.36 3.38 3.37 3.42 3.44 3.42 3.45 3.53 3.56 3.59 3.63 3.64 3.66 3.73 3.89 4.07 4.25 4.44 4.61 4.78 4.96 5.14 5.29 5.32 5.33 5.32 5.30
4.11 4.07 4.00 3.94 3.87 3.82 3.77 3.72 3.69 3.66 3.64 3.68 3.68 3.68 3.69 3.71 3.73 3.72 3.75 3.78 3.81 3.85 3.88 3.88 3.91 3.95 3.97 4.00 4.09 4.02 3.97 3.91 3.84 3.77 3.69 3.61 3.53 3.45 3.40 3.37 3.34 3.31 3.28 3.25 3.22 3.19 3.18 3.19 3.19 3.15 3.21 3.21 3.23 3.25 3.27 3.31 3.33 3.35 3.38 3.40 3.42 3.45 3.47 3.49 3.53 3.59 3.59 3.62 3.64 3.66 3.74 3.90 4.07 4.25 4.42 4.59 4.77 4.95 5.12 5.26 5.29 5.29 5.28 5.26
