data/Validacao/F081015.grd
DSAA
94	94
0.0000	100.0000
0.0000	100.0000
1.1201	6.1586
[rows 38 to 75 of 94, columns 0 to 83 of 94]
1.53 1.56 1.61 1.67 1.72 1.77 1.81 1.84 1.87 1.90 1.93 1.95 1.98 2.00 2.03 2.04 2.06 2.06 2.06 2.05 2.04 2.04 2.05 2.05 2.16 2.17 2.20 2.22 2.21 2.24 2.27 2.36 2.40 2.41 2.40 2.40 2.39 2.39 2.38 2.37 2.36 2.38 2.39 2.39 2.40 2.42 2.48 2.41 2.52 2.58 2.62 2.59 2.64 2.67 2.68 2.69 2.68 2.64 2.60 2.56 2.53 2.51 2.53 2.53 2.54 2.60 2.68 2.75 2.87 2.94 3.01 3.06 3.12 3.16 3.18 3.13 3.02 2.91 2.80 2.68 2.58 2.48 2.39 2.32
1.57 1.57 1.59 1.62 1.66 1.70 1.73 1.75 1.78 1.81 1.84 1.87 1.91 1.93 1.96 1.98 1.99 2.00 1.99 1.98 1.97 1.95 1.95 1.95 1.97 1.97 2.07 2.01 2.07 2.09 2.13 2.19 2.25 2.29 2.32 2.32 2.33 2.33 2.33 2.33 2.35 2.36 2.37 2.38 2.40 2.42 2.44 2.37 2.41 2.44 2.51 2.54 2.57 2.61 2.63 2.63 2.62 2.59 2.56 2.53 2.55 2.53 2.52 2.53 2.57 2.61 2.69 2.79 2.85 2.91 2.98 3.02 3.06 3.08 3.08 3.03 2.94 2.84 2.72 2.61 2.50 2.39 2.45 2.39
1.63 1.61 1.61 1.62 1.63 1.65 1.67 1.69 1.71 1.74 1.78 1.80 1.84 1.88 1.91 1.92 1.93 1.94 1.94 1.93 1.90 1.88 1.87 1.86 1.86 1.86 1.87 1.87 1.92 1.94 1.98 2.06 2.10 2.17 2.22 2.26 2.26 2.28 2.29 2.30 2.32 2.33 2.34 2.36 2.37 2.38 2.40 2.33 2.36 2.39 2.42 2.48 2.52 2.54 2.56 2.56 2.55 2.53 2.51 2.53 2.52 2.51 2.51 2.53 2.55 2.66 2.71 2.76 2.83 2.88 2.91 2.95 2.99 3.00 2.99 2.94 2.87 2.77 2.66 2.58 2.42 2.35 2.37 2.29
1.72 1.69 1.66 1.65 1.64 1.63 1.63 1.63 1.64 1.66 1.70 1.75 1.78 1.86 1.86 1.88 1.90 1.90 1.89 1.88 1.85 1.83 1.81 1.79 1.77 1.75 1.72 1.73 1.69 1.80 1.80 1.91 1.97 2.05 2.11 2.17 2.22 2.26 2.27 2.29 2.30 2.30 2.31 2.32 2.34 2.35 2.36 2.31 2.31 2.33 2.36 2.43 2.45 2.47 2.48 2.50 2.49 2.51 2.50 2.49 2.48 2.48 2.53 2.55 2.57 2.61 2.68 2.73 2.78 2.84 2.85 2.89 2.92 2.92 2.90 2.88 2.81 2.74 2.64 2.52 2.49 2.37 2.28 2.19
1.84 1.79 1.75 1.71 1.68 1.64 1.62 1.60 1.59 1.61 1.64 1.69 1.76 1.81 1.85 1.88 1.90 1.87 1.86 1.85 1.84 1.80 1.76 1.72 1.69 1.64 1.58 1.55 1.57 1.55 1.63 1.67 1.73 1.85 2.02 2.09 2.15 2.20 2.24 2.26 2.31 2.32 2.24 2.27 2.28 2.26 2.28 2.29 2.31 2.33 2.35 2.38 2.39 2.40 2.41 2.42 2.46 2.46 2.45 2.45 2.50 2.48 2.52 2.53 2.55 2.61 2.64 2.69 2.73 2.78 2.83 2.86 2.88 2.89 2.87 2.83 2.80 2.71 2.60 2.58 2.45 2.32 2.20 2.10
2.00 1.92 1.86 1.80 1.74 1.69 1.64 1.60 1.57 1.57 1.60 1.64 1.71 1.78 1.83 1.87 1.89 1.89 1.89 1.87 1.85 1.81 1.72 1.63 1.57 1.52 1.47 1.48 1.45 1.46 1.50 1.55 1.61 1.74 1.82 1.89 1.96 2.02 2.08 2.14 2.17 2.19 2.21 2.22 2.24 2.25 2.25 2.25 2.24 2.26 2.27 2.29 2.37 2.39 2.46 2.47 2.46 2.46 2.46 2.48 2.48 2.46 2.47 2.48 2.52 2.56 2.60 2.65 2.69 2.75 2.78 2.81 2.84 2.82 2.80 2.82 2.75 2.67 2.67 2.55 2.41 2.27 2.14 2.03
2.17 2.10 2.02 1.93 1.85 1.77 1.69 1.62 1.57 1.55 1.57 1.62 1.69 1.73 1.81 1.84 1.87 1.91 1.91 1.88 1.85 1.81 1.70 1.63 1.57 1.48 1.43 1.36 1.33 1.33 1.37 1.44 1.52 1.61 1.75 1.83 1.91 1.98 2.07 2.11 2.14 2.17 2.19 2.20 2.19 2.21 2.20 2.19 2.19 2.19 2.20 2.22 2.29 2.30 2.39 2.40 2.40 2.41 2.41 2.43 2.43 2.41 2.41 2.44 2.46 2.49 2.54 2.59 2.65 2.71 2.74 2.77 2.78 2.78 2.77 2.78 2.72 2.75 2.63 2.51 2.36 2.21 2.07 1.94
2.36 2.28 2.20 2.10 2.00 1.88 1.78 1.68 1.59 1.55 1.57 1.62 1.68 1.75 1.81 1.87 1.92 1.94 1.93 1.92 1.88 1.83 1.76 1.63 1.56 1.46 1.35 1.26 1.21 1.23 1.29 1.37 1.48 1.56 1.70 1.79 1.87 1.94 2.04 2.09 2.12 2.15 2.17 2.17 2.18 2.16 2.13 2.12 2.13 2.14 2.13 2.15 2.22 2.23 2.27 2.34 2.35 2.36 2.37 2.38 2.37 2.37 2.37 2.38 2.39 2.42 2.48 2.54 2.62 2.67 2.71 2.75 2.77 2.77 2.77 2.77 2.81 2.73 2.62 2.48 2.33 2.17 2.00 1.86
2.57 2.49 2.39 2.29 2.17 2.05 1.93 1.78 1.67 1.58 1.60 1.67 1.74 1.81 1.87 1.92 1.96 1.98 1.98 1.96 1.92 1.87 1.79 1.68 1.58 1.46 1.33 1.20 1.12 1.17 1.25 1.36 1.45 1.55 1.68 1.77 1.85 1.92 2.02 2.08 2.12 2.13 2.15 2.16 2.15 2.12 2.08 2.06 2.08 2.08 2.09 2.09 2.15 2.16 2.21 2.22 2.30 2.31 2.30 2.32 2.31 2.30 2.30 2.31 2.33 2.35 2.42 2.49 2.56 2.65 2.70 2.74 2.77 2.80 2.78 2.88 2.82 2.73 2.62 2.49 2.33 2.16 1.97 1.79
2.79 2.68 2.58 2.46 2.34 2.21 2.08 1.96 1.83 1.72 1.72 1.78 1.84 1.90 1.95 1.99 2.02 2.04 2.04 2.03 1.99 1.93 1.88 1.73 1.62 1.50 1.36 1.23 1.15 1.20 1.29 1.37 1.46 1.55 1.68 1.76 1.85 1.92 2.02 2.07 2.11 2.14 2.13 2.13 2.12 2.09 2.05 2.03 2.03 2.04 2.04 2.10 2.09 2.10 2.11 2.24 2.26 2.24 2.23 2.27 2.26 2.28 2.26 2.27 2.28 2.31 2.38 2.46 2.56 2.63 2.70 2.75 2.91 2.92 2.92 2.91 2.85 2.77 2.67 2.53 2.38 2.20 2.01 1.82
3.03 2.93 2.82 2.70 2.56 2.43 2.30 2.16 2.04 1.95 1.93 1.95 1.99 2.01 2.05 2.08 2.11 2.13 2.13 2.11 2.07 2.03 1.96 1.84 1.68 1.57 1.45 1.34 1.29 1.30 1.35 1.41 1.49 1.58 1.70 1.78 1.86 1.93 2.02 2.07 2.11 2.14 2.12 2.12 2.10 2.08 2.04 2.03 2.01 2.01 2.01 2.05 2.06 2.11 2.13 2.14 2.20 2.19 2.18 2.20 2.20 2.24 2.22 2.23 2.25 2.29 2.36 2.45 2.54 2.62 2.82 2.89 2.94 2.98 2.98 2.96 2.92 2.84 2.73 2.60 2.45 2.29 2.12 1.97
3.26 3.18 3.07 2.94 2.80 2.65 2.52 2.38 2.26 2.18 2.15 2.13 2.14 2.16 2.18 2.19 2.21 2.23 2.24 2.22 2.18 2.12 2.04 1.95 1.79 1.67 1.56 1.47 1.42 1.41 1.43 1.51 1.54 1.63 1.74 1.82 1.90 1.96 2.04 2.09 2.12 2.14 2.14 2.11 2.10 2.08 2.05 2.03 2.02 2.02 2.00 2.03 2.02 2.07 2.08 2.10 2.09 2.08 2.14 2.17 2.18 2.20 2.18 2.20 2.23 2.28 2.35 2.43 2.52 2.73 2.83 2.92 3.01 3.05 3.06 3.04 2.99 2.93 2.84 2.72 2.58 2.43 2.28 2.16
3.52 3.43 3.32 3.18 3.03 2.88 2.74 2.60 2.48 2.39 2.34 2.32 2.32 2.31 2.32 2.33 2.34 2.36 2.36 2.34 2.30 2.26 2.18 2.07 1.90 1.79 1.68 1.58 1.54 1.52 1.57 1.61 1.66 1.73 1.86 1.94 2.00 2.06 2.11 2.13 2.18 2.14 2.17 2.13 2.11 2.09 2.06 2.06 2.04 2.02 2.01 1.99 2.08 2.08 2.07 2.04 2.03 2.04 2.04 2.12 2.14 2.17 2.15 2.19 2.22 2.27 2.34 2.42 2.63 2.75 2.86 2.99 3.07 3.12 3.15 3.14 3.12 3.06 2.99 2.89 2.76 2.62 2.48 2.36
3.78 3.69 3.57 3.42 3.26 3.11 2.95 2.81 2.69 2.59 2.53 2.49 2.48 2.47 2.46 2.47 2.48 2.50 2.50 2.48 2.44 2.40 2.31 2.20 2.01 1.90 1.78 1.71 1.67 1.66 1.67 1.74 1.79 1.85 1.91 1.93 1.99 2.05 2.12 2.17 2.21 2.23 2.16 2.16 2.14 2.11 2.09 2.07 2.06 2.04 2.02 2.04 2.10 2.08 2.05 2.01 1.99 2.00 2.01 2.03 2.07 2.12 2.15 2.18 2.23 2.26 2.40 2.52 2.64 2.76 2.96 3.03 3.13 3.20 3.26 3.28 3.28 3.24 3.17 3.15 2.97 2.84 2.70 2.58
4.08 3.98 3.85 3.69 3.52 3.34 3.15 3.00 2.87 2.77 2.69 2.65 2.62 2.61 2.60 2.61 2.62 2.63 2.64 2.63 2.59 2.51 2.42 2.30 2.13 2.01 1.92 1.84 1.80 1.78 1.81 1.83 1.83 1.85 1.89 1.95 2.02 2.10 2.16 2.22 2.26 2.29 2.31 2.28 2.26 2.22 2.13 2.11 2.08 2.06 2.04 2.06 2.10 2.07 2.03 1.99 1.97 1.95 1.96 1.99 2.07 2.17 2.14 2.18 2.23 2.33 2.41 2.53 2.65 2.84 2.97 3.06 3.19 3.31 3.41 3.46 3.48 3.46 3.47 3.38 3.26 3.13 2.95 2.82
4.33 4.23 4.08 3.90 3.71 3.52 3.32 3.16 3.01 2.90 2.82 2.77 2.74 2.73 2.73 2.73 2.75 2.77 2.78 2.77 2.73 2.65 2.55 2.41 2.28 2.11 2.02 1.94 1.91 1.88 1.88 1.84 1.86 1.89 1.93 1.99 2.06 2.14 2.21 2.28 2.32 2.36 2.35 2.35 2.33 2.30 2.21 2.16 2.14 2.11 2.10 2.09 2.13 2.09 2.04 1.98 1.95 1.95 1.96 1.96 2.03 2.14 2.18 2.23 2.24 2.34 2.41 2.58 2.69 2.81 2.95 3.10 3.29 3.43 3.57 3.67 3.71 3.73 3.70 3.64 3.52 3.37 3.19 3.05
4.57 4.46 4.28 4.07 3.86 3.66 3.47 3.31 3.13 3.02 2.93 2.88 2.85 2.84 2.84 2.85 2.88 2.91 2.93 2.92 2.85 2.77 2.65 2.50 2.36 2.19 2.08 2.03 2.00 1.97 1.96 1.90 1.91 1.93 1.97 2.04 2.11 2.19 2.27 2.33 2.39 2.42 2.42 2.43 2.41 2.38 2.29 2.25 2.22 2.19 2.15 2.13 2.09 2.12 2.08 1.98 1.95 1.93 1.94 1.96 2.02 2.13 2.18 2.23 2.30 2.36 2.43 2.56 2.66 2.76 2.90 3.10 3.35 3.57 3.77 3.89 3.95 3.99 3.97 3.90 3.78 3.62 3.44 3.29
4.80 4.65 4.42 4.19 3.97 3.76 3.57 3.40 3.25 3.14 3.02 2.96 2.93 2.92 2.93 2.95 2.98 3.03 3.07 3.06 2.97 2.86 2.72 2.59 2.45 2.25 2.15 2.07 2.07 2.04 2.02 1.97 1.97 1.97 2.01 2.08 2.16 2.25 2.33 2.40 2.45 2.49 2.50 2.50 2.49 2.47 2.44 2.35 2.33 2.28 2.23 2.19 2.14 2.17 2.11 2.01 1.93 1.90 1.93 1.96 2.01 2.12 2.18 2.24 2.32 2.40 2.48 2.55 2.62 2.69 2.83 3.10 3.41 3.72 3.98 4.13 4.19 4.21 4.22 4.18 4.05 3.87 3.68 3.50
4.91 4.73 4.48 4.25 4.02 3.81 3.62 3.46 3.32 3.20 3.11 3.06 3.02 3.01 3.02 3.00 3.04 3.09 3.15 3.15 3.03 2.91 2.77 2.63 2.50 2.35 2.26 2.19 2.13 2.09 2.01 1.99 2.00 1.99 2.05 2.12 2.21 2.31 2.39 2.45 2.51 2.55 2.57 2.58 2.58 2.57 2.55 2.51 2.48 2.44 2.33 2.27 2.21 2.25 2.18 2.06 1.96 1.94 1.96 1.98 2.00 2.11 2.17 2.24 2.32 2.41 2.49 2.54 2.59 2.65 2.80 3.13 3.47 3.81 4.14 4.31 4.35 4.39 4.42 4.42 4.28 4.11 3.92 3.73
4.77 4.65 4.45 4.23 4.02 3.82 3.64 3.48 3.34 3.23 3.14 3.08 3.05 3.04 3.05 3.07 3.06 3.10 3.15 3.13 3.03 2.91 2.78 2.64 2.48 2.38 2.29 2.22 2.16 2.05 2.02 2.00 2.01 2.05 2.07 2.15 2.24 2.34 2.43 2.50 2.56 2.61 2.62 2.65 2.66 2.67 2.66 2.63 2.59 2.56 2.44 2.38 2.31 2.30 2.29 2.18 2.10 2.04 2.00 2.02 2.03 2.12 2.17 2.22 2.29 2.38 2.49 2.54 2.60 2.71 2.90 3.19 3.52 3.84 4.13 4.32 4.43 4.50 4.54 4.53 4.45 4.32 4.18 4.04
4.59 4.50 4.35 4.17 3.98 3.79 3.62 3.47 3.33 3.22 3.14 3.08 3.04 3.03 3.04 3.06 3.09 3.09 3.11 3.09 3.02 2.89 2.79 2.67 2.56 2.34 2.25 2.17 2.10 2.05 2.01 2.00 2.02 2.07 2.10 2.19 2.29 2.38 2.47 2.54 2.60 2.63 2.67 2.71 2.73 2.75 2.76 2.75 2.73 2.69 2.63 2.49 2.43 2.41 2.41 2.34 2.25 2.16 2.10 2.08 2.10 2.11 2.18 2.23 2.29 2.38 2.49 2.56 2.64 2.78 2.99 3.25 3.56 3.84 4.10 4.31 4.45 4.56 4.61 4.63 4.59 4.52 4.44 4.34
4.42 4.34 4.22 4.07 3.90 3.74 3.57 3.43 3.30 3.19 3.11 3.05 3.02 3.01 3.01 3.03 3.08 3.05 3.06 3.03 2.97 2.87 2.70 2.65 2.42 2.32 2.23 2.14 2.07 2.02 1.99 1.99 2.03 2.09 2.15 2.23 2.34 2.43 2.52 2.58 2.64 2.66 2.71 2.75 2.80 2.83 2.85 2.86 2.84 2.84 2.77 2.68 2.54 2.46 2.53 2.45 2.38 2.27 2.19 2.16 2.16 2.16 2.20 2.25 2.31 2.39 2.51 2.59 2.71 2.85 3.04 3.27 3.53 3.83 4.08 4.30 4.46 4.56 4.65 4.71 4.74 4.74 4.68 4.63
4.25 4.19 4.09 3.95 3.80 3.65 3.50 3.36 3.24 3.13 3.05 3.00 2.97 2.96 2.96 3.01 3.04 3.06 3.00 2.97 2.90 2.81 2.71 2.52 2.39 2.29 2.25 2.16 2.03 1.99 1.97 1.98 2.03 2.09 2.18 2.29 2.40 2.48 2.56 2.62 2.67 2.71 2.74 2.79 2.85 2.92 2.95 2.97 2.96 2.96 2.90 2.82 2.66 2.56 2.65 2.57 2.50 2.39 2.28 2.25 2.23 2.22 2.24 2.27 2.34 2.43 2.54 2.62 2.74 2.88 3.07 3.30 3.54 3.83 4.08 4.29 4.46 4.58 4.69 4.78 4.85 4.90 4.92 4.91
4.10 4.04 3.95 3.83 3.70 3.55 3.42 3.28 3.16 3.06 2.98 2.93 2.91 2.90 2.94 2.95 2.98 2.99 2.93 2.90 2.84 2.74 2.61 2.50 2.38 2.29 2.20 2.11 2.04 2.00 1.94 1.97 2.08 2.16 2.21 2.33 2.45 2.55 2.61 2.66 2.69 2.82 2.88 2.84 2.92 3.00 3.07 3.13 3.12 3.10 3.04 2.94 2.76 2.82 2.67 2.63 2.63 2.52 2.39 2.30 2.27 2.26 2.29 2.39 2.49 2.54 2.57 2.65 2.76 2.91 3.09 3.32 3.56 3.78 4.02 4.26 4.44 4.58 4.71 4.82 4.94 5.05 5.13 5.17
3.96 3.90 3.82 3.71 3.58 3.45 3.32 3.19 3.07 2.98 2.90 2.85 2.86 2.86 2.87 2.89 2.93 2.94 2.94 2.84 2.77 2.64 2.54 2.42 2.32 2.23 2.15 2.07 2.01 1.96 1.95 1.99 2.05 2.15 2.28 2.37 2.51 2.62 2.67 2.70 2.79 2.81 2.86 2.96 3.07 3.10 3.19 3.24 3.25 3.21 3.14 3.04 2.93 2.91 2.76 2.68 2.65 2.59 2.48 2.39 2.37 2.35 2.36 2.46 2.50 2.56 2.63 2.68 2.77 2.91 3.10 3.33 3.56 3.81 4.04 4.27 4.44 4.57 4.70 4.83 4.99 5.16 5.33 5.44
3.81 3.76 3.68 3.58 3.46 3.34 3.21 3.09 2.97 2.87 2.81 2.79 2.78 2.78 2.82 2.84 2.86 2.86 2.85 2.81 2.68 2.61 2.46 2.32 2.22 2.18 2.10 2.02 1.97 1.92 1.91 1.94 2.00 2.11 2.27 2.43 2.60 2.70 2.75 2.74 2.77 2.73 2.77 2.90 3.06 3.19 3.33 3.39 3.38 3.30 3.21 3.11 3.00 3.01 2.84 2.76 2.72 2.68 2.56 2.53 2.47 2.43 2.44 2.52 2.56 2.60 2.65 2.70 2.77 2.90 3.08 3.29 3.56 3.84 4.08 4.29 4.43 4.48 4.58 4.79 5.00 5.25 5.49 5.67
3.69 3.64 3.56 3.46 3.35 3.23 3.10 2.98 2.86 2.76 2.71 2.70 2.71 2.72 2.74 2.77 2.79 2.79 2.77 2.72 2.61 2.54 2.37 2.26 2.21 2.13 2.05 1.98 1.92 1.88 1.88 1.89 1.94 2.06 2.25 2.48 2.68 2.83 2.86 2.79 2.72 2.65 2.67 2.84 3.07 3.31 3.51 3.55 3.50 3.38 3.27 3.14 3.04 3.06 2.98 2.87 2.79 2.78 2.65 2.58 2.57 2.53 2.53 2.60 2.62 2.65 2.68 2.72 2.76 2.86 3.03 3.29 3.58 3.88 4.15 4.34 4.40 4.46 4.52 4.65 4.91 5.29 5.62 5.89
3.61 3.53 3.46 3.36 3.26 3.14 3.01 2.89 2.77 2.65 2.62 2.63 2.64 2.66 2.68 2.71 2.73 2.72 2.70 2.65 2.53 2.45 2.31 2.20 2.16 2.09 2.02 1.94 1.87 1.85 1.85 1.86 1.89 2.02 2.26 2.51 2.75 2.96 2.93 2.82 2.69 2.57 2.55 2.78 3.05 3.33 3.60 3.69 3.55 3.41 3.28 3.16 3.05 3.09 3.02 3.00 2.94 2.85 2.74 2.67 2.66 2.62 2.62 2.67 2.69 2.71 2.74 2.77 2.80 2.87 3.01 3.30 3.60 3.91 4.22 4.37 4.41 4.45 4.47 4.54 4.87 5.26 5.65 6.02
3.54 3.48 3.41 3.31 3.20 3.09 2.96 2.84 2.74 2.63 2.60 2.60 2.61 2.62 2.64 2.67 2.68 2.67 2.64 2.60 2.49 2.35 2.25 2.16 2.08 2.02 2.01 1.95 1.89 1.88 1.89 1.92 1.97 2.10 2.32 2.55 2.75 2.90 2.90 2.81 2.69 2.60 2.61 2.78 3.01 3.26 3.49 3.57 3.52 3.42 3.32 3.23 3.07 3.10 3.05 3.05 2.91 2.83 2.83 2.78 2.78 2.74 2.79 2.79 2.80 2.83 2.86 2.88 2.91 2.98 3.11 3.36 3.63 3.91 4.18 4.32 4.40 4.45 4.50 4.62 4.90 5.23 5.57 5.86
3.47 3.42 3.34 3.26 3.16 3.05 2.94 2.85 2.74 2.66 2.61 2.61 2.61 2.63 2.64 2.66 2.67 2.66 2.63 2.58 2.45 2.31 2.21 2.14 2.07 2.02 2.05 2.00 1.97 1.95 1.97 2.01 2.09 2.22 2.39 2.57 2.72 2.81 2.83 2.79 2.72 2.68 2.70 2.81 2.97 3.15 3.30 3.37 3.35 3.32 3.25 3.18 3.23 3.19 3.06 3.07 2.96 2.87 2.91 2.87 2.88 2.86 2.92 2.92 2.93 2.97 3.00 3.02 3.07 3.14 3.28 3.43 3.66 3.91 4.11 4.23 4.33 4.45 4.55 4.67 4.89 5.16 5.41 5.59
3.42 3.37 3.31 3.23 3.14 3.05 2.97 2.87 2.79 2.76 2.71 2.71 2.71 2.71 2.72 2.67 2.67 2.65 2.61 2.53 2.40 2.31 2.21 2.14 2.10 2.12 2.09 2.06 2.04 2.04 2.07 2.13 2.22 2.34 2.47 2.60 2.72 2.79 2.82 2.79 2.75 2.72 2.74 2.81 2.92 3.04 3.13 3.19 3.18 3.15 3.13 3.09 3.16 3.16 3.16 3.05 2.99 2.92 2.89 2.95 2.94 3.03 3.04 3.05 3.08 3.11 3.15 3.17 3.21 3.29 3.40 3.55 3.70 3.89 4.05 4.15 4.27 4.38 4.52 4.67 4.85 5.05 5.22 5.32
3.45 3.41 3.35 3.29 3.21 3.11 3.02 2.98 2.91 2.85 2.80 2.78 2.79 2.78 2.77 2.76 2.74 2.70 2.67 2.54 2.40 2.31 2.21 2.15 2.12 2.10 2.14 2.13 2.12 2.14 2.18 2.24 2.34 2.44 2.55 2.66 2.75 2.81 2.83 2.80 2.76 2.73 2.73 2.77 2.84 2.92 2.99 3.03 3.03 3.00 2.96 2.96 3.08 3.09 3.12 3.16 2.98 2.95 2.94 2.93 3.00 3.14 3.16 3.18 3.22 3.30 3.30 3.32 3.36 3.42 3.51 3.62 3.74 3.86 4.00 4.07 4.20 4.35 4.49 4.63 4.77 4.91 5.04 5.11
3.46 3.42 3.38 3.33 3.26 3.22 3.14 3.07 3.01 2.96 2.92 2.90 2.90 2.87 2.85 2.82 2.79 2.77 2.71 2.62 2.44 2.32 2.23 2.18 2.15 2.15 2.23 2.16 2.21 2.23 2.32 2.37 2.45 2.55 2.65 2.75 2.83 2.88 2.87 2.83 2.77 2.72 2.69 2.70 2.74 2.80 2.85 2.88 2.88 2.86 2.83 2.86 2.97 3.00 3.05 3.11 3.05 2.97 2.97 2.98 3.01 3.23 3.27 3.31 3.36 3.40 3.46 3.47 3.49 3.54 3.60 3.67 3.75 3.81 3.91 4.03 4.16 4.29 4.43 4.56 4.67 4.76 4.85 4.88
3.49 3.47 3.44 3.39 3.36 3.31 3.25 3.19 3.14 3.10 3.07 3.04 3.01 2.98 2.94 2.90 2.89 2.83 2.76 2.63 2.52 2.35 2.26 2.22 2.20 2.20 2.30 2.30 2.31 2.34 2.40 2.47 2.56 2.67 2.77 2.86 2.94 2.97 2.94 2.87 2.77 2.68 2.63 2.61 2.63 2.67 2.74 2.74 2.74 2.73 2.71 2.78 2.82 2.90 2.96 3.04 3.11 3.13 2.99 3.02 3.06 3.25 3.36 3.43 3.49 3.53 3.60 3.61 3.63 3.65 3.68 3.72 3.75 3.77 3.84 3.95 4.08 4.21 4.35 4.47 4.56 4.62 4.67 4.67
3.56 3.55 3.52 3.51 3.47 3.42 3.38 3.33 3.29 3.26 3.22 3.19 3.15 3.14 3.08 3.04 2.97 2.90 2.79 2.68 2.57 2.47 2.35 2.30 2.26 2.26 2.36 2.35 2.36 2.42 2.48 2.57 2.68 2.79 2.90 3.01 3.08 3.10 3.04 2.92 2.77 2.63 2.54 2.51 2.52 2.55 2.61 2.63 2.64 2.60 2.60 2.68 2.72 2.76 2.86 2.95 3.03 3.09 3.14 3.04 3.19 3.26 3.39 3.52 3.61 3.66 3.74 3.74 3.76 3.76 3.75 3.74 3.72 3.72 3.75 3.84 3.98 4.13 4.29 4.40 4.48 4.49 4.51 4.47
3.64 3.64 3.64 3.62 3.59 3.56 3.53 3.49 3.46 3.42 3.39 3.34 3.33 3.28 3.21 3.15 3.06 2.97 2.86 2.75 2.64 2.55 2.43 2.38 2.35 2.42 2.40 2.39 2.39 2.47 2.57 2.67 2.79 2.89 3.02 3.13 3.24 3.27 3.17 2.97 2.76 2.55 2.42 2.40 2.42 2.45 2.48 2.50 2.52 2.49 2.49 2.59 2.62 2.66 2.73 2.83 2.93 3.02 3.11 3.11 3.22 3.31 3.45 3.56 3.69 3.78 3.85 3.87 3.86 3.85 3.82 3.76 3.70 3.65 3.64 3.72 3.88 4.06 4.23 4.35 4.40 4.39 4.35 4.29
3.76 3.76 3.75 3.74 3.72 3.70 3.68 3.66 3.63 3.59 3.56 3.51 3.49 3.42 3.34 3.25 3.16 3.06 2.95 2.83 2.73 2.64 2.52 2.46 2.43 2.50 2.47 2.44 2.43 2.54 2.63 2.76 2.90 3.03 3.15 3.27 3.38 3.46 3.30 3.05 2.78 2.50 2.30 2.31 2.35 2.38 2.40 2.41 2.42 2.43 2.40 2.50 2.60 2.57 2.69 2.74 2.84 2.97 3.10 3.10 3.28 3.38 3.49 3.61 3.76 3.88 3.92 3.93 3.92 3.92 3.89 3.79 3.68 3.59 3.52 3.60 3.80 4.00 4.19 4.33 4.34 4.28 4.21 4.11
3.83 3.85 3.86 3.86 3.86 3.85 3.84 3.82 3.80 3.77 3.73 3.72 3.66 3.58 3.49 3.38 3.27 3.15 3.05 2.93 2.83 2.74 2.74 2.69 2.66 2.59 2.55 2.51 2.52 2.60 2.76 2.89 3.02 3.14 3.25 3.36 3.46 3.49 3.36 3.11 2.84 2.56 2.36 2.34 2.36 2.36 2.36 2.34 2.35 2.35 2.47 2.48 2.50 2.53 2.56 2.62 2.72 2.87 3.01 3.14 3.27 3.37 3.50 3.63 3.75 3.86 3.89 3.93 3.93 3.92 3.88 3.78 3.67 3.58 3.51 3.58 3.77 3.95 4.12 4.24 4.24 4.18 4.10 3.99
