data/Validacao/F081015.grd
DSAA
94	94
0.0000	100.0000
0.0000	100.0000
1.1201	6.1586
[rows 0 to 37 of 94, columns 0 to 83 of 94]
1.87 1.95 2.06 2.15 2.24 2.32 2.39 2.46 2.51 2.55 2.58 2.60 2.61 2.61 2.59 2.58 2.57 2.59 2.54 2.54 2.60 2.69 2.76 2.82 2.87 2.91 2.94 2.97 2.97 2.93 2.90 2.87 2.87 2.84 2.78 2.76 2.73 2.71 2.77 2.86 2.94 3.00 3.04 3.04 3.03 3.00 2.99 2.96 3.03 3.01 3.00 2.98 2.95 2.91 2.85 2.81 2.82 2.99 3.17 3.28 3.44 3.60 3.75 3.89 4.01 4.12 4.19 4.28 4.36 4.44 4.52 4.60 4.68 4.78 4.87 4.81 4.64 4.46 4.28 4.09 3.90 3.71 3.52 3.34
1.96 2.03 2.12 2.22 2.31 2.39 2.47 2.54 2.59 2.64 2.67 2.68 2.69 2.69 2.67 2.66 2.65 2.66 2.64 2.64 2.68 2.77 2.82 2.87 2.92 2.96 2.99 3.01 3.01 2.99 2.95 2.91 2.91 2.88 2.82 2.80 2.79 2.80 2.85 2.93 3.01 3.07 3.11 3.10 3.09 3.06 3.06 3.04 3.12 3.12 3.11 3.10 3.08 3.06 3.02 3.01 3.06 3.20 3.34 3.49 3.66 3.81 3.95 4.07 4.18 4.29 4.34 4.41 4.47 4.53 4.59 4.65 4.70 4.75 4.78 4.71 4.56 4.40 4.23 4.06 3.87 3.68 3.50 3.32
2.07 2.13 2.21 2.30 2.39 2.48 2.57 2.64 2.69 2.73 2.76 2.77 2.78 2.77 2.75 2.75 2.75 2.74 2.75 2.76 2.79 2.85 2.90 2.94 2.98 3.01 3.09 3.06 3.06 3.04 3.00 2.96 2.93 2.92 2.90 2.89 2.89 2.94 2.98 3.04 3.11 3.17 3.19 3.17 3.15 3.10 3.14 3.14 3.11 3.24 3.24 3.24 3.24 3.23 3.24 3.25 3.33 3.46 3.58 3.74 3.89 4.04 4.16 4.27 4.37 4.44 4.50 4.52 4.56 4.59 4.62 4.65 4.66 4.67 4.63 4.55 4.43 4.29 4.15 3.98 3.81 3.64 3.46 3.28
2.17 2.23 2.31 2.40 2.49 2.59 2.68 2.75 2.80 2.84 2.86 2.87 2.87 2.87 2.84 2.84 2.84 2.84 2.86 2.87 2.91 2.94 2.98 3.02 3.04 3.11 3.13 3.14 3.09 3.09 3.08 3.04 3.02 3.02 3.02 3.02 3.03 3.05 3.14 3.20 3.25 3.29 3.28 3.26 3.20 3.18 3.23 3.24 3.26 3.28 3.36 3.37 3.39 3.40 3.44 3.48 3.58 3.68 3.83 4.00 4.14 4.28 4.38 4.48 4.54 4.59 4.62 4.64 4.62 4.62 4.62 4.61 4.59 4.53 4.47 4.38 4.27 4.15 4.02 3.88 3.73 3.57 3.40 3.23
2.26 2.32 2.41 2.50 2.60 2.70 2.79 2.86 2.92 2.95 2.97 2.98 2.97 2.96 2.94 2.93 2.92 2.92 2.95 2.96 3.01 3.03 3.06 3.09 3.14 3.15 3.16 3.17 3.13 3.14 3.15 3.16 3.14 3.16 3.17 3.18 3.20 3.22 3.32 3.37 3.41 3.44 3.41 3.35 3.32 3.30 3.30 3.29 3.37 3.39 3.41 3.49 3.51 3.55 3.62 3.70 3.80 3.91 4.08 4.25 4.40 4.52 4.61 4.66 4.70 4.71 4.71 4.69 4.65 4.62 4.58 4.54 4.49 4.40 4.31 4.21 4.10 3.99 3.88 3.76 3.62 3.48 3.33 3.17
2.34 2.42 2.50 2.60 2.70 2.80 2.89 2.97 3.03 3.07 3.09 3.09 3.07 3.05 3.02 3.00 2.99 2.98 2.99 3.07 3.09 3.11 3.13 3.16 3.19 3.20 3.20 3.21 3.19 3.21 3.23 3.26 3.29 3.31 3.34 3.36 3.38 3.38 3.51 3.56 3.59 3.60 3.54 3.50 3.47 3.45 3.44 3.49 3.48 3.49 3.51 3.53 3.62 3.67 3.75 3.86 3.98 4.11 4.30 4.49 4.66 4.77 4.83 4.84 4.83 4.80 4.76 4.72 4.66 4.58 4.52 4.45 4.35 4.26 4.15 4.04 3.93 3.82 3.72 3.62 3.50 3.38 3.24 3.10
2.42 2.50 2.59 2.69 2.79 2.89 2.99 3.08 3.15 3.20 3.22 3.20 3.16 3.11 3.07 3.05 3.03 3.04 3.05 3.13 3.15 3.17 3.20 3.21 3.21 3.23 3.24 3.26 3.25 3.28 3.32 3.37 3.38 3.44 3.51 3.55 3.58 3.57 3.71 3.75 3.77 3.77 3.71 3.67 3.63 3.61 3.62 3.62 3.60 3.58 3.59 3.60 3.64 3.74 3.83 3.95 4.06 4.27 4.50 4.73 4.92 5.02 5.04 5.00 4.93 4.85 4.77 4.70 4.62 4.52 4.43 4.33 4.22 4.10 3.98 3.86 3.75 3.65 3.56 3.47 3.38 3.27 3.15 3.03
2.44 2.57 2.66 2.76 2.86 2.97 3.08 3.18 3.28 3.34 3.35 3.30 3.23 3.15 3.09 3.06 3.07 3.08 3.11 3.15 3.20 3.22 3.23 3.24 3.24 3.26 3.28 3.31 3.32 3.36 3.42 3.48 3.52 3.59 3.72 3.74 3.78 3.77 3.74 3.94 3.96 3.96 3.89 3.85 3.81 3.80 3.78 3.75 3.71 3.66 3.63 3.64 3.68 3.74 3.85 3.98 4.14 4.38 4.67 4.96 5.18 5.28 5.24 5.12 4.98 4.85 4.73 4.64 4.54 4.44 4.31 4.17 4.06 3.93 3.80 3.68 3.57 3.47 3.40 3.33 3.24 3.15 3.05 2.94
2.48 2.62 2.70 2.80 2.91 3.02 3.15 3.27 3.40 3.48 3.47 3.38 3.26 3.15 3.07 3.05 3.07 3.12 3.17 3.20 3.23 3.23 3.24 3.25 3.25 3.27 3.31 3.35 3.39 3.45 3.52 3.57 3.66 3.74 3.89 3.95 4.00 3.97 3.94 4.15 4.16 4.10 4.07 4.08 3.97 3.96 3.94 3.89 3.80 3.72 3.66 3.64 3.66 3.71 3.80 3.93 4.12 4.42 4.79 5.15 5.45 5.53 5.40 5.18 4.96 4.78 4.64 4.53 4.43 4.31 4.18 4.02 3.89 3.76 3.63 3.50 3.39 3.30 3.23 3.18 3.12 3.04 2.95 2.86
2.51 2.60 2.73 2.83 2.93 3.05 3.19 3.33 3.48 3.61 3.56 3.42 3.27 3.12 3.01 3.02 3.06 3.12 3.19 3.24 3.22 3.21 3.22 3.24 3.25 3.27 3.31 3.37 3.44 3.52 3.61 3.69 3.80 3.94 4.03 4.13 4.20 4.23 4.15 4.35 4.35 4.37 4.31 4.23 4.16 4.10 4.08 4.00 3.86 3.74 3.66 3.61 3.61 3.65 3.73 3.83 4.01 4.38 4.80 5.24 5.68 5.73 5.45 5.16 4.88 4.64 4.50 4.39 4.28 4.16 4.02 3.86 3.72 3.58 3.44 3.32 3.22 3.13 3.08 3.04 2.99 2.93 2.86 2.78
2.53 2.61 2.70 2.83 2.94 3.06 3.19 3.33 3.47 3.57 3.53 3.40 3.25 3.10 3.00 2.99 3.03 3.08 3.15 3.18 3.17 3.15 3.15 3.18 3.20 3.24 3.29 3.38 3.47 3.59 3.70 3.80 3.92 4.08 4.19 4.31 4.40 4.40 4.38 4.37 4.59 4.55 4.46 4.36 4.27 4.17 4.11 4.00 3.85 3.72 3.62 3.56 3.54 3.56 3.63 3.75 3.95 4.29 4.70 5.12 5.48 5.53 5.29 5.01 4.74 4.51 4.36 4.24 4.11 3.98 3.83 3.69 3.54 3.39 3.26 3.14 3.04 2.97 2.93 2.91 2.88 2.84 2.78 2.72
2.52 2.60 2.68 2.81 2.92 3.04 3.16 3.29 3.40 3.45 3.42 3.32 3.19 3.08 3.00 2.97 2.98 3.01 3.05 3.07 3.06 3.05 3.05 3.07 3.12 3.17 3.26 3.36 3.48 3.64 3.74 3.90 4.04 4.22 4.35 4.48 4.59 4.61 4.62 4.57 4.78 4.71 4.59 4.46 4.32 4.19 4.04 3.92 3.78 3.66 3.55 3.48 3.44 3.46 3.53 3.66 3.86 4.14 4.48 4.81 5.05 5.10 4.97 4.77 4.55 4.35 4.19 4.06 3.93 3.76 3.63 3.50 3.35 3.21 3.08 2.97 2.88 2.82 2.79 2.79 2.77 2.75 2.72 2.68
2.49 2.57 2.65 2.74 2.88 3.00 3.12 3.23 3.31 3.34 3.30 3.22 3.12 3.02 2.95 2.91 2.91 2.92 2.94 2.95 2.94 2.92 2.92 2.95 3.01 3.09 3.20 3.33 3.48 3.63 3.80 3.97 4.15 4.35 4.52 4.66 4.80 4.81 4.82 4.84 4.75 4.84 4.68 4.51 4.33 4.16 4.00 3.81 3.68 3.55 3.44 3.36 3.32 3.34 3.40 3.53 3.69 3.92 4.18 4.43 4.61 4.65 4.58 4.45 4.29 4.13 3.99 3.85 3.72 3.56 3.43 3.30 3.16 3.02 2.90 2.80 2.72 2.67 2.66 2.67 2.68 2.68 2.66 2.64
2.46 2.53 2.60 2.70 2.84 2.95 3.06 3.15 3.21 3.23 3.19 3.11 3.02 2.93 2.87 2.83 2.82 2.82 2.82 2.83 2.80 2.78 2.78 2.81 2.88 2.98 3.12 3.28 3.46 3.64 3.84 4.04 4.25 4.47 4.68 4.84 5.00 5.02 5.07 5.02 4.90 4.94 4.75 4.53 4.31 4.11 3.90 3.69 3.55 3.41 3.28 3.21 3.17 3.18 3.23 3.34 3.47 3.64 3.85 4.03 4.17 4.23 4.19 4.10 3.99 3.86 3.74 3.62 3.46 3.34 3.22 3.10 2.97 2.84 2.72 2.63 2.57 2.54 2.55 2.57 2.59 2.60 2.61 2.61
2.41 2.48 2.56 2.65 2.76 2.90 3.00 3.09 3.12 3.12 3.08 3.00 2.90 2.82 2.76 2.73 2.71 2.71 2.70 2.70 2.69 2.63 2.63 2.66 2.73 2.85 3.01 3.20 3.42 3.64 3.87 4.09 4.32 4.56 4.78 4.99 5.13 5.23 5.28 5.21 5.02 4.83 4.75 4.53 4.27 4.03 3.79 3.55 3.39 3.23 3.12 3.04 2.99 2.98 3.01 3.11 3.20 3.33 3.49 3.63 3.74 3.81 3.81 3.74 3.67 3.57 3.44 3.33 3.22 3.12 3.01 2.90 2.79 2.64 2.55 2.49 2.45 2.44 2.46 2.49 2.51 2.54 2.56 2.58
2.36 2.43 2.51 2.61 2.71 2.81 2.95 3.02 3.05 3.04 2.98 2.88 2.78 2.69 2.63 2.61 2.60 2.59 2.60 2.59 2.56 2.48 2.47 2.49 2.57 2.70 2.88 3.10 3.35 3.62 3.88 4.14 4.40 4.71 4.97 5.28 5.44 5.48 5.46 5.34 5.14 4.91 4.63 4.52 4.21 3.92 3.65 3.38 3.19 3.06 2.95 2.86 2.79 2.76 2.81 2.84 2.90 3.00 3.13 3.24 3.34 3.40 3.42 3.41 3.34 3.26 3.17 3.09 2.99 2.90 2.81 2.71 2.62 2.50 2.41 2.34 2.32 2.33 2.37 2.41 2.45 2.48 2.52 2.55
2.31 2.38 2.46 2.56 2.67 2.77 2.86 2.95 2.97 2.95 2.88 2.77 2.65 2.56 2.49 2.47 2.49 2.50 2.51 2.49 2.45 2.34 2.29 2.30 2.39 2.55 2.76 3.00 3.27 3.58 3.88 4.18 4.47 4.77 5.10 5.44 5.63 5.69 5.65 5.49 5.24 4.96 4.63 4.49 4.13 3.79 3.46 3.20 3.01 2.88 2.76 2.67 2.59 2.53 2.55 2.55 2.59 2.66 2.76 2.87 2.96 3.02 3.06 3.06 3.05 2.97 2.91 2.84 2.77 2.70 2.62 2.55 2.44 2.34 2.26 2.22 2.21 2.25 2.30 2.35 2.40 2.45 2.49 2.53
2.25 2.32 2.42 2.52 2.63 2.73 2.81 2.90 2.91 2.88 2.79 2.67 2.53 2.41 2.33 2.31 2.35 2.40 2.45 2.43 2.35 2.16 2.08 2.06 2.19 2.39 2.63 2.90 3.18 3.52 3.86 4.20 4.52 4.85 5.21 5.57 5.80 5.90 5.84 5.62 5.32 4.98 4.61 4.43 4.04 3.62 3.26 3.01 2.83 2.69 2.58 2.48 2.34 2.26 2.20 2.25 2.26 2.33 2.41 2.50 2.57 2.68 2.72 2.74 2.74 2.69 2.65 2.63 2.60 2.54 2.48 2.40 2.29 2.20 2.13 2.10 2.13 2.19 2.25 2.31 2.37 2.42 2.47 2.51
2.18 2.27 2.38 2.49 2.60 2.70 2.79 2.85 2.86 2.84 2.74 2.59 2.43 2.26 2.15 2.18 2.26 2.34 2.42 2.41 2.22 2.07 1.94 1.87 2.00 2.25 2.52 2.80 3.11 3.48 3.85 4.20 4.55 4.89 5.27 5.64 5.92 6.11 5.98 5.69 5.34 4.94 4.56 4.36 3.92 3.50 3.09 2.82 2.66 2.52 2.40 2.30 2.19 2.09 2.00 1.94 1.95 2.04 2.15 2.23 2.30 2.36 2.41 2.44 2.47 2.44 2.44 2.44 2.44 2.39 2.34 2.28 2.18 2.10 2.02 2.02 2.08 2.16 2.23 2.30 2.35 2.40 2.45 2.47
2.16 2.26 2.37 2.48 2.58 2.67 2.76 2.81 2.82 2.80 2.69 2.54 2.36 2.19 2.07 2.11 2.19 2.28 2.36 2.35 2.16 2.01 1.87 1.79 1.94 2.21 2.49 2.76 3.08 3.46 3.84 4.21 4.54 4.88 5.24 5.61 5.89 6.10 5.95 5.63 5.26 4.87 4.48 4.09 3.84 3.42 3.00 2.71 2.55 2.42 2.31 2.20 2.09 1.98 1.88 1.79 1.77 1.86 1.96 2.04 2.10 2.16 2.21 2.24 2.24 2.25 2.27 2.29 2.29 2.27 2.23 2.18 2.11 2.04 1.98 2.00 2.08 2.16 2.22 2.28 2.33 2.38 2.41 2.46
2.20 2.28 2.37 2.48 2.57 2.66 2.72 2.78 2.78 2.74 2.64 2.50 2.35 2.21 2.11 2.10 2.14 2.20 2.25 2.24 2.16 1.98 1.90 1.90 2.04 2.26 2.52 2.80 3.12 3.47 3.83 4.19 4.51 4.83 5.21 5.48 5.69 5.78 5.70 5.45 5.12 4.76 4.37 4.00 3.64 3.38 3.01 2.73 2.54 2.40 2.28 2.13 2.03 1.92 1.83 1.81 1.77 1.80 1.86 1.93 1.98 2.03 2.06 2.09 2.10 2.12 2.14 2.16 2.17 2.18 2.16 2.13 2.07 2.04 2.02 2.05 2.11 2.18 2.24 2.28 2.33 2.37 2.40 2.44
2.23 2.30 2.39 2.49 2.57 2.65 2.71 2.77 2.76 2.72 2.62 2.50 2.37 2.25 2.17 2.14 2.15 2.16 2.17 2.16 2.13 2.04 2.01 2.04 2.16 2.35 2.59 2.86 3.17 3.48 3.83 4.17 4.46 4.75 5.07 5.29 5.43 5.46 5.39 5.20 4.93 4.60 4.24 3.89 3.56 3.35 3.04 2.75 2.55 2.40 2.28 2.17 2.06 1.96 1.92 1.85 1.81 1.81 1.84 1.89 1.92 1.95 1.97 1.99 2.01 2.04 2.06 2.08 2.07 2.07 2.11 2.10 2.07 2.07 2.08 2.12 2.16 2.21 2.26 2.29 2.33 2.34 2.38 2.43
2.24 2.33 2.41 2.49 2.58 2.65 2.74 2.77 2.76 2.72 2.63 2.51 2.39 2.29 2.21 2.16 2.14 2.12 2.13 2.12 2.12 2.07 2.08 2.14 2.27 2.45 2.67 2.93 3.21 3.51 3.82 4.11 4.39 4.69 4.90 5.07 5.17 5.16 5.08 4.93 4.70 4.41 4.08 3.77 3.47 3.18 2.93 2.77 2.58 2.43 2.31 2.21 2.11 2.02 1.99 1.92 1.87 1.85 1.86 1.87 1.89 1.91 1.93 1.94 1.96 1.99 2.00 2.03 2.02 2.04 2.05 2.05 2.07 2.13 2.15 2.18 2.22 2.26 2.26 2.29 2.32 2.34 2.38 2.41
2.26 2.33 2.41 2.49 2.58 2.68 2.74 2.78 2.78 2.74 2.66 2.55 2.42 2.32 2.24 2.17 2.14 2.11 2.10 2.11 2.13 2.11 2.15 2.24 2.37 2.54 2.76 3.01 3.25 3.53 3.80 4.06 4.29 4.50 4.66 4.85 4.85 4.84 4.79 4.66 4.46 4.17 3.85 3.63 3.36 3.11 2.88 2.68 2.56 2.48 2.37 2.28 2.19 2.11 2.04 2.01 1.95 1.92 1.91 1.89 1.89 1.90 1.91 1.92 1.92 1.93 1.97 2.01 2.01 2.04 2.06 2.09 2.13 2.13 2.22 2.25 2.28 2.28 2.29 2.31 2.33 2.35 2.37 2.40
2.28 2.35 2.42 2.49 2.59 2.66 2.75 2.80 2.81 2.77 2.70 2.59 2.48 2.35 2.26 2.19 2.14 2.10 2.09 2.11 2.12 2.15 2.22 2.32 2.46 2.64 2.84 3.06 3.28 3.53 3.77 3.99 4.19 4.38 4.52 4.60 4.63 4.55 4.47 4.35 4.18 3.96 3.70 3.48 3.24 3.01 2.82 2.65 2.56 2.50 2.47 2.39 2.32 2.24 2.17 2.13 2.06 2.01 1.97 1.94 1.92 1.91 1.91 1.91 1.92 1.92 1.94 1.97 2.04 2.08 2.12 2.16 2.21 2.23 2.25 2.31 2.32 2.33 2.34 2.35 2.36 2.37 2.38 2.40
2.30 2.37 2.43 2.53 2.60 2.67 2.74 2.79 2.84 2.82 2.75 2.65 2.52 2.40 2.29 2.20 2.14 2.10 2.09 2.11 2.14 2.19 2.28 2.40 2.55 2.72 2.91 3.11 3.30 3.52 3.72 3.91 4.07 4.23 4.34 4.40 4.41 4.31 4.23 4.10 3.95 3.70 3.52 3.30 3.11 2.90 2.73 2.60 2.56 2.55 2.55 2.54 2.48 2.41 2.33 2.26 2.18 2.11 2.05 2.00 1.97 1.95 1.94 1.94 1.95 1.95 1.98 2.01 2.09 2.15 2.20 2.25 2.29 2.31 2.32 2.30 2.31 2.32 2.32 2.38 2.38 2.38 2.38 2.39
2.31 2.38 2.48 2.54 2.61 2.68 2.75 2.81 2.85 2.88 2.82 2.70 2.57 2.44 2.32 2.22 2.15 2.10 2.08 2.11 2.16 2.24 2.35 2.49 2.64 2.80 2.97 3.14 3.32 3.50 3.66 3.83 3.95 4.08 4.15 4.20 4.15 4.08 4.00 3.84 3.68 3.50 3.35 3.15 2.97 2.77 2.60 2.54 2.55 2.61 2.67 2.70 2.68 2.60 2.51 2.42 2.32 2.22 2.14 2.08 2.03 2.00 1.99 2.00 2.01 2.02 2.05 2.12 2.18 2.24 2.30 2.34 2.37 2.38 2.37 2.38 2.39 2.39 2.38 2.37 2.37 2.36 2.33 2.34
2.31 2.42 2.49 2.55 2.62 2.69 2.76 2.83 2.89 2.92 2.86 2.75 2.61 2.47 2.34 2.24 2.16 2.10 2.06 2.09 2.18 2.29 2.43 2.59 2.73 2.86 3.00 3.14 3.30 3.44 3.57 3.70 3.82 3.89 3.93 3.93 3.95 3.86 3.73 3.61 3.45 3.29 3.17 3.01 2.81 2.62 2.46 2.44 2.54 2.67 2.81 2.90 2.87 2.78 2.68 2.58 2.47 2.35 2.26 2.17 2.10 2.07 2.07 2.09 2.10 2.12 2.16 2.21 2.29 2.34 2.40 2.43 2.45 2.47 2.35 2.36 2.37 2.37 2.37 2.36 2.35 2.39 2.37 2.35
2.43 2.40 2.47 2.54 2.61 2.68 2.75 2.83 2.90 2.96 2.90 2.77 2.62 2.48 2.35 2.26 2.17 2.11 2.06 2.09 2.21 2.35 2.50 2.67 2.78 2.88 3.01 3.15 3.30 3.41 3.50 3.59 3.66 3.75 3.77 3.75 3.72 3.65 3.52 3.41 3.26 3.13 3.02 2.87 2.71 2.55 2.39 2.39 2.54 2.71 2.90 3.07 3.02 2.91 2.81 2.70 2.59 2.48 2.37 2.28 2.20 2.17 2.18 2.20 2.21 2.23 2.27 2.32 2.37 2.43 2.50 2.53 2.55 2.47 2.45 2.46 2.47 2.46 2.45 2.44 2.42 2.40 2.38 2.38
2.39 2.45 2.44 2.51 2.58 2.65 2.72 2.78 2.85 2.88 2.84 2.74 2.62 2.50 2.38 2.28 2.20 2.14 2.13 2.16 2.28 2.41 2.55 2.68 2.79 2.89 3.00 3.11 3.23 3.32 3.41 3.48 3.54 3.61 3.61 3.56 3.52 3.40 3.29 3.19 3.09 2.98 2.90 2.77 2.64 2.52 2.45 2.47 2.59 2.75 2.91 3.04 3.05 2.98 2.89 2.77 2.69 2.58 2.48 2.40 2.34 2.31 2.32 2.33 2.33 2.35 2.38 2.42 2.47 2.52 2.60 2.62 2.64 2.58 2.56 2.57 2.57 2.56 2.54 2.52 2.49 2.50 2.47 2.44
2.33 2.41 2.48 2.47 2.54 2.60 2.66 2.71 2.75 2.77 2.75 2.68 2.59 2.49 2.39 2.30 2.24 2.20 2.20 2.23 2.36 2.47 2.58 2.68 2.78 2.87 2.95 3.05 3.14 3.21 3.29 3.36 3.41 3.48 3.44 3.39 3.34 3.22 3.14 3.02 2.91 2.81 2.79 2.69 2.60 2.52 2.51 2.55 2.63 2.77 2.90 3.00 3.03 3.00 2.94 2.82 2.73 2.63 2.54 2.53 2.46 2.45 2.44 2.38 2.39 2.45 2.48 2.52 2.57 2.65 2.69 2.64 2.74 2.69 2.67 2.68 2.68 2.66 2.64 2.66 2.62 2.57 2.53 2.49
2.27 2.33 2.41 2.47 2.53 2.58 2.58 2.61 2.65 2.66 2.64 2.60 2.54 2.45 2.38 2.32 2.27 2.20 2.25 2.28 2.37 2.50 2.59 2.68 2.76 2.81 2.88 2.96 3.04 3.10 3.16 3.20 3.24 3.29 3.28 3.22 3.13 3.06 2.98 2.87 2.77 2.69 2.70 2.57 2.50 2.53 2.53 2.58 2.66 2.77 2.88 2.97 3.01 3.01 2.92 2.86 2.77 2.61 2.54 2.63 2.59 2.56 2.54 2.46 2.47 2.54 2.57 2.60 2.58 2.63 2.68 2.74 2.77 2.80 2.81 2.79 2.78 2.76 2.75 2.71 2.65 2.61 2.57 2.54
2.18 2.24 2.31 2.38 2.44 2.49 2.53 2.56 2.54 2.55 2.55 2.52 2.45 2.41 2.36 2.32 2.25 2.23 2.23 2.35 2.39 2.45 2.52 2.66 2.72 2.72 2.77 2.86 2.91 2.97 3.03 3.07 3.10 3.14 3.12 3.06 2.97 2.91 2.84 2.77 2.66 2.59 2.55 2.50 2.46 2.45 2.54 2.61 2.62 2.72 2.82 2.95 2.99 2.95 2.92 2.88 2.80 2.65 2.58 2.52 2.67 2.65 2.42 2.41 2.41 2.54 2.57 2.60 2.65 2.71 2.79 2.83 2.87 2.86 2.90 2.90 2.91 2.87 2.82 2.77 2.71 2.65 2.61 2.57
2.08 2.13 2.19 2.26 2.33 2.39 2.43 2.46 2.47 2.45 2.45 2.43 2.35 2.33 2.30 2.27 2.25 2.24 2.27 2.29 2.39 2.43 2.49 2.58 2.60 2.65 2.69 2.73 2.78 2.82 2.94 2.99 2.96 2.99 2.97 2.87 2.82 2.77 2.72 2.66 2.58 2.52 2.48 2.45 2.43 2.47 2.48 2.56 2.64 2.73 2.81 2.85 2.92 2.93 2.92 2.78 2.73 2.67 2.62 2.57 2.51 2.49 2.46 2.45 2.45 2.45 2.48 2.52 2.59 2.66 2.79 2.86 2.91 2.95 2.97 2.99 2.96 2.94 2.88 2.81 2.74 2.66 2.61 2.56
1.97 2.01 2.08 2.15 2.22 2.28 2.32 2.28 2.30 2.31 2.29 2.28 2.27 2.26 2.26 2.25 2.27 2.27 2.27 2.28 2.30 2.33 2.48 2.51 2.55 2.57 2.61 2.64 2.69 2.77 2.82 2.86 2.85 2.85 2.82 2.74 2.69 2.65 2.61 2.58 2.52 2.46 2.43 2.41 2.41 2.46 2.50 2.57 2.64 2.72 2.78 2.83 2.86 2.81 2.80 2.78 2.74 2.70 2.65 2.59 2.54 2.52 2.49 2.46 2.46 2.48 2.51 2.55 2.62 2.78 2.86 2.93 2.99 3.08 3.08 3.07 3.03 2.99 2.89 2.81 2.73 2.67 2.61 2.55
1.85 1.89 1.95 2.02 2.09 2.08 2.13 2.16 2.19 2.20 2.21 2.20 2.20 2.20 2.20 2.21 2.23 2.24 2.24 2.25 2.26 2.28 2.30 2.44 2.47 2.48 2.52 2.56 2.59 2.63 2.73 2.71 2.72 2.72 2.67 2.62 2.58 2.55 2.52 2.50 2.46 2.42 2.40 2.39 2.42 2.47 2.51 2.57 2.63 2.69 2.75 2.80 2.83 2.78 2.78 2.77 2.75 2.71 2.66 2.61 2.57 2.51 2.48 2.48 2.48 2.49 2.53 2.59 2.75 2.83 2.91 3.02 3.09 3.13 3.15 3.13 3.07 3.00 2.91 2.82 2.74 2.65 2.58 2.52
1.71 1.74 1.81 1.84 1.91 1.96 2.01 2.05 2.07 2.10 2.11 2.12 2.13 2.14 2.15 2.17 2.18 2.18 2.19 2.19 2.20 2.21 2.23 2.35 2.38 2.39 2.42 2.45 2.51 2.54 2.61 2.63 2.61 2.61 2.57 2.53 2.50 2.48 2.46 2.44 2.41 2.40 2.38 2.39 2.43 2.46 2.50 2.54 2.60 2.66 2.71 2.75 2.73 2.75 2.76 2.76 2.74 2.70 2.66 2.61 2.57 2.53 2.50 2.48 2.48 2.50 2.55 2.70 2.78 2.87 3.01 3.08 3.13 3.18 3.21 3.18 3.10 3.00 2.90 2.79 2.70 2.61 2.53 2.47
1.56 1.60 1.67 1.74 1.81 1.86 1.90 1.94 1.97 2.00 2.02 2.04 2.06 2.07 2.10 2.12 2.12 2.12 2.12 2.12 2.12 2.13 2.14 2.16 2.26 2.28 2.30 2.35 2.38 2.40 2.43 2.50 2.52 2.49 2.49 2.47 2.45 2.44 2.42 2.41 2.39 2.38 2.38 2.40 2.42 2.45 2.48 2.52 2.57 2.62 2.67 2.71 2.69 2.71 2.73 2.73 2.73 2.68 2.63 2.59 2.55 2.52 2.50 2.47 2.48 2.51 2.65 2.72 2.87 2.95 3.02 3.09 3.14 3.20 3.24 3.19 3.09 2.97 2.86 2.75 2.65 2.55 2.47 2.40
