data/Validacao/F101115.grd
DSAA
94	94
0.0000	100.0000
0.0000	100.0000
4.4955	9.8897
[rows 38 to 75 of 94, columns 0 to 83 of 94]
6.30 6.28 6.27 6.25 6.25 6.22 6.20 6.17 6.14 6.11 6.08 6.04 6.01 5.96 5.68 5.63 5.32 5.26 5.20 5.19 5.26 5.33 5.38 5.43 5.57 5.59 5.54 5.56 5.56 5.64 5.65 5.76 5.78 5.74 5.86 5.87 5.87 5.87 5.89 5.90 5.93 6.08 6.08 6.18 6.14 6.14 6.14 6.04 6.11 6.30 6.28 6.10 6.13 6.10 6.07 6.04 5.94 5.98 6.02 6.09 6.12 6.16 6.19 6.22 6.25 6.10 6.22 6.25 6.24 6.28 6.34 6.41 6.49 6.58 6.66 6.63 6.52 6.42 6.36 6.29 6.20 6.18 6.14 6.11
6.31 6.29 6.27 6.25 6.23 6.21 6.18 6.16 6.13 6.10 6.07 6.04 6.01 5.97 5.69 5.65 5.59 5.29 5.26 5.25 5.28 5.33 5.37 5.40 5.31 5.32 5.48 5.39 5.49 5.51 5.59 5.61 5.67 5.70 5.71 5.92 5.85 5.85 5.88 5.89 6.04 6.05 6.06 6.15 6.15 6.11 6.10 6.01 6.01 5.91 6.09 6.09 6.08 6.11 6.10 6.08 6.00 6.02 6.06 6.11 6.14 6.17 6.20 6.23 6.08 6.11 6.13 6.30 6.30 6.33 6.35 6.39 6.45 6.50 6.54 6.52 6.45 6.40 6.32 6.25 6.16 6.11 6.41 6.38
6.32 6.30 6.28 6.26 6.23 6.20 6.17 6.14 6.10 6.07 6.05 6.04 6.01 5.74 5.71 5.67 5.63 5.60 5.31 5.30 5.32 5.34 5.35 5.37 5.26 5.27 5.32 5.32 5.42 5.44 5.46 5.55 5.58 5.65 5.68 5.60 5.81 5.82 5.87 5.87 6.03 6.03 6.03 6.12 6.11 6.06 6.06 5.97 5.87 5.87 5.88 6.07 6.13 6.13 6.02 6.02 6.03 6.06 6.08 6.11 6.16 6.18 6.21 6.07 6.09 6.14 6.15 6.18 6.35 6.38 6.36 6.42 6.39 6.42 6.44 6.42 6.36 6.29 6.26 6.19 6.11 6.07 6.34 6.28
6.33 6.31 6.29 6.26 6.23 6.19 6.16 6.12 6.08 6.05 6.03 6.01 5.80 5.73 5.72 5.70 5.67 5.65 5.63 5.61 5.34 5.34 5.34 5.27 5.26 5.24 5.23 5.24 5.23 5.35 5.43 5.48 5.52 5.57 5.61 5.73 5.69 5.84 5.95 5.96 5.93 5.88 5.94 6.08 5.96 6.01 6.00 5.84 5.82 5.84 5.85 6.12 6.13 6.04 6.05 6.05 6.06 6.08 6.11 6.13 6.17 6.20 6.09 6.09 6.12 6.14 6.16 6.22 6.24 6.36 6.34 6.39 6.41 6.42 6.42 6.33 6.28 6.26 6.20 6.13 6.36 6.29 6.23 6.20
6.35 6.32 6.30 6.26 6.23 6.18 6.14 6.09 6.05 6.02 5.99 5.98 5.74 5.73 5.72 5.71 5.70 5.68 5.67 5.65 5.64 5.38 5.36 5.34 5.21 5.18 5.14 5.12 5.10 5.20 5.22 5.27 5.32 5.50 5.73 5.71 5.74 5.82 5.79 5.79 5.92 5.91 5.87 5.96 5.93 5.95 5.80 5.77 5.93 5.96 5.99 5.91 6.02 6.04 6.06 6.08 6.09 6.10 6.13 6.15 6.18 6.08 6.08 6.11 6.13 6.18 6.20 6.22 6.23 6.25 6.36 6.38 6.39 6.51 6.50 6.43 6.38 6.33 6.26 6.49 6.41 6.33 6.27 6.22
6.43 6.34 6.31 6.27 6.23 6.17 6.12 6.06 6.00 5.96 5.95 5.94 5.72 5.73 5.73 5.73 5.72 5.71 5.71 5.70 5.68 5.66 5.43 5.27 5.23 5.09 5.04 4.99 5.06 5.07 5.13 5.19 5.27 5.47 5.52 5.57 5.60 5.70 5.69 5.81 5.80 5.79 5.80 5.77 5.87 5.63 5.61 5.58 5.72 5.62 5.67 5.71 5.99 6.21 6.21 6.24 6.08 6.11 6.13 6.15 6.18 6.08 6.10 6.12 6.14 6.16 6.21 6.22 6.21 6.31 6.44 6.44 6.36 6.51 6.50 6.38 6.33 6.28 6.48 6.40 6.34 6.25 6.16 6.10
6.45 6.42 6.39 6.28 6.23 6.17 6.10 6.02 5.95 5.90 5.88 5.69 5.70 5.69 5.71 5.70 5.70 5.76 5.74 5.69 5.66 5.63 5.29 5.23 5.15 5.11 4.92 4.93 4.91 4.94 5.03 5.12 5.21 5.34 5.49 5.55 5.69 5.72 5.89 5.80 5.79 5.77 5.70 5.73 5.67 5.55 5.52 5.50 5.54 5.57 5.64 5.69 5.98 6.03 6.22 6.25 6.10 6.12 6.14 6.17 6.22 6.09 6.11 6.14 6.16 6.18 6.19 6.20 6.20 6.41 6.42 6.47 6.49 6.48 6.47 6.34 6.30 6.52 6.47 6.37 6.26 6.14 6.02 5.92
6.48 6.45 6.39 6.34 6.28 6.17 6.09 5.99 5.84 5.77 5.61 5.61 5.65 5.68 5.70 5.72 5.75 5.75 5.74 5.72 5.68 5.64 5.58 5.22 5.14 5.03 4.82 4.71 4.71 4.79 4.92 5.06 5.39 5.31 5.61 5.77 5.82 5.71 5.83 5.83 5.73 5.71 5.76 5.69 5.57 5.45 5.39 5.39 5.46 5.56 5.61 5.68 5.98 6.03 6.15 6.27 6.12 6.14 6.32 6.21 6.23 6.24 6.12 6.15 6.18 6.21 6.21 6.21 6.40 6.40 6.45 6.46 6.46 6.43 6.44 6.33 6.59 6.52 6.44 6.33 6.20 6.04 5.87 5.71
6.52 6.47 6.43 6.38 6.31 6.23 6.13 5.93 5.80 5.66 5.51 5.59 5.64 5.72 5.75 5.77 5.78 5.78 5.76 5.74 5.71 5.66 5.59 5.23 5.13 5.00 4.75 4.57 4.50 4.66 4.86 5.22 5.36 5.47 5.61 5.77 5.82 5.85 5.84 5.84 5.82 5.70 5.75 5.62 5.54 5.39 5.27 5.28 5.41 5.53 5.63 5.68 5.92 5.97 6.17 6.20 6.13 6.32 6.36 6.22 6.24 6.11 6.13 6.16 6.25 6.23 6.23 6.34 6.34 6.42 6.42 6.43 6.43 6.43 6.43 6.63 6.58 6.51 6.42 6.31 6.17 5.98 5.76 5.50
6.61 6.49 6.45 6.39 6.32 6.24 6.17 5.84 5.72 5.59 5.56 5.63 5.69 5.74 5.78 5.80 5.81 5.81 5.79 5.77 5.73 5.68 5.64 5.25 5.15 5.01 4.83 4.64 4.60 4.77 4.98 5.23 5.37 5.48 5.72 5.79 5.83 5.86 5.85 5.85 5.83 5.90 5.76 5.60 5.51 5.40 5.28 5.29 5.43 5.55 5.65 5.90 5.94 5.99 6.04 6.24 6.33 6.37 6.38 6.41 6.41 6.35 6.20 6.22 6.25 6.33 6.33 6.33 6.40 6.41 6.42 6.42 6.71 6.71 6.69 6.64 6.59 6.53 6.44 6.33 6.19 6.00 5.78 5.52
6.68 6.66 6.61 6.55 6.48 6.39 6.11 6.00 5.89 5.80 5.79 5.78 5.83 5.78 5.81 5.83 5.84 5.84 5.83 5.80 5.77 5.74 5.68 5.53 5.18 5.06 4.93 4.81 4.85 4.93 5.07 5.29 5.41 5.62 5.75 5.81 5.85 5.88 5.87 5.87 5.86 5.92 5.69 5.63 5.56 5.49 5.42 5.45 5.52 5.61 5.69 5.94 6.00 6.11 6.15 6.18 6.36 6.40 6.40 6.42 6.41 6.35 6.19 6.20 6.29 6.30 6.30 6.30 6.38 6.40 6.68 6.70 6.71 6.71 6.70 6.73 6.61 6.56 6.47 6.37 6.24 6.09 5.91 5.76
6.77 6.74 6.69 6.63 6.55 6.46 6.19 6.07 5.99 5.93 5.91 5.87 5.90 5.93 5.95 5.87 5.88 5.88 5.87 5.84 5.88 5.83 5.67 5.59 5.25 5.15 5.06 4.99 5.15 5.21 5.30 5.35 5.53 5.67 5.79 5.84 5.89 5.91 5.90 5.90 5.89 5.96 5.82 5.69 5.64 5.59 5.56 5.58 5.63 5.69 5.76 5.99 6.05 6.15 6.19 6.22 6.33 6.34 6.45 6.51 6.49 6.48 6.18 6.25 6.26 6.25 6.26 6.27 6.29 6.64 6.67 6.70 6.71 6.72 6.72 6.75 6.72 6.60 6.53 6.44 6.33 6.21 6.09 5.99
6.87 6.84 6.79 6.72 6.64 6.35 6.25 6.17 6.10 6.05 6.02 6.02 6.03 5.99 6.00 6.01 5.98 5.98 5.91 5.96 5.92 5.96 5.90 5.66 5.33 5.37 5.30 5.25 5.33 5.37 5.44 5.51 5.62 5.70 5.92 5.89 5.98 6.00 6.01 5.99 6.09 6.00 5.87 5.84 5.80 5.68 5.68 5.75 5.79 5.84 5.84 5.89 6.20 6.24 6.28 6.26 6.37 6.37 6.36 6.53 6.49 6.47 6.36 6.22 6.21 6.21 6.22 6.24 6.49 6.62 6.66 6.69 6.72 6.74 6.75 6.79 6.77 6.72 6.60 6.52 6.44 6.34 6.26 6.19
7.00 6.97 6.91 6.82 6.73 6.43 6.34 6.26 6.20 6.14 6.11 6.10 6.10 6.10 6.05 6.02 6.03 6.03 6.08 6.06 6.03 6.01 6.06 5.92 5.52 5.47 5.42 5.39 5.55 5.52 5.56 5.65 5.71 5.91 5.96 5.99 5.96 5.98 5.99 6.09 6.04 6.03 5.85 5.82 5.80 5.78 5.76 5.77 5.88 5.92 5.97 6.03 6.26 6.30 6.34 6.35 6.48 6.52 6.50 6.51 6.48 6.35 6.37 6.34 6.32 6.16 6.39 6.42 6.46 6.50 6.73 6.69 6.73 6.77 6.79 6.84 6.83 6.79 6.74 6.69 6.55 6.48 6.42 6.37
7.16 7.12 6.84 6.74 6.63 6.53 6.44 6.35 6.28 6.23 6.19 6.17 6.16 6.16 6.12 6.12 6.12 6.19 6.11 6.21 6.12 6.09 6.05 5.93 5.67 5.62 5.56 5.65 5.60 5.66 5.69 5.74 5.82 5.95 6.00 6.04 6.08 6.04 6.06 6.06 6.05 6.03 5.97 5.95 5.93 5.92 5.85 5.87 5.90 5.92 5.97 6.19 6.31 6.35 6.39 6.58 6.63 6.64 6.61 6.57 6.52 6.52 6.34 6.29 6.26 6.12 6.33 6.36 6.41 6.63 6.70 6.69 6.76 6.92 6.96 6.97 6.90 6.87 6.84 6.78 6.73 6.67 6.65 6.61
7.35 7.11 7.00 6.87 6.74 6.62 6.52 6.44 6.33 6.28 6.24 6.21 6.19 6.19 6.19 6.14 6.15 6.17 6.17 6.19 6.11 6.15 6.11 5.92 5.88 5.72 5.76 5.74 5.75 5.76 5.78 5.79 5.83 6.02 6.06 6.10 6.13 6.17 6.18 6.11 6.10 6.09 5.97 6.01 6.00 5.99 5.92 5.93 5.97 6.00 6.24 6.25 6.37 6.42 6.46 6.61 6.69 6.65 6.60 6.58 6.52 6.50 6.44 6.36 6.18 6.04 6.06 6.38 6.50 6.58 6.67 6.77 6.88 6.97 7.03 7.04 7.03 7.00 6.92 6.88 6.83 6.79 6.77 6.75
7.40 7.32 7.16 6.98 6.82 6.68 6.56 6.47 6.39 6.33 6.29 6.26 6.24 6.27 6.29 6.30 6.30 6.26 6.26 6.23 6.20 6.23 6.19 5.98 5.94 5.79 5.76 5.82 5.82 5.83 5.90 5.86 6.04 6.07 6.11 6.17 6.21 6.23 6.24 6.23 6.15 6.14 6.02 6.01 6.06 6.06 5.99 6.00 6.04 6.27 6.30 6.32 6.37 6.49 6.58 6.69 6.77 6.71 6.64 6.56 6.44 6.48 6.38 6.29 6.20 5.94 6.10 6.30 6.47 6.56 6.67 6.80 6.91 7.03 7.12 7.14 7.13 7.09 7.06 7.01 6.98 6.95 6.89 6.91
7.72 7.56 7.31 7.08 6.89 6.74 6.61 6.51 6.44 6.41 6.33 6.34 6.32 6.31 6.32 6.32 6.33 6.36 6.30 6.29 6.32 6.27 6.24 6.20 6.17 5.85 5.82 5.81 5.89 5.94 5.96 6.07 6.10 6.12 6.18 6.22 6.26 6.30 6.30 6.28 6.26 6.18 6.07 6.06 6.06 6.12 6.13 6.10 6.30 6.33 6.36 6.43 6.48 6.60 6.65 6.72 6.86 6.70 6.68 6.58 6.45 6.48 6.36 6.23 6.11 5.94 6.17 6.30 6.41 6.51 6.62 6.78 6.95 7.09 7.23 7.26 7.22 7.18 7.13 7.09 7.06 7.04 7.03 7.02
7.90 7.65 7.36 7.12 6.92 6.77 6.64 6.58 6.50 6.44 6.40 6.46 6.47 6.46 6.45 6.35 6.38 6.39 6.41 6.39 6.35 6.31 6.27 6.24 6.21 6.15 6.13 6.12 6.10 6.10 6.10 6.12 6.14 6.18 6.22 6.26 6.30 6.35 6.34 6.31 6.29 6.28 6.17 6.17 6.17 6.18 6.22 6.43 6.43 6.49 6.44 6.48 6.52 6.64 6.69 6.77 6.85 6.74 6.70 6.64 6.54 6.48 6.36 6.22 6.10 6.16 6.12 6.27 6.39 6.49 6.60 6.79 6.97 7.18 7.31 7.35 7.29 7.24 7.19 7.16 7.14 7.14 7.13 7.13
7.61 7.50 7.29 7.08 6.91 6.77 6.69 6.60 6.52 6.51 6.55 6.52 6.50 6.48 6.47 6.46 6.40 6.40 6.47 6.46 6.36 6.33 6.30 6.27 6.20 6.18 6.17 6.07 6.14 6.24 6.25 6.27 6.19 6.22 6.24 6.28 6.31 6.34 6.34 6.33 6.31 6.31 6.31 6.21 6.22 6.23 6.28 6.49 6.51 6.54 6.49 6.52 6.55 6.60 6.69 6.73 6.78 6.71 6.61 6.64 6.55 6.49 6.38 6.31 6.18 6.35 6.19 6.30 6.44 6.55 6.67 6.83 6.99 7.15 7.26 7.31 7.31 7.29 7.26 7.24 7.24 7.24 7.20 7.20
7.35 7.28 7.15 7.00 6.86 6.74 6.64 6.64 6.66 6.61 6.57 6.54 6.52 6.50 6.49 6.48 6.48 6.48 6.48 6.46 6.45 6.34 6.48 6.46 6.44 6.24 6.23 6.23 6.20 6.27 6.28 6.20 6.22 6.25 6.26 6.29 6.32 6.33 6.34 6.33 6.33 6.33 6.34 6.25 6.27 6.31 6.33 6.55 6.61 6.60 6.65 6.55 6.62 6.61 6.73 6.80 6.78 6.76 6.64 6.61 6.57 6.47 6.38 6.38 6.58 6.52 6.52 6.39 6.51 6.62 6.74 6.87 7.01 7.14 7.25 7.30 7.32 7.31 7.31 7.31 7.32 7.34 7.31 7.37
7.14 7.11 7.03 6.90 6.80 6.78 6.70 6.72 6.67 6.62 6.58 6.55 6.53 6.51 6.50 6.49 6.57 6.49 6.48 6.47 6.45 6.41 6.36 6.47 6.27 6.26 6.25 6.22 6.23 6.29 6.25 6.27 6.25 6.27 6.36 6.30 6.32 6.33 6.33 6.33 6.33 6.34 6.36 6.33 6.34 6.37 6.40 6.62 6.64 6.70 6.70 6.70 6.64 6.64 6.71 6.70 6.74 6.73 6.67 6.60 6.58 6.50 6.42 6.45 6.69 6.64 6.58 6.62 6.70 6.68 6.79 6.92 7.04 7.15 7.26 7.29 7.33 7.34 7.36 7.38 7.41 7.45 7.49 7.51
6.97 6.95 6.94 6.87 6.80 6.74 6.77 6.71 6.66 6.62 6.59 6.56 6.54 6.52 6.51 6.59 6.58 6.57 6.48 6.47 6.46 6.42 6.40 6.35 6.29 6.27 6.40 6.40 6.24 6.26 6.27 6.29 6.30 6.36 6.37 6.39 6.40 6.34 6.34 6.37 6.37 6.38 6.38 6.37 6.42 6.45 6.49 6.70 6.72 6.77 6.75 6.73 6.66 6.64 6.69 6.67 6.71 6.71 6.65 6.60 6.59 6.52 6.46 6.83 6.77 6.73 6.66 6.70 6.76 6.84 6.84 6.95 7.07 7.17 7.27 7.33 7.35 7.37 7.40 7.44 7.50 7.56 7.63 7.68
6.87 6.86 6.83 6.90 6.85 6.80 6.77 6.70 6.66 6.63 6.60 6.57 6.55 6.54 6.57 6.60 6.59 6.58 6.49 6.48 6.44 6.43 6.52 6.50 6.43 6.42 6.41 6.40 6.41 6.42 6.29 6.30 6.34 6.36 6.39 6.41 6.41 6.35 6.37 6.36 6.36 6.42 6.46 6.46 6.54 6.72 6.79 6.82 6.82 6.81 6.82 6.78 6.68 6.72 6.69 6.69 6.75 6.71 6.67 6.55 6.63 6.58 6.52 6.91 6.85 6.78 6.71 6.74 6.80 6.88 7.03 7.14 7.26 7.37 7.32 7.37 7.38 7.40 7.43 7.49 7.58 7.69 7.80 7.88
6.89 6.89 6.87 6.83 6.80 6.76 6.75 6.72 6.69 6.66 6.61 6.58 6.61 6.60 6.58 6.57 6.73 6.72 6.71 6.63 6.61 6.54 6.53 6.46 6.44 6.42 6.53 6.51 6.50 6.41 6.43 6.46 6.36 6.38 6.40 6.43 6.44 6.37 6.38 6.36 6.38 6.39 6.44 6.54 6.80 6.81 6.84 6.88 6.94 6.91 6.88 6.82 6.77 6.73 6.69 6.65 6.71 6.70 6.66 6.55 6.64 6.59 6.54 6.63 6.87 6.83 6.73 6.76 6.82 6.90 7.05 7.17 7.30 7.42 7.39 7.44 7.43 7.43 7.45 7.52 7.65 7.82 8.00 8.14
6.82 6.82 6.80 6.78 6.76 6.73 6.71 6.71 6.68 6.66 6.64 6.64 6.62 6.61 6.76 6.75 6.74 6.73 6.72 6.71 6.62 6.57 6.54 6.36 6.34 6.54 6.52 6.49 6.48 6.40 6.42 6.45 6.48 6.46 6.42 6.40 6.41 6.41 6.38 6.33 6.35 6.44 6.46 6.60 6.80 6.94 7.01 7.07 7.08 6.94 6.91 6.86 6.79 6.81 6.68 6.64 6.70 6.70 6.66 6.71 6.65 6.60 6.56 6.64 6.86 6.82 6.73 6.76 6.82 6.89 7.04 7.18 7.34 7.49 7.49 7.53 7.49 7.46 7.45 7.51 7.69 7.95 8.23 8.46
6.77 6.76 6.76 6.74 6.72 6.71 6.69 6.67 6.68 6.67 6.67 6.65 6.78 6.77 6.77 6.76 6.75 6.75 6.74 6.73 6.58 6.59 6.38 6.37 6.58 6.54 6.51 6.47 6.44 6.46 6.43 6.45 6.48 6.47 6.50 6.53 6.55 6.45 6.44 6.48 6.40 6.34 6.35 6.55 6.82 7.11 7.34 7.30 7.19 7.03 6.93 6.81 6.80 6.81 6.75 6.74 6.69 6.86 6.82 6.71 6.67 6.61 6.67 6.65 6.84 6.77 6.70 6.75 6.81 6.86 7.01 7.19 7.38 7.58 7.74 7.64 7.56 7.47 7.48 7.52 7.68 8.05 8.46 8.85
6.83 6.73 6.72 6.71 6.70 6.69 6.68 6.67 6.75 6.74 6.80 6.79 6.79 6.78 6.78 6.77 6.77 6.76 6.75 6.74 6.60 6.42 6.40 6.39 6.59 6.55 6.51 6.45 6.41 6.45 6.43 6.46 6.48 6.48 6.51 6.55 6.71 6.60 6.67 6.57 6.38 6.26 6.22 6.50 6.83 7.17 7.52 7.59 7.27 7.06 6.94 6.81 6.72 6.80 6.75 6.95 6.89 6.86 6.82 6.78 6.68 6.64 6.69 6.76 6.68 6.73 6.70 6.77 6.86 6.89 6.98 7.20 7.42 7.65 7.87 7.84 7.69 7.56 7.44 7.40 7.73 8.19 8.68 9.23
6.88 6.87 6.87 6.85 6.84 6.82 6.81 6.79 6.81 6.79 6.84 6.82 6.81 6.79 6.79 6.79 6.78 6.78 6.77 6.76 6.62 6.55 6.53 6.51 6.44 6.42 6.53 6.48 6.46 6.52 6.55 6.57 6.59 6.61 6.65 6.72 6.74 6.67 6.61 6.53 6.44 6.36 6.37 6.58 6.87 7.17 7.36 7.42 7.30 7.17 7.04 6.97 6.89 6.83 6.78 6.85 6.77 6.88 6.82 6.75 6.72 6.72 6.75 6.72 6.66 6.84 6.77 6.87 6.92 6.97 7.06 7.24 7.43 7.63 7.80 7.85 7.76 7.66 7.51 7.54 7.80 8.28 8.72 9.06
6.86 6.86 6.86 6.85 6.83 6.82 6.80 6.82 6.81 6.79 6.79 6.85 6.82 6.83 6.83 6.83 6.83 7.03 7.02 6.92 6.65 6.58 6.56 6.54 6.47 6.45 6.70 6.66 6.63 6.57 6.58 6.59 6.61 6.64 6.70 6.73 6.75 6.67 6.62 6.57 6.50 6.47 6.51 6.64 6.83 7.04 7.17 7.23 7.20 7.06 6.96 6.91 6.93 6.88 6.79 6.83 6.76 6.73 6.74 6.76 6.73 6.74 6.71 6.76 6.73 6.96 6.92 6.96 7.01 7.08 7.16 7.30 7.45 7.60 7.75 7.79 7.75 7.70 7.69 7.76 7.97 8.26 8.58 8.84
6.87 6.86 6.86 6.84 6.83 6.82 6.85 6.83 6.82 6.99 6.99 7.07 7.08 7.09 7.10 6.85 7.05 7.05 7.04 7.08 6.89 6.87 6.75 6.73 6.70 6.78 6.74 6.71 6.68 6.61 6.61 6.62 6.64 6.70 6.73 6.75 6.77 6.69 6.67 6.62 6.58 6.56 6.59 6.67 6.79 6.91 7.01 7.03 7.02 6.97 6.86 6.84 6.87 6.86 6.83 6.73 6.74 6.72 6.74 6.72 6.74 6.76 6.74 6.81 6.80 7.06 7.01 7.05 7.11 7.17 7.24 7.35 7.47 7.58 7.71 7.75 7.74 7.74 7.77 7.85 8.01 8.22 8.43 8.59
7.10 7.10 7.09 7.07 7.05 6.87 6.85 7.04 7.02 7.01 7.01 7.01 7.10 7.11 7.12 7.13 7.13 7.13 7.23 7.10 6.92 6.90 6.78 6.76 6.73 6.70 6.78 6.75 6.72 6.65 6.64 6.65 6.70 6.72 6.75 6.78 6.72 6.73 6.71 6.68 6.65 6.63 6.63 6.67 6.73 6.79 6.84 6.85 6.85 6.83 6.80 6.80 6.84 6.82 6.80 6.78 6.73 6.71 6.74 6.72 6.75 6.78 6.77 6.85 6.85 7.04 7.09 7.13 7.19 7.26 7.32 7.40 7.49 7.57 7.69 7.74 7.74 7.77 7.82 7.90 8.02 8.17 8.31 8.41
7.12 7.11 7.10 7.08 7.06 7.14 7.12 7.10 7.09 7.08 7.08 7.08 7.12 7.13 7.14 7.15 7.16 7.24 7.23 7.05 6.99 6.90 6.82 6.79 6.76 6.74 6.75 6.62 6.70 6.68 6.71 6.70 6.71 6.74 6.77 6.81 6.76 6.78 6.78 6.74 6.71 6.68 6.66 6.65 6.66 6.68 6.69 6.68 6.69 6.70 6.69 6.79 6.77 6.77 6.76 6.76 6.78 6.75 6.74 6.73 6.73 6.90 6.89 6.94 6.94 6.96 7.15 7.20 7.26 7.33 7.42 7.49 7.56 7.63 7.69 7.74 7.81 7.85 7.91 7.98 8.02 8.12 8.22 8.29
7.14 7.14 7.12 7.10 7.17 7.15 7.13 7.11 7.10 7.09 7.09 7.09 7.10 7.14 7.16 7.17 7.26 7.26 7.26 7.10 7.09 6.94 6.86 6.83 6.80 6.77 6.79 6.76 6.68 6.65 6.72 6.71 6.71 6.74 6.79 6.85 6.82 6.85 6.85 6.83 6.77 6.72 6.67 6.63 6.59 6.56 6.59 6.53 6.54 6.57 6.62 6.71 6.76 6.72 6.73 6.73 6.81 6.74 6.74 6.73 6.73 6.78 6.81 6.82 6.97 6.99 7.11 7.25 7.32 7.41 7.48 7.54 7.60 7.65 7.70 7.74 7.82 7.87 7.92 7.99 8.06 8.09 8.16 8.21
7.18 7.17 7.14 7.21 7.18 7.16 7.14 7.12 7.11 7.10 7.10 7.11 7.11 7.25 7.26 7.26 7.28 7.30 7.16 7.15 7.13 7.10 6.95 6.92 6.83 6.81 6.83 6.80 6.71 6.77 6.73 6.69 6.68 6.72 6.79 6.80 6.89 6.95 6.95 6.91 6.83 6.76 6.69 6.60 6.52 6.44 6.44 6.41 6.42 6.47 6.52 6.63 6.69 6.72 6.69 6.70 6.79 6.79 6.73 6.73 6.74 6.79 6.79 6.83 6.98 7.01 7.13 7.29 7.39 7.48 7.55 7.60 7.64 7.67 7.70 7.80 7.84 7.88 7.94 8.00 8.06 8.12 8.14 8.17
7.23 7.21 7.26 7.22 7.19 7.16 7.14 7.13 7.12 7.11 7.11 7.11 7.25 7.26 7.28 7.28 7.30 7.33 7.21 7.21 7.18 7.13 6.99 6.95 6.91 6.88 6.86 6.79 6.75 6.79 6.73 6.67 6.63 6.63 6.74 6.87 6.98 7.07 7.07 7.00 6.91 6.82 6.72 6.58 6.46 6.33 6.23 6.25 6.28 6.36 6.43 6.56 6.64 6.68 6.70 6.68 6.74 6.78 6.79 6.80 6.74 6.79 6.80 6.84 6.97 7.00 7.14 7.35 7.44 7.55 7.62 7.66 7.67 7.69 7.76 7.79 7.84 7.89 7.94 8.00 8.06 8.11 8.15 8.19
7.29 7.32 7.27 7.23 7.19 7.17 7.14 7.13 7.12 7.11 7.11 7.12 7.26 7.27 7.28 7.30 7.32 7.22 7.27 7.28 7.22 7.16 7.01 6.97 6.94 6.91 6.89 6.83 6.80 6.81 6.69 6.61 6.53 6.56 6.73 6.90 7.09 7.22 7.18 7.06 6.94 6.84 6.73 6.59 6.42 6.25 6.05 6.02 6.15 6.27 6.37 6.51 6.67 6.64 6.76 6.78 6.72 6.88 6.79 6.80 6.81 6.86 6.84 6.85 6.87 6.98 7.14 7.34 7.47 7.61 7.70 7.70 7.69 7.76 7.78 7.80 7.84 7.91 7.96 8.02 8.07 8.11 8.17 8.20
7.34 7.31 7.26 7.22 7.19 7.16 7.14 7.13 7.12 7.11 7.11 7.19 7.20 7.22 7.23 7.11 7.15 7.20 7.27 7.27 7.22 7.17 7.13 7.09 7.06 6.98 6.96 6.89 6.96 6.82 6.71 6.63 6.56 6.59 6.74 6.91 7.08 7.29 7.17 7.05 6.94 6.84 6.72 6.57 6.41 6.35 6.15 6.07 6.20 6.24 6.40 6.51 6.57 6.69 6.70 6.72 6.75 6.88 6.79 6.93 6.95 6.87 6.88 6.87 6.91 6.86 7.14 7.26 7.49 7.62 7.70 7.70 7.70 7.74 7.76 7.81 7.83 7.90 7.95 8.00 8.04 8.08 8.13 8.15
