data/Validacao/F101115.grd
DSAA
94	94
0.0000	100.0000
0.0000	100.0000
4.4955	9.8897
[rows 0 to 37 of 94, columns 0 to 83 of 94]
5.48 5.66 5.88 6.06 6.21 6.32 6.42 6.58 6.64 6.68 6.72 6.74 6.76 6.78 6.82 6.83 6.84 6.98 6.98 6.98 7.01 6.95 6.96 6.98 6.99 7.04 7.05 7.38 7.39 7.50 7.51 7.51 7.65 7.64 7.59 7.58 7.57 7.72 7.75 7.80 7.83 7.86 7.83 7.79 7.81 7.83 7.83 7.85 8.35 8.38 8.37 8.41 8.44 8.49 8.50 8.43 8.49 8.47 8.52 8.41 8.40 8.39 8.38 8.40 8.41 8.43 8.38 8.43 8.51 8.47 8.63 8.79 9.05 9.40 9.80 9.62 9.19 8.88 8.60 8.37 8.07 7.92 7.79 7.69
5.67 5.77 5.94 6.11 6.24 6.36 6.45 6.52 6.58 6.71 6.74 6.76 6.78 6.79 6.83 6.84 6.85 7.00 6.99 7.00 7.02 6.97 6.98 7.00 7.01 7.02 7.07 7.40 7.41 7.41 7.52 7.52 7.65 7.65 7.60 7.59 7.58 7.76 7.77 7.80 7.84 7.86 7.82 7.79 7.80 7.82 7.83 7.85 8.34 8.33 8.37 8.40 8.45 8.49 8.38 8.45 8.49 8.50 8.43 8.46 8.45 8.44 8.43 8.44 8.44 8.40 8.39 8.44 8.51 8.46 8.61 8.75 8.99 9.27 9.42 9.42 9.12 8.82 8.55 8.23 8.05 7.90 7.77 7.67
5.90 5.95 6.07 6.19 6.31 6.41 6.50 6.57 6.62 6.67 6.78 6.79 6.81 6.81 6.85 6.86 6.86 6.87 7.02 7.03 7.05 6.93 7.01 7.02 7.04 7.05 7.23 7.41 7.42 7.43 7.53 7.53 7.53 7.62 7.61 7.60 7.59 7.80 7.80 7.82 7.84 7.86 7.82 7.78 7.80 7.79 7.82 7.85 7.96 8.32 8.36 8.40 8.45 8.38 8.45 8.45 8.50 8.53 8.48 8.52 8.52 8.50 8.48 8.48 8.42 8.42 8.43 8.43 8.34 8.43 8.55 8.66 8.84 9.02 9.09 9.06 8.89 8.67 8.36 8.16 8.00 7.86 7.74 7.64
6.09 6.13 6.20 6.30 6.39 6.48 6.56 6.63 6.68 6.72 6.74 6.76 6.84 6.84 6.87 6.87 6.88 6.89 7.04 7.05 6.94 6.95 6.97 7.05 7.07 7.24 7.26 7.31 7.44 7.44 7.44 7.54 7.54 7.63 7.62 7.61 7.60 7.60 7.83 7.84 7.85 7.87 7.77 7.78 7.76 7.78 7.81 7.84 7.94 7.98 8.34 8.39 8.44 8.39 8.46 8.47 8.53 8.51 8.54 8.56 8.60 8.58 8.55 8.49 8.45 8.43 8.42 8.44 8.30 8.37 8.46 8.53 8.65 8.72 8.78 8.75 8.64 8.39 8.23 8.07 7.92 7.80 7.70 7.61
6.25 6.28 6.34 6.41 6.49 6.57 6.64 6.70 6.75 6.79 6.80 6.81 6.80 6.86 6.88 6.89 6.90 6.91 7.06 7.08 6.97 6.98 7.00 7.08 7.25 7.27 7.29 7.30 7.47 7.46 7.46 7.45 7.51 7.64 7.63 7.62 7.62 7.61 7.85 7.86 7.86 7.87 7.76 7.74 7.75 7.77 7.79 7.77 7.93 7.97 8.03 8.37 8.32 8.39 8.47 8.55 8.57 8.57 8.63 8.66 8.67 8.68 8.61 8.55 8.49 8.44 8.41 8.40 8.26 8.30 8.36 8.44 8.47 8.49 8.52 8.49 8.32 8.21 8.09 7.96 7.84 7.73 7.64 7.56
6.38 6.41 6.46 6.52 6.59 6.66 6.73 6.79 6.84 6.87 6.88 6.87 6.85 6.83 6.81 6.90 6.91 6.93 6.95 6.98 7.00 7.02 7.04 7.19 7.28 7.30 7.33 7.35 7.45 7.49 7.49 7.48 7.46 7.65 7.64 7.63 7.63 7.63 7.87 7.87 7.87 7.87 7.79 7.74 7.74 7.75 7.77 7.87 7.91 7.96 8.02 7.97 8.32 8.40 8.49 8.58 8.62 8.66 8.74 8.79 8.81 8.80 8.73 8.63 8.53 8.44 8.38 8.36 8.36 8.22 8.26 8.30 8.27 8.30 8.31 8.18 8.13 8.05 7.95 7.85 7.75 7.66 7.58 7.51
6.50 6.52 6.56 6.62 6.68 6.75 6.82 6.89 6.95 6.98 6.97 6.94 6.89 6.85 6.83 6.82 6.92 6.95 6.98 7.01 7.04 7.06 7.20 7.22 7.25 7.34 7.37 7.40 7.51 7.53 7.52 7.50 7.44 7.43 7.65 7.64 7.64 7.64 7.88 7.88 7.88 7.85 7.79 7.73 7.73 7.73 7.73 7.84 7.88 7.94 8.01 7.98 8.07 8.40 8.51 8.62 8.63 8.76 8.87 8.97 8.99 8.95 8.86 8.71 8.56 8.43 8.34 8.30 8.29 8.13 8.15 8.18 8.12 8.13 8.03 8.01 7.97 7.90 7.83 7.75 7.66 7.58 7.51 7.44
6.67 6.62 6.66 6.71 6.77 6.84 6.92 7.00 7.07 7.10 7.09 7.02 6.93 6.86 6.82 6.82 6.85 6.97 7.02 6.95 7.08 7.20 7.22 7.25 7.28 7.37 7.42 7.46 7.57 7.56 7.55 7.52 7.46 7.44 7.56 7.65 7.64 7.65 7.59 7.89 7.86 7.85 7.79 7.72 7.71 7.69 7.70 7.80 7.85 7.92 7.90 7.99 8.08 8.19 8.52 8.65 8.75 8.86 9.02 9.16 9.24 9.18 9.00 8.79 8.57 8.39 8.27 8.22 8.04 8.04 8.06 8.02 8.03 7.89 7.88 7.86 7.83 7.78 7.72 7.65 7.58 7.51 7.44 7.37
6.76 6.71 6.75 6.79 6.85 6.92 7.00 7.10 7.20 7.26 7.22 7.10 6.97 6.85 6.79 6.80 6.85 6.98 6.96 7.01 7.16 7.22 7.24 7.27 7.31 7.35 7.46 7.52 7.63 7.61 7.56 7.48 7.44 7.44 7.56 7.55 7.67 7.65 7.60 7.87 7.86 7.80 7.79 7.74 7.70 7.67 7.66 7.75 7.82 7.81 7.90 8.00 8.10 8.21 8.33 8.49 8.80 8.94 9.16 9.38 9.56 9.49 9.18 8.86 8.54 8.30 8.18 7.99 7.96 7.95 7.97 7.92 7.92 7.77 7.76 7.74 7.71 7.67 7.62 7.57 7.50 7.44 7.36 7.29
6.85 6.87 6.83 6.87 6.92 6.99 7.07 7.17 7.30 7.44 7.35 7.16 6.98 6.83 6.73 6.77 6.85 6.99 7.10 7.19 7.18 7.23 7.25 7.27 7.31 7.36 7.44 7.57 7.71 7.64 7.56 7.48 7.44 7.51 7.50 7.55 7.54 7.68 7.61 7.88 7.87 7.83 7.76 7.74 7.72 7.66 7.62 7.70 7.80 7.81 7.90 8.00 8.10 8.21 8.34 8.51 8.78 8.97 9.21 9.52 9.89 9.78 9.29 8.84 8.47 8.16 7.95 7.91 7.88 7.87 7.89 7.82 7.82 7.67 7.66 7.64 7.61 7.58 7.54 7.49 7.44 7.37 7.30 7.22
6.93 6.95 6.98 6.94 6.98 7.03 7.10 7.19 7.30 7.40 7.32 7.15 6.98 6.84 6.75 6.77 6.84 7.04 7.12 7.15 7.15 7.21 7.23 7.25 7.29 7.34 7.40 7.53 7.54 7.60 7.53 7.46 7.42 7.50 7.49 7.55 7.54 7.53 7.62 7.62 7.85 7.84 7.78 7.76 7.74 7.68 7.66 7.71 7.73 7.82 7.91 8.00 8.09 8.19 8.29 8.45 8.58 8.74 9.14 9.41 9.70 9.60 9.18 8.76 8.39 8.03 7.90 7.84 7.81 7.80 7.73 7.72 7.71 7.58 7.56 7.55 7.53 7.50 7.47 7.43 7.38 7.33 7.27 7.13
7.02 7.04 7.06 7.01 7.03 7.07 7.11 7.17 7.23 7.25 7.20 7.08 6.95 6.85 6.79 6.79 6.94 7.01 7.07 7.00 7.10 7.11 7.13 7.21 7.24 7.28 7.32 7.37 7.39 7.50 7.36 7.41 7.39 7.48 7.48 7.47 7.55 7.54 7.55 7.64 7.87 7.87 7.81 7.80 7.71 7.70 7.77 7.79 7.78 7.85 7.92 7.99 8.06 8.12 8.23 8.35 8.45 8.58 8.76 8.95 9.24 9.17 8.91 8.60 8.31 8.00 7.86 7.79 7.75 7.67 7.65 7.64 7.62 7.49 7.48 7.46 7.45 7.43 7.40 7.37 7.34 7.30 7.17 7.13
7.12 7.13 7.14 7.14 7.08 7.09 7.11 7.13 7.15 7.14 7.09 7.00 6.91 6.84 6.91 6.90 6.93 6.97 6.90 6.94 7.05 7.07 7.08 7.09 7.18 7.20 7.22 7.24 7.26 7.28 7.27 7.25 7.35 7.45 7.45 7.47 7.58 7.55 7.57 7.57 7.64 7.89 7.84 7.84 7.76 7.77 7.78 7.80 7.84 7.88 7.93 7.98 8.01 8.07 8.14 8.18 8.29 8.38 8.50 8.60 8.64 8.77 8.61 8.40 8.19 7.93 7.80 7.72 7.68 7.60 7.58 7.56 7.54 7.53 7.39 7.38 7.37 7.36 7.34 7.33 7.30 7.18 7.15 7.13
7.19 7.20 7.19 7.17 7.25 7.23 7.10 7.09 7.08 7.05 6.99 6.93 6.86 6.93 6.89 6.88 6.90 6.93 6.85 6.88 7.00 7.02 7.03 7.03 7.03 7.11 7.12 7.12 7.13 7.16 7.17 7.18 7.29 7.41 7.43 7.47 7.59 7.57 7.57 7.59 7.67 7.92 7.88 7.81 7.82 7.84 7.85 7.87 7.90 7.92 7.92 7.94 7.97 8.00 8.05 8.05 8.11 8.19 8.23 8.28 8.29 8.23 8.32 8.17 8.03 7.81 7.71 7.64 7.55 7.52 7.49 7.47 7.45 7.44 7.31 7.30 7.30 7.29 7.29 7.28 7.17 7.16 7.14 7.13
7.33 7.33 7.30 7.26 7.21 7.10 7.06 7.03 7.02 6.97 6.92 6.85 6.93 6.88 6.85 6.84 6.86 6.89 6.80 6.84 6.86 6.98 6.98 6.98 6.96 6.94 7.00 6.99 7.03 7.04 7.06 7.10 7.14 7.32 7.37 7.45 7.49 7.59 7.58 7.61 7.60 7.62 7.89 7.86 7.89 7.91 7.93 7.95 7.96 7.93 7.94 7.94 7.94 7.94 7.95 7.91 7.94 7.97 7.98 7.99 7.98 7.92 7.84 7.95 7.84 7.75 7.66 7.62 7.46 7.43 7.41 7.39 7.37 7.25 7.20 7.07 7.08 7.08 7.09 7.09 7.14 7.14 7.13 7.12
7.50 7.48 7.42 7.35 7.26 7.19 7.06 7.00 6.95 6.89 6.82 6.92 6.85 6.80 6.78 6.78 6.81 6.72 6.77 6.81 6.83 6.94 6.94 6.93 6.90 6.85 6.81 6.74 6.88 6.90 6.95 7.01 7.05 7.28 7.36 7.47 7.53 7.53 7.63 7.66 7.58 7.61 7.62 7.92 7.95 7.99 8.02 8.02 8.00 7.98 7.96 7.94 7.91 7.87 7.79 7.77 7.76 7.76 7.74 7.73 7.70 7.66 7.59 7.51 7.65 7.59 7.45 7.42 7.36 7.34 7.32 7.30 7.13 7.11 7.10 6.99 7.00 7.02 7.04 7.10 7.11 7.11 7.11 7.11
7.71 7.67 7.57 7.44 7.32 7.21 7.11 6.98 6.91 6.84 6.76 6.84 6.77 6.71 6.68 6.70 6.74 6.68 6.74 6.78 6.81 6.92 6.92 6.90 6.85 6.77 6.69 6.62 6.65 6.76 6.83 6.90 7.00 7.16 7.35 7.48 7.55 7.57 7.67 7.70 7.63 7.65 7.66 7.89 8.02 8.07 8.04 8.12 8.08 8.04 8.00 7.95 7.88 7.81 7.69 7.63 7.58 7.56 7.54 7.49 7.46 7.41 7.36 7.30 7.23 7.41 7.30 7.30 7.25 7.25 7.23 7.17 7.04 7.01 6.99 6.99 6.92 6.95 6.99 7.06 7.08 7.09 7.10 7.10
7.97 7.89 7.71 7.53 7.36 7.22 7.10 6.96 6.87 6.79 6.86 6.76 6.67 6.59 6.56 6.59 6.67 6.75 6.72 6.77 6.80 6.87 6.87 6.85 6.81 6.70 6.58 6.46 6.47 6.53 6.65 6.82 7.01 7.14 7.34 7.49 7.59 7.63 7.73 7.74 7.66 7.68 7.70 7.93 8.01 8.08 8.08 8.13 8.15 8.09 8.03 7.96 7.81 7.69 7.57 7.48 7.40 7.36 7.26 7.22 7.18 7.19 7.16 7.11 7.05 7.21 7.15 7.08 7.10 7.13 7.12 7.09 6.96 6.90 6.87 6.88 6.83 6.89 6.94 7.03 7.05 7.07 7.08 7.09
8.29 8.09 7.81 7.57 7.38 7.21 7.01 6.90 6.82 6.76 6.79 6.69 6.58 6.47 6.41 6.48 6.59 6.70 6.70 6.77 6.84 6.85 6.87 6.86 6.77 6.62 6.45 6.38 6.25 6.37 6.51 6.76 6.98 7.11 7.33 7.49 7.55 7.70 7.67 7.76 7.68 7.67 7.71 7.95 8.00 8.14 8.21 8.25 8.21 8.06 7.99 7.93 7.79 7.63 7.47 7.32 7.22 7.12 7.09 7.05 6.98 6.94 6.93 6.89 6.88 6.99 7.00 6.97 7.02 7.06 7.06 7.03 6.89 6.82 6.73 6.76 6.77 6.85 6.91 7.00 7.03 7.06 7.07 6.84
8.26 8.02 7.72 7.46 7.26 7.09 6.97 6.86 6.76 6.72 6.63 6.63 6.52 6.40 6.33 6.42 6.54 6.65 6.76 6.69 6.80 6.82 6.84 6.84 6.75 6.59 6.42 6.26 6.13 6.30 6.48 6.62 6.88 7.02 7.22 7.34 7.55 7.65 7.67 7.56 7.60 7.62 7.62 7.64 7.99 8.11 8.19 8.19 8.12 8.02 7.95 7.88 7.73 7.55 7.38 7.21 7.03 7.00 6.97 6.92 6.85 6.82 6.82 6.79 6.70 6.67 6.72 6.72 6.75 7.00 7.00 6.98 6.86 6.79 6.69 6.72 6.84 6.85 6.83 6.87 6.90 6.92 6.82 6.83
7.91 7.80 7.59 7.37 7.19 7.03 6.89 6.84 6.73 6.64 6.56 6.47 6.38 6.30 6.37 6.42 6.50 6.60 6.52 6.59 6.63 6.76 6.78 6.76 6.59 6.47 6.33 6.20 6.30 6.34 6.46 6.63 6.88 7.01 7.17 7.31 7.42 7.54 7.58 7.51 7.56 7.57 7.58 7.59 7.68 7.90 7.96 7.98 7.97 7.89 7.81 7.74 7.61 7.46 7.30 7.09 6.99 6.93 6.89 6.85 6.80 6.74 6.73 6.71 6.67 6.69 6.73 6.70 6.73 6.98 6.99 6.98 6.87 6.82 6.78 6.80 6.79 6.86 6.92 6.87 6.89 6.91 6.81 6.81
7.60 7.54 7.40 7.24 7.08 6.94 6.81 6.76 6.65 6.56 6.47 6.41 6.33 6.28 6.27 6.30 6.36 6.36 6.44 6.50 6.55 6.59 6.60 6.59 6.54 6.47 6.37 6.30 6.36 6.44 6.46 6.66 6.89 7.00 7.14 7.26 7.35 7.45 7.41 7.43 7.50 7.52 7.52 7.51 7.57 7.76 7.76 7.82 7.81 7.74 7.66 7.57 7.45 7.32 7.15 7.03 6.94 6.87 6.83 6.76 6.73 6.71 6.69 6.68 6.67 6.71 6.63 6.66 6.66 6.67 7.00 6.99 6.91 6.88 6.87 6.89 6.84 6.89 6.93 6.87 6.89 6.79 6.80 6.80
7.23 7.31 7.22 7.09 6.96 6.84 6.78 6.67 6.57 6.47 6.39 6.33 6.27 6.24 6.23 6.26 6.31 6.28 6.36 6.42 6.48 6.52 6.55 6.55 6.52 6.48 6.42 6.38 6.45 6.47 6.52 6.59 6.78 7.03 7.11 7.21 7.29 7.37 7.33 7.35 7.43 7.44 7.44 7.41 7.33 7.38 7.41 7.64 7.64 7.58 7.51 7.42 7.32 7.21 7.05 6.95 6.87 6.81 6.73 6.70 6.68 6.67 6.66 6.66 6.71 6.72 6.64 6.66 6.66 6.68 6.69 6.69 6.68 6.94 6.94 6.87 6.89 6.92 6.72 6.74 6.75 6.79 6.79 6.79
7.03 6.99 6.93 6.83 6.84 6.80 6.68 6.57 6.45 6.36 6.28 6.21 6.19 6.17 6.16 6.19 6.23 6.20 6.28 6.35 6.41 6.47 6.51 6.53 6.52 6.50 6.45 6.42 6.53 6.54 6.57 6.62 6.68 6.95 7.02 7.17 7.16 7.21 7.25 7.27 7.36 7.28 7.20 7.19 7.21 7.23 7.24 7.29 7.26 7.43 7.36 7.28 7.19 7.09 6.99 6.84 6.77 6.72 6.65 6.63 6.62 6.62 6.62 6.63 6.66 6.68 6.69 6.66 6.66 6.68 6.70 6.71 6.70 6.65 6.87 6.92 6.93 6.72 6.74 6.74 6.75 6.75 6.78 6.78
6.86 6.83 6.78 6.70 6.76 6.66 6.56 6.45 6.35 6.25 6.17 6.11 6.06 6.07 6.06 6.09 6.14 6.21 6.19 6.27 6.36 6.43 6.49 6.52 6.53 6.51 6.49 6.47 6.44 6.59 6.61 6.64 6.65 6.79 6.93 6.98 7.05 7.06 7.12 7.14 7.15 7.16 7.03 7.09 7.10 7.10 7.10 7.14 7.11 7.07 7.23 7.15 7.06 6.96 6.87 6.72 6.66 6.61 6.56 6.55 6.55 6.56 6.58 6.60 6.63 6.56 6.59 6.62 6.66 6.69 6.71 6.73 6.63 6.64 6.56 6.85 6.74 6.74 6.75 6.75 6.75 6.74 6.70 6.70
6.73 6.70 6.65 6.74 6.66 6.56 6.45 6.33 6.24 6.13 6.05 5.99 5.94 5.91 5.94 5.97 6.03 6.11 6.11 6.20 6.30 6.40 6.48 6.53 6.55 6.55 6.54 6.52 6.49 6.63 6.64 6.66 6.65 6.78 6.91 6.95 7.01 7.00 7.02 7.08 7.09 6.98 6.94 6.95 6.99 6.98 6.97 7.00 6.98 6.95 6.90 7.03 6.94 6.84 6.73 6.58 6.52 6.45 6.45 6.45 6.47 6.49 6.52 6.56 6.59 6.53 6.57 6.61 6.64 6.70 6.72 6.75 6.65 6.66 6.58 6.40 6.40 6.41 6.44 6.75 6.74 6.73 6.71 6.67
6.62 6.59 6.72 6.65 6.57 6.47 6.36 6.23 6.10 6.00 5.91 5.86 5.81 5.77 5.76 5.84 5.92 6.01 6.02 6.12 6.25 6.37 6.48 6.55 6.59 6.59 6.58 6.56 6.53 6.66 6.66 6.64 6.65 6.77 6.79 6.91 6.84 6.96 6.97 6.91 6.91 6.92 6.87 6.87 6.90 6.88 6.92 6.89 6.86 6.84 6.80 6.74 6.65 6.72 6.59 6.47 6.35 6.31 6.33 6.35 6.38 6.41 6.46 6.51 6.55 6.50 6.55 6.59 6.64 6.68 6.67 6.70 6.71 6.60 6.58 6.42 6.42 6.46 6.45 6.45 6.44 6.43 6.46 6.42
6.54 6.68 6.64 6.57 6.49 6.40 6.28 6.15 5.99 5.84 5.77 5.75 5.69 5.62 5.59 5.67 5.79 5.91 6.00 6.04 6.20 6.35 6.49 6.61 6.64 6.63 6.61 6.44 6.43 6.51 6.49 6.47 6.65 6.54 6.55 6.56 6.80 6.92 6.86 6.64 6.67 6.68 6.69 6.80 6.64 6.63 6.66 6.65 6.76 6.75 6.72 6.66 6.57 6.45 6.47 6.30 6.16 6.17 6.23 6.27 6.29 6.33 6.41 6.47 6.51 6.42 6.48 6.54 6.65 6.69 6.69 6.71 6.73 6.62 6.17 6.17 6.17 6.17 6.17 6.17 6.17 6.43 6.41 6.43
6.87 6.62 6.57 6.51 6.44 6.35 6.23 6.10 5.93 5.74 5.62 5.61 5.56 5.47 5.38 5.51 5.64 5.81 5.88 5.93 6.10 6.17 6.34 6.51 6.54 6.50 6.47 6.45 6.45 6.38 6.48 6.44 6.43 6.52 6.52 6.53 6.54 6.32 6.58 6.59 6.62 6.62 6.58 6.57 6.58 6.56 6.58 6.56 6.56 6.56 6.54 6.51 6.45 6.32 6.36 6.16 6.03 6.13 6.18 6.23 6.23 6.26 6.35 6.42 6.37 6.40 6.47 6.54 6.60 6.65 6.52 6.54 6.50 6.25 6.19 6.19 6.19 6.19 6.18 6.18 6.18 6.17 6.17 6.24
6.82 6.78 6.52 6.47 6.40 6.31 6.21 6.09 5.95 5.73 5.66 5.63 5.58 5.52 5.47 5.54 5.64 5.74 5.61 5.73 5.97 6.12 6.27 6.39 6.45 6.44 6.42 6.40 6.39 6.44 6.40 6.42 6.41 6.49 6.49 6.28 6.28 6.22 6.31 6.32 6.58 6.58 6.53 6.52 6.51 6.46 6.55 6.53 6.51 6.51 6.49 6.44 6.40 6.29 6.16 5.98 6.07 6.15 6.22 6.26 6.29 6.31 6.38 6.44 6.40 6.44 6.50 6.57 6.62 6.67 6.54 6.56 6.51 6.27 6.21 6.21 6.21 6.21 6.20 6.19 6.19 6.21 6.26 6.25
6.78 6.70 6.66 6.44 6.38 6.30 6.21 6.11 5.90 5.81 5.74 5.69 5.65 5.62 5.58 5.47 5.53 5.65 5.59 5.69 5.87 5.98 6.09 6.26 6.33 6.35 6.33 6.33 6.31 6.39 6.36 6.39 6.38 6.29 6.24 6.24 6.24 6.19 6.19 6.28 6.31 6.31 6.49 6.48 6.47 6.42 6.53 6.51 6.45 6.47 6.44 6.40 6.38 6.23 6.16 6.06 6.01 6.02 6.05 6.21 6.37 6.38 6.44 6.29 6.34 6.49 6.55 6.60 6.65 6.53 6.56 6.33 6.53 6.23 6.24 6.24 6.24 6.23 6.22 6.24 6.23 6.28 6.27 6.27
6.70 6.67 6.63 6.58 6.52 6.46 6.23 6.03 5.95 5.88 5.82 5.77 5.73 5.50 5.49 5.52 5.56 5.61 5.57 5.65 5.77 5.90 5.99 6.06 6.11 6.20 6.25 6.25 6.24 6.33 6.23 6.15 6.13 6.22 6.21 6.21 6.15 6.15 6.15 6.24 6.27 6.27 6.26 6.24 6.41 6.39 6.38 6.43 6.42 6.44 6.40 6.36 6.30 6.23 6.15 6.10 6.08 5.98 6.00 6.27 6.31 6.36 6.49 6.33 6.37 6.54 6.59 6.64 6.27 6.29 6.32 6.35 6.37 6.26 6.27 6.27 6.27 6.25 6.29 6.28 6.23 6.30 6.29 6.32
6.67 6.64 6.61 6.57 6.52 6.46 6.40 6.33 5.99 5.94 5.74 5.70 5.57 5.55 5.54 5.55 5.56 5.60 5.65 5.63 5.71 5.78 5.86 5.96 6.00 6.00 6.01 6.17 6.28 6.19 6.18 6.11 6.09 6.18 6.17 6.17 6.11 6.11 6.11 6.12 6.23 6.24 6.20 6.20 6.38 6.37 6.35 6.41 6.38 6.36 6.33 6.34 6.29 6.23 6.18 6.13 6.13 6.02 6.04 6.06 6.37 6.41 6.18 6.22 6.26 6.44 6.23 6.26 6.29 6.31 6.36 6.29 6.31 6.36 6.35 6.35 6.36 6.34 6.32 6.29 6.33 6.31 6.34 6.32
6.64 6.61 6.58 6.55 6.52 6.47 6.42 6.37 6.14 5.82 5.78 5.74 5.64 5.61 5.60 5.55 5.56 5.58 5.47 5.51 5.64 5.70 5.77 5.84 5.87 5.90 5.92 5.93 5.81 6.02 5.88 6.05 6.05 6.14 6.04 6.08 6.08 6.08 6.08 6.08 6.06 6.06 6.18 6.16 6.16 6.24 6.12 6.37 6.35 6.33 6.31 6.31 6.27 6.23 6.19 6.13 6.11 6.05 6.06 6.09 6.20 6.11 6.21 6.24 6.28 6.13 6.12 6.14 6.24 6.28 6.24 6.35 6.38 6.40 6.42 6.37 6.35 6.38 6.35 6.32 6.37 6.36 6.31 6.30
6.61 6.58 6.59 6.57 6.54 6.51 6.47 6.13 6.09 6.04 5.73 5.70 5.67 5.64 5.62 5.60 5.39 5.39 5.41 5.44 5.50 5.56 5.70 5.76 5.81 5.82 5.84 5.73 5.73 5.82 5.82 6.00 6.07 6.06 6.06 6.01 6.04 6.04 6.04 6.03 6.05 6.14 6.15 6.15 6.13 6.21 6.18 6.17 6.33 6.31 6.33 6.30 6.26 6.20 6.16 6.13 6.12 6.13 6.15 6.18 6.22 6.13 6.16 6.08 6.11 6.25 6.13 6.08 6.11 6.23 6.27 6.39 6.43 6.47 6.41 6.49 6.41 6.42 6.34 6.30 6.33 6.34 6.31 6.29
6.60 6.58 6.57 6.56 6.54 6.22 6.18 6.15 6.11 6.07 6.03 5.99 5.69 5.66 5.63 5.59 5.36 5.34 5.34 5.36 5.41 5.48 5.54 5.69 5.73 5.75 5.77 5.79 5.67 5.78 5.83 6.02 6.02 6.02 5.96 5.97 5.97 5.97 5.98 5.99 6.02 6.11 6.11 6.12 6.20 6.16 6.15 6.14 6.38 6.36 6.31 6.28 6.25 6.18 6.15 6.12 6.11 6.12 6.15 6.15 6.19 6.10 6.13 6.10 6.12 6.27 6.06 6.09 6.21 6.25 6.29 6.35 6.41 6.46 6.49 6.57 6.53 6.43 6.37 6.31 6.31 6.27 6.31 6.29
6.55 6.55 6.55 6.27 6.25 6.22 6.19 6.16 6.13 6.09 6.06 6.02 5.98 5.67 5.63 5.37 5.33 5.29 5.25 5.27 5.33 5.40 5.47 5.62 5.67 5.68 5.71 5.73 5.67 5.68 5.78 5.78 5.98 5.98 5.93 5.93 5.93 5.93 5.95 5.96 5.99 6.00 6.08 6.09 6.17 6.20 6.14 6.17 6.36 6.34 6.29 6.27 6.21 6.17 6.13 6.09 6.07 6.11 6.16 6.16 6.20 6.13 6.17 6.11 6.05 6.08 6.06 6.18 6.22 6.26 6.33 6.39 6.46 6.54 6.62 6.60 6.52 6.43 6.37 6.31 6.30 6.26 6.20 6.17
6.35 6.29 6.28 6.27 6.25 6.22 6.20 6.17 6.14 6.10 6.07 6.03 5.99 5.95 5.63 5.36 5.31 5.25 5.18 5.17 5.27 5.35 5.42 5.47 5.61 5.65 5.67 5.73 5.61 5.73 5.74 5.81 5.82 5.89 5.89 5.90 5.89 5.89 5.91 5.93 5.96 5.97 6.06 6.21 6.21 6.17 6.16 6.35 6.34 6.32 6.30 6.26 6.20 6.16 6.12 6.06 6.03 5.96 6.00 6.07 6.11 6.15 6.18 6.10 6.13 6.08 6.15 6.19 6.24 6.28 6.34 6.41 6.48 6.60 6.72 6.69 6.55 6.44 6.37 6.30 6.26 6.21 6.17 6.15
