data/Validacao/F141015.grd
DSAA
94	94
0.0000	100.0000
0.0000	100.0000
1.0603	14.6225
[rows 0 to 37 of 94, columns 0 to 83 of 94]
5.74 5.73 5.71 5.69 5.68 5.66 5.65 5.95 5.93 5.91 5.87 5.83 5.79 5.74 5.69 5.64 5.57 5.52 5.43 5.46 5.65 5.87 6.04 6.21 6.37 6.50 6.66 6.88 7.07 7.43 7.68 7.96 8.27 8.63 9.00 9.47 10.01 10.56 10.34 9.86 9.43 9.07 8.77 8.52 8.29 8.11 7.95 7.83 8.03 7.96 7.90 7.90 7.93 7.99 8.04 8.16 8.25 8.23 8.22 8.22 8.23 8.26 8.29 8.35 8.40 8.47 8.19 8.30 8.44 8.59 8.80 9.02 9.35 9.73 10.16 9.98 9.41 8.89 8.44 8.04 7.65 7.32 7.03 6.77
5.73 5.74 5.73 5.72 5.71 5.70 5.69 5.67 5.65 5.92 5.89 5.84 5.79 5.74 5.70 5.64 5.59 5.56 5.52 5.56 5.71 5.90 6.06 6.22 6.37 6.53 6.65 6.85 7.04 7.25 7.62 7.89 8.20 8.55 8.90 9.33 9.78 10.14 10.04 9.69 9.32 8.98 8.68 8.44 8.22 8.03 7.87 7.75 7.92 7.83 7.79 7.79 7.82 7.88 7.94 8.05 8.14 8.17 8.17 8.20 8.23 8.26 8.30 8.36 8.41 8.23 8.21 8.31 8.43 8.57 8.77 8.97 9.26 9.57 9.79 9.67 9.25 8.80 8.37 7.95 7.60 7.28 6.99 6.73
5.72 5.73 5.74 5.74 5.74 5.74 5.74 5.72 5.71 5.68 5.91 5.86 5.80 5.75 5.71 5.67 5.64 5.62 5.65 5.70 5.81 5.96 6.11 6.25 6.38 6.52 6.66 6.81 6.98 7.18 7.53 7.78 8.07 8.35 8.69 9.05 9.36 9.60 9.58 9.37 9.09 8.80 8.54 8.31 8.10 7.96 7.77 7.64 7.59 7.69 7.65 7.65 7.68 7.76 7.84 7.90 7.99 8.06 8.13 8.17 8.21 8.26 8.30 8.35 8.19 8.24 8.30 8.29 8.37 8.51 8.67 8.82 9.04 9.24 9.30 9.21 8.93 8.58 8.18 7.83 7.50 7.20 6.93 6.68
5.71 5.73 5.75 5.76 5.77 5.78 5.79 5.78 5.77 5.74 5.70 5.65 5.81 5.75 5.72 5.69 5.69 5.71 5.77 5.84 5.94 6.05 6.17 6.29 6.40 6.51 6.63 6.72 6.91 7.10 7.30 7.63 7.89 8.14 8.43 8.70 8.93 9.05 9.12 9.00 8.80 8.57 8.37 8.15 7.99 7.82 7.63 7.51 7.44 7.38 7.48 7.48 7.51 7.59 7.67 7.74 7.85 7.96 8.06 8.14 8.20 8.26 8.30 8.17 8.20 8.23 8.27 8.33 8.30 8.41 8.53 8.62 8.76 8.83 8.86 8.77 8.57 8.27 7.97 7.66 7.37 7.10 6.84 6.61
5.70 5.73 5.76 5.78 5.81 5.83 5.85 5.85 5.84 5.81 5.76 5.69 5.63 5.75 5.71 5.71 5.74 5.79 5.88 5.96 6.06 6.16 6.24 6.33 6.41 6.49 6.58 6.68 6.81 6.97 7.16 7.37 7.63 7.89 8.13 8.35 8.52 8.62 8.71 8.63 8.49 8.32 8.15 8.00 7.82 7.66 7.51 7.31 7.28 7.21 7.17 7.28 7.33 7.39 7.48 7.60 7.70 7.85 7.98 8.10 8.20 8.26 8.17 8.19 8.20 8.21 8.23 8.26 8.21 8.28 8.35 8.44 8.47 8.47 8.47 8.38 8.20 7.98 7.73 7.47 7.21 6.97 6.74 6.52
5.70 5.73 5.77 5.81 5.84 5.88 5.91 5.93 5.93 5.90 5.83 5.74 5.65 5.57 5.54 5.70 5.76 5.86 5.97 6.09 6.18 6.26 6.32 6.38 6.43 6.47 6.52 6.59 6.69 6.83 6.99 7.18 7.38 7.64 7.84 8.02 8.16 8.26 8.34 8.29 8.19 8.06 7.96 7.80 7.64 7.48 7.34 7.20 7.09 7.01 6.96 6.97 7.09 7.16 7.27 7.42 7.55 7.73 7.91 8.08 8.21 8.17 8.21 8.22 8.20 8.19 8.18 8.18 8.19 8.13 8.16 8.20 8.17 8.15 8.11 8.01 7.87 7.69 7.48 7.26 7.04 6.82 6.62 6.42
5.69 5.73 5.78 5.82 5.88 5.93 5.98 6.02 6.04 6.01 5.92 5.79 5.65 5.54 5.50 5.55 5.77 5.92 6.07 6.22 6.31 6.37 6.41 6.43 6.44 6.44 6.45 6.48 6.57 6.66 6.80 6.97 7.13 7.31 7.56 7.71 7.83 7.92 8.02 7.99 7.92 7.84 7.74 7.60 7.45 7.30 7.15 7.02 6.90 6.80 6.73 6.72 6.76 6.92 7.05 7.21 7.39 7.62 7.85 8.07 8.15 8.25 8.27 8.24 8.20 8.15 8.11 8.08 8.06 7.97 7.97 7.97 7.90 7.84 7.77 7.69 7.57 7.41 7.24 7.05 6.86 6.67 6.49 6.31
5.66 5.73 5.78 5.84 5.90 5.97 6.05 6.12 6.17 6.15 6.04 5.85 5.63 5.46 5.40 5.48 5.66 5.97 6.19 6.35 6.44 6.48 6.49 6.48 6.45 6.40 6.36 6.34 6.39 6.49 6.60 6.76 6.91 7.07 7.22 7.43 7.54 7.63 7.66 7.71 7.69 7.61 7.52 7.40 7.27 7.12 6.97 6.84 6.70 6.58 6.50 6.45 6.49 6.60 6.81 6.99 7.23 7.49 7.80 8.02 8.24 8.35 8.34 8.27 8.19 8.10 8.02 7.96 7.89 7.85 7.76 7.67 7.64 7.54 7.48 7.40 7.29 7.16 7.01 6.85 6.68 6.51 6.35 6.21
5.65 5.72 5.78 5.84 5.91 6.00 6.10 6.21 6.31 6.34 6.19 5.90 5.59 5.32 5.21 5.35 5.64 5.97 6.33 6.52 6.57 6.57 6.56 6.53 6.46 6.35 6.25 6.18 6.18 6.28 6.42 6.54 6.70 6.85 6.99 7.10 7.29 7.37 7.40 7.50 7.47 7.42 7.33 7.23 7.10 6.95 6.81 6.66 6.52 6.38 6.24 6.17 6.22 6.37 6.54 6.73 7.03 7.32 7.70 8.07 8.38 8.48 8.41 8.28 8.15 8.03 7.92 7.81 7.73 7.67 7.57 7.44 7.39 7.28 7.21 7.13 7.03 6.92 6.79 6.65 6.51 6.36 6.23 6.08
5.64 5.69 5.76 5.83 5.90 6.00 6.11 6.24 6.40 6.55 6.33 5.94 5.55 5.18 4.95 5.23 5.61 6.02 6.43 6.68 6.63 6.59 6.57 6.57 6.45 6.29 6.14 6.00 5.94 6.07 6.23 6.35 6.50 6.64 6.77 6.88 6.99 7.13 7.18 7.29 7.26 7.21 7.16 7.07 6.95 6.81 6.66 6.52 6.38 6.23 6.04 5.88 6.00 6.20 6.38 6.55 6.78 7.20 7.64 8.09 8.52 8.61 8.42 8.23 8.06 7.92 7.78 7.65 7.55 7.47 7.36 7.21 7.15 7.03 6.96 6.88 6.79 6.69 6.58 6.46 6.36 6.23 6.09 5.95
5.62 5.66 5.72 5.80 5.87 5.96 6.07 6.19 6.33 6.43 6.25 5.90 5.54 5.21 5.04 5.25 5.61 5.99 6.36 6.56 6.53 6.53 6.50 6.46 6.35 6.19 6.03 5.90 5.84 5.94 6.08 6.19 6.33 6.46 6.58 6.69 6.79 6.89 7.01 7.03 7.08 7.04 7.01 6.93 6.83 6.70 6.57 6.45 6.31 6.16 5.99 5.87 5.95 6.13 6.29 6.47 6.73 7.11 7.55 7.97 8.35 8.44 8.28 8.09 7.92 7.75 7.60 7.46 7.35 7.26 7.11 7.04 6.94 6.79 6.72 6.64 6.56 6.48 6.38 6.31 6.20 6.09 5.97 5.82
5.59 5.63 5.68 5.75 5.82 5.89 5.98 6.07 6.15 6.16 6.04 5.80 5.55 5.33 5.26 5.37 5.61 5.90 6.16 6.31 6.36 6.35 6.32 6.28 6.19 6.06 5.93 5.84 5.80 5.86 5.93 6.05 6.17 6.30 6.41 6.53 6.62 6.72 6.77 6.87 6.92 6.90 6.88 6.82 6.71 6.62 6.54 6.41 6.30 6.17 6.05 5.99 6.04 6.14 6.30 6.50 6.75 7.06 7.41 7.75 8.01 8.10 8.02 7.88 7.71 7.54 7.38 7.25 7.13 6.97 6.88 6.80 6.70 6.55 6.48 6.42 6.35 6.27 6.22 6.14 6.05 5.96 5.81 5.73
5.56 5.60 5.64 5.68 5.74 5.80 5.86 5.91 5.95 5.93 5.85 5.70 5.54 5.42 5.38 5.45 5.61 5.80 5.97 6.09 6.15 6.16 6.13 6.07 6.02 5.92 5.82 5.75 5.73 5.75 5.82 5.92 6.03 6.15 6.28 6.38 6.51 6.57 6.62 6.68 6.73 6.78 6.78 6.73 6.64 6.56 6.48 6.42 6.32 6.22 6.14 6.11 6.12 6.21 6.34 6.52 6.75 7.01 7.28 7.54 7.71 7.79 7.74 7.62 7.47 7.29 7.14 7.01 6.89 6.73 6.64 6.56 6.46 6.39 6.25 6.19 6.13 6.10 6.04 5.98 5.91 5.78 5.71 5.63
5.56 5.58 5.61 5.63 5.70 5.73 5.72 5.75 5.76 5.74 5.68 5.60 5.51 5.45 5.44 5.49 5.58 5.70 5.81 5.90 5.95 5.96 5.94 5.89 5.81 5.77 5.69 5.63 5.61 5.63 5.70 5.79 5.90 6.01 6.14 6.24 6.38 6.44 6.52 6.56 6.62 6.68 6.69 6.63 6.59 6.53 6.47 6.43 6.35 6.28 6.18 6.17 6.20 6.26 6.37 6.53 6.72 6.94 7.16 7.35 7.48 7.51 7.48 7.37 7.21 7.03 6.88 6.74 6.59 6.49 6.40 6.32 6.22 6.15 6.03 5.98 5.95 5.91 5.87 5.82 5.71 5.65 5.60 5.54
5.52 5.54 5.55 5.56 5.57 5.59 5.59 5.59 5.58 5.56 5.53 5.50 5.47 5.45 5.45 5.48 5.53 5.60 5.66 5.72 5.76 5.78 5.76 5.72 5.65 5.56 5.54 5.49 5.46 5.49 5.56 5.66 5.77 5.93 6.05 6.15 6.25 6.33 6.39 6.44 6.52 6.54 6.59 6.57 6.55 6.51 6.46 6.45 6.39 6.28 6.25 6.24 6.25 6.30 6.38 6.51 6.67 6.87 7.05 7.21 7.31 7.31 7.22 7.12 6.95 6.77 6.59 6.46 6.32 6.23 6.15 6.08 6.01 5.91 5.86 5.73 5.69 5.67 5.64 5.62 5.57 5.54 5.50 5.45
5.49 5.49 5.49 5.49 5.48 5.46 5.46 5.44 5.41 5.40 5.39 5.39 5.41 5.43 5.45 5.46 5.48 5.49 5.52 5.55 5.58 5.61 5.61 5.57 5.50 5.41 5.30 5.30 5.29 5.32 5.41 5.52 5.65 5.79 5.92 6.05 6.16 6.23 6.32 6.37 6.39 6.42 6.46 6.53 6.52 6.50 6.47 6.46 6.35 6.33 6.31 6.30 6.29 6.31 6.37 6.46 6.60 6.78 6.96 7.12 7.20 7.18 7.05 6.84 6.67 6.47 6.29 6.17 6.05 5.97 5.90 5.84 5.70 5.65 5.60 5.51 5.50 5.49 5.48 5.46 5.45 5.43 5.40 5.36
5.46 5.45 5.44 5.41 5.39 5.35 5.31 5.28 5.24 5.22 5.24 5.28 5.35 5.41 5.44 5.44 5.42 5.39 5.37 5.38 5.41 5.46 5.47 5.45 5.38 5.27 5.14 5.03 5.08 5.14 5.24 5.38 5.53 5.70 5.82 5.96 6.07 6.15 6.24 6.30 6.33 6.37 6.41 6.45 6.49 6.49 6.49 6.48 6.39 6.38 6.36 6.34 6.32 6.30 6.32 6.37 6.50 6.68 6.90 7.08 7.17 7.12 6.92 6.63 6.33 6.14 5.96 5.87 5.77 5.73 5.67 5.59 5.49 5.42 5.37 5.34 5.30 5.32 5.34 5.33 5.33 5.32 5.31 5.28
5.43 5.41 5.38 5.34 5.30 5.25 5.19 5.14 5.07 5.04 5.07 5.17 5.29 5.39 5.45 5.42 5.35 5.27 5.21 5.21 5.26 5.33 5.37 5.37 5.29 5.15 4.99 4.84 4.85 4.93 5.08 5.25 5.45 5.61 5.74 5.88 6.00 6.09 6.18 6.24 6.28 6.32 6.36 6.42 6.44 6.46 6.47 6.41 6.43 6.42 6.40 6.38 6.34 6.28 6.24 6.24 6.34 6.56 6.82 7.07 7.22 7.14 6.84 6.45 6.04 5.77 5.60 5.53 5.51 5.49 5.45 5.39 5.29 5.20 5.13 5.12 5.11 5.16 5.20 5.22 5.23 5.23 5.22 5.20
5.41 5.38 5.33 5.28 5.22 5.16 5.08 4.99 4.90 4.84 4.90 5.06 5.23 5.39 5.49 5.42 5.29 5.16 5.04 5.02 5.12 5.22 5.30 5.34 5.24 5.07 4.87 4.66 4.58 4.66 4.84 5.16 5.36 5.53 5.67 5.82 5.92 6.04 6.11 6.19 6.23 6.28 6.32 6.38 6.30 6.45 6.47 6.44 6.44 6.43 6.43 6.42 6.34 6.24 6.15 6.08 6.14 6.41 6.74 7.07 7.34 7.23 6.78 6.27 5.75 5.34 5.26 5.28 5.32 5.32 5.29 5.24 5.13 5.02 4.90 4.90 4.96 5.04 5.09 5.12 5.14 5.15 5.14 5.05
5.36 5.32 5.26 5.20 5.14 5.07 5.00 4.91 4.81 4.71 4.80 4.98 5.15 5.32 5.44 5.35 5.22 5.08 4.95 4.92 5.04 5.15 5.23 5.28 5.19 5.01 4.81 4.59 4.45 4.60 4.80 4.99 5.17 5.33 5.61 5.62 5.87 5.91 6.05 6.00 6.03 6.19 6.13 6.17 6.27 6.34 6.39 6.42 6.42 6.41 6.41 6.40 6.31 6.19 6.08 5.99 6.01 6.29 6.62 6.95 7.25 7.13 6.64 6.12 5.58 5.12 5.04 5.08 5.11 5.23 5.21 5.15 5.04 4.92 4.79 4.80 4.91 4.97 5.00 5.04 5.06 5.07 5.00 4.98
5.28 5.25 5.20 5.14 5.08 5.01 4.94 4.84 4.77 4.74 4.80 4.92 5.05 5.18 5.24 5.21 5.13 5.03 4.96 4.95 5.01 5.10 5.16 5.18 5.11 4.98 4.82 4.66 4.61 4.68 4.81 4.99 5.16 5.32 5.46 5.59 5.72 5.83 5.91 5.95 5.98 6.03 6.09 6.13 6.19 6.27 6.31 6.35 6.36 6.35 6.34 6.30 6.23 6.13 6.04 5.99 6.04 6.22 6.45 6.69 6.83 6.74 6.41 6.00 5.58 5.26 5.10 5.08 5.08 5.18 5.16 5.12 5.01 4.92 4.85 4.85 4.88 4.94 4.99 4.98 5.00 5.01 4.93 4.92
5.22 5.19 5.14 5.09 5.03 4.97 4.90 4.81 4.77 4.75 4.79 4.87 4.96 5.04 5.08 5.08 5.04 4.99 4.96 4.97 5.01 5.07 5.11 5.12 5.07 4.98 4.87 4.77 4.74 4.79 4.87 5.02 5.17 5.31 5.44 5.55 5.66 5.76 5.83 5.89 5.93 5.97 6.04 6.08 6.13 6.19 6.24 6.27 6.28 6.27 6.25 6.21 6.14 6.07 6.00 5.97 6.01 6.12 6.27 6.41 6.47 6.39 6.18 5.89 5.60 5.37 5.20 5.13 5.11 5.09 5.16 5.12 5.03 4.97 4.93 4.92 4.90 4.94 4.96 4.95 4.95 4.89 4.88 4.86
5.08 5.12 5.08 5.04 4.98 4.93 4.84 4.79 4.76 4.75 4.76 4.81 4.86 4.91 4.95 4.96 4.95 4.95 4.95 4.98 5.02 5.07 5.10 5.10 5.07 5.01 4.93 4.86 4.85 4.88 4.94 5.03 5.17 5.31 5.42 5.51 5.61 5.70 5.77 5.83 5.87 5.91 5.98 6.01 6.05 6.09 6.13 6.19 6.20 6.19 6.17 6.13 6.07 6.00 5.94 5.91 5.93 5.99 6.07 6.15 6.18 6.12 5.98 5.79 5.60 5.43 5.27 5.20 5.16 5.13 5.10 5.06 4.99 5.03 5.00 4.94 4.94 4.95 4.89 4.89 4.88 4.84 4.82 4.80
5.02 4.99 4.96 4.92 4.94 4.85 4.81 4.77 4.73 4.71 4.72 4.73 4.77 4.80 4.83 4.85 4.87 4.89 4.92 4.97 5.02 5.08 5.11 5.12 5.10 5.06 5.00 4.95 4.95 4.96 5.00 5.07 5.15 5.30 5.40 5.48 5.57 5.65 5.68 5.74 5.81 5.88 5.91 5.94 5.98 6.01 6.04 6.09 6.10 6.12 6.10 6.05 5.99 5.92 5.86 5.81 5.81 5.84 5.88 5.92 5.94 5.90 5.82 5.70 5.58 5.47 5.34 5.26 5.22 5.18 5.15 5.11 5.04 4.99 5.06 5.00 4.99 4.90 4.89 4.87 4.85 4.82 4.77 4.74
4.96 4.93 4.91 4.87 4.81 4.78 4.76 4.73 4.70 4.68 4.67 4.66 4.67 4.69 4.71 4.74 4.78 4.83 4.89 4.96 5.03 5.09 5.15 5.17 5.16 5.12 5.07 5.02 5.00 5.02 5.05 5.10 5.16 5.24 5.34 5.42 5.52 5.56 5.62 5.68 5.74 5.78 5.84 5.87 5.90 5.93 5.96 6.01 6.03 6.04 6.04 6.00 5.93 5.84 5.76 5.69 5.66 5.67 5.69 5.72 5.74 5.73 5.69 5.63 5.55 5.44 5.37 5.31 5.27 5.24 5.20 5.17 5.11 5.07 5.00 5.07 4.95 4.92 4.89 4.86 4.82 4.78 4.71 4.68
4.90 4.88 4.85 4.79 4.76 4.73 4.70 4.68 4.66 4.64 4.61 4.59 4.58 4.57 4.59 4.63 4.69 4.76 4.85 4.94 5.03 5.12 5.20 5.23 5.23 5.19 5.13 5.07 5.05 5.05 5.08 5.12 5.17 5.23 5.32 5.39 5.48 5.52 5.57 5.62 5.69 5.72 5.78 5.81 5.83 5.85 5.88 5.93 5.96 5.98 5.99 5.96 5.88 5.77 5.65 5.55 5.49 5.48 5.51 5.54 5.57 5.59 5.58 5.56 5.53 5.45 5.41 5.36 5.33 5.29 5.26 5.23 5.17 5.13 5.06 4.92 4.88 4.83 4.80 4.85 4.80 4.73 4.67 4.60
4.85 4.83 4.77 4.74 4.72 4.69 4.67 4.64 4.62 4.60 4.56 4.52 4.48 4.45 4.46 4.51 4.60 4.69 4.80 4.91 5.03 5.15 5.26 5.33 5.32 5.26 5.18 5.11 5.07 5.07 5.09 5.13 5.17 5.22 5.28 5.37 5.38 5.48 5.53 5.59 5.63 5.66 5.72 5.74 5.76 5.77 5.81 5.85 5.90 5.94 5.97 5.95 5.85 5.71 5.53 5.38 5.30 5.29 5.33 5.39 5.43 5.47 5.49 5.51 5.51 5.47 5.44 5.41 5.38 5.35 5.33 5.31 5.28 5.19 5.11 4.96 4.91 4.87 4.82 4.75 4.68 4.61 4.60 4.51
4.79 4.73 4.71 4.69 4.67 4.65 4.63 4.60 4.58 4.55 4.51 4.46 4.39 4.34 4.32 4.39 4.50 4.62 4.74 4.87 5.01 5.16 5.32 5.43 5.42 5.32 5.21 5.10 5.04 5.03 5.04 5.06 5.17 5.13 5.17 5.21 5.35 5.45 5.51 5.48 5.53 5.56 5.57 5.68 5.64 5.66 5.69 5.74 5.84 5.91 5.98 5.99 5.86 5.65 5.43 5.21 5.08 5.12 5.20 5.27 5.32 5.37 5.43 5.47 5.50 5.49 5.48 5.46 5.43 5.40 5.39 5.36 5.34 5.25 5.04 4.99 4.94 4.88 4.81 4.74 4.66 4.59 4.49 4.44
4.87 4.68 4.66 4.64 4.62 4.60 4.58 4.56 4.54 4.52 4.45 4.38 4.31 4.23 4.19 4.29 4.41 4.55 4.68 4.82 4.98 5.13 5.31 5.48 5.43 5.30 5.18 5.09 5.02 5.00 5.03 5.05 5.08 5.11 5.15 5.18 5.23 5.20 5.40 5.43 5.48 5.51 5.56 5.57 5.57 5.59 5.61 5.66 5.75 5.85 5.94 6.00 5.83 5.59 5.36 5.10 4.93 5.02 5.13 5.20 5.25 5.32 5.40 5.46 5.49 5.51 5.51 5.50 5.48 5.46 5.35 5.31 5.28 5.19 5.10 5.04 4.98 4.92 4.84 4.76 4.67 4.57 4.46 4.36
4.82 4.79 4.61 4.59 4.58 4.56 4.54 4.51 4.49 4.43 4.39 4.33 4.26 4.21 4.19 4.26 4.36 4.48 4.58 4.73 4.89 5.05 5.20 5.31 5.31 5.22 5.13 5.06 5.01 5.00 5.00 5.03 5.06 5.09 5.13 5.09 5.13 5.20 5.27 5.30 5.44 5.46 5.51 5.52 5.54 5.54 5.58 5.63 5.70 5.77 5.84 5.85 5.73 5.54 5.33 5.13 5.03 5.07 5.14 5.21 5.26 5.34 5.41 5.47 5.49 5.52 5.53 5.53 5.52 5.51 5.40 5.37 5.31 5.24 5.15 5.10 5.04 4.96 4.89 4.80 4.71 4.65 4.53 4.43
4.76 4.67 4.64 4.54 4.52 4.51 4.49 4.47 4.40 4.37 4.33 4.28 4.24 4.20 4.20 4.21 4.29 4.40 4.51 4.63 4.77 4.90 5.02 5.13 5.14 5.11 5.05 5.02 4.98 4.97 4.98 5.01 5.03 5.01 5.04 5.06 5.10 5.16 5.20 5.26 5.30 5.33 5.46 5.48 5.50 5.50 5.55 5.59 5.63 5.69 5.72 5.71 5.63 5.50 5.36 5.22 5.14 5.13 5.16 5.23 5.31 5.38 5.44 5.45 5.50 5.54 5.56 5.56 5.56 5.47 5.45 5.37 5.37 5.26 5.22 5.16 5.09 5.02 4.93 4.90 4.80 4.69 4.59 4.49
4.63 4.61 4.58 4.56 4.54 4.52 4.44 4.36 4.34 4.31 4.28 4.24 4.21 4.14 4.14 4.17 4.23 4.32 4.42 4.52 4.62 4.75 4.85 4.92 4.95 4.98 4.95 4.93 4.93 4.93 4.95 4.93 4.95 4.98 5.01 5.04 5.10 5.13 5.17 5.23 5.26 5.28 5.31 5.36 5.44 5.46 5.49 5.53 5.57 5.59 5.63 5.62 5.56 5.48 5.39 5.30 5.24 5.21 5.23 5.30 5.34 5.39 5.45 5.48 5.52 5.57 5.59 5.60 5.48 5.47 5.46 5.43 5.41 5.33 5.29 5.23 5.16 5.08 5.01 4.92 4.80 4.71 4.62 4.58
4.57 4.54 4.52 4.51 4.49 4.47 4.45 4.43 4.29 4.26 4.21 4.18 4.12 4.10 4.10 4.12 4.18 4.23 4.30 4.39 4.48 4.58 4.66 4.75 4.80 4.80 4.80 4.84 4.88 4.89 4.90 4.89 4.91 4.94 4.98 5.01 5.08 5.11 5.14 5.16 5.22 5.24 5.29 5.31 5.39 5.42 5.44 5.47 5.51 5.54 5.55 5.55 5.51 5.48 5.42 5.36 5.33 5.30 5.30 5.32 5.40 5.44 5.40 5.43 5.55 5.58 5.50 5.51 5.51 5.51 5.50 5.47 5.45 5.40 5.35 5.30 5.25 5.16 5.07 4.97 4.85 4.76 4.70 4.64
4.50 4.47 4.46 4.45 4.44 4.42 4.41 4.39 4.33 4.19 4.17 4.14 4.09 4.08 4.07 4.08 4.10 4.14 4.19 4.26 4.34 4.42 4.50 4.58 4.63 4.67 4.69 4.70 4.69 4.77 4.78 4.82 4.87 4.91 4.96 5.01 5.05 5.09 5.11 5.13 5.14 5.15 5.21 5.26 5.24 5.33 5.31 5.42 5.45 5.47 5.49 5.51 5.50 5.47 5.44 5.42 5.40 5.37 5.38 5.39 5.42 5.40 5.43 5.46 5.48 5.45 5.44 5.45 5.49 5.49 5.49 5.51 5.50 5.48 5.45 5.38 5.30 5.20 5.10 4.99 4.92 4.80 4.68 4.61
4.42 4.40 4.42 4.41 4.41 4.40 4.39 4.27 4.25 4.23 4.09 4.07 4.05 4.03 4.02 4.01 4.02 4.03 4.07 4.12 4.19 4.27 4.37 4.44 4.50 4.54 4.57 4.58 4.60 4.69 4.72 4.77 4.82 4.87 4.92 4.98 5.03 5.07 5.09 5.10 5.12 5.15 5.16 5.17 5.18 5.27 5.30 5.32 5.39 5.41 5.46 5.47 5.48 5.48 5.48 5.47 5.47 5.47 5.47 5.46 5.48 5.44 5.46 5.44 5.46 5.53 5.46 5.47 5.48 5.53 5.54 5.57 5.58 5.60 5.53 5.48 5.38 5.27 5.09 4.97 4.91 4.79 4.70 4.63
4.36 4.34 4.34 4.35 4.36 4.26 4.25 4.23 4.21 4.19 4.16 4.13 4.00 3.98 3.96 3.94 3.93 3.92 3.94 3.98 4.04 4.13 4.20 4.31 4.37 4.45 4.49 4.53 4.51 4.60 4.65 4.72 4.77 4.82 4.90 4.95 5.01 5.05 5.07 5.08 5.08 5.10 5.10 5.11 5.15 5.19 5.23 5.26 5.38 5.40 5.41 5.44 5.46 5.48 5.50 5.52 5.53 5.53 5.53 5.50 5.51 5.49 5.51 5.50 5.48 5.56 5.47 5.49 5.55 5.57 5.59 5.62 5.65 5.66 5.64 5.59 5.47 5.28 5.14 5.00 4.90 4.79 4.70 4.63
4.27 4.26 4.28 4.22 4.22 4.22 4.21 4.19 4.17 4.15 4.12 4.09 4.06 3.93 3.90 3.87 3.85 3.82 3.80 3.83 3.91 4.00 4.08 4.19 4.26 4.34 4.39 4.43 4.42 4.46 4.57 4.62 4.70 4.77 4.85 4.92 4.99 5.04 5.06 5.04 5.03 5.02 5.04 5.04 5.08 5.11 5.13 5.18 5.32 5.35 5.36 5.40 5.44 5.48 5.52 5.56 5.59 5.58 5.58 5.55 5.55 5.55 5.56 5.53 5.50 5.52 5.50 5.55 5.57 5.60 5.66 5.70 5.72 5.76 5.74 5.66 5.50 5.32 5.15 4.99 4.90 4.78 4.64 4.55
4.15 4.14 4.17 4.19 4.19 4.19 4.17 4.15 4.13 4.11 4.08 4.05 4.02 3.99 3.85 3.82 3.78 3.73 3.67 3.69 3.79 3.89 3.98 4.05 4.17 4.23 4.28 4.33 4.32 4.43 4.48 4.56 4.62 4.72 4.79 4.87 4.95 5.03 5.03 5.00 4.98 4.96 4.97 5.03 5.03 5.03 5.05 5.17 5.20 5.28 5.32 5.35 5.41 5.46 5.52 5.59 5.64 5.60 5.58 5.57 5.57 5.58 5.59 5.57 5.59 5.54 5.56 5.57 5.63 5.66 5.69 5.72 5.75 5.79 5.86 5.76 5.54 5.33 5.14 4.97 4.83 4.70 4.60 4.51
