data/Validacao/F141015.grd
DSAA
94	94
0.0000	100.0000
0.0000	100.0000
1.0603	14.6225
[rows 38 to 75 of 94, columns 0 to 83 of 94]
4.19 4.16 4.17 4.18 4.18 4.16 4.14 4.12 4.09 4.07 4.04 4.01 3.98 3.95 3.91 3.86 3.74 3.69 3.65 3.66 3.74 3.82 3.90 3.98 4.08 4.13 4.13 4.17 4.25 4.29 4.35 4.47 4.54 4.63 4.72 4.79 4.87 4.94 4.95 4.92 4.90 4.93 4.92 4.95 4.95 4.96 4.99 5.00 5.06 5.21 5.26 5.26 5.35 5.41 5.48 5.56 5.59 5.59 5.58 5.59 5.59 5.60 5.63 5.65 5.67 5.59 5.62 5.63 5.65 5.67 5.70 5.67 5.71 5.76 5.79 5.70 5.50 5.30 5.13 4.96 4.80 4.65 4.53 4.44
4.24 4.21 4.20 4.19 4.17 4.15 4.12 4.09 4.05 4.02 3.99 3.97 3.94 3.91 3.88 3.84 3.80 3.69 3.67 3.68 3.72 3.80 3.86 3.91 3.93 3.97 4.03 4.06 4.14 4.20 4.25 4.34 4.47 4.54 4.62 4.72 4.77 4.82 4.84 4.83 4.86 4.85 4.83 4.88 4.87 4.87 4.89 4.91 4.95 4.97 5.13 5.20 5.27 5.36 5.44 5.51 5.55 5.58 5.59 5.59 5.61 5.63 5.65 5.67 5.60 5.61 5.60 5.70 5.66 5.67 5.65 5.64 5.66 5.67 5.65 5.56 5.40 5.24 5.06 4.89 4.73 4.58 4.53 4.44
4.32 4.28 4.24 4.21 4.18 4.14 4.10 4.05 4.01 3.98 3.95 3.92 3.90 3.88 3.86 3.83 3.81 3.78 3.69 3.69 3.74 3.78 3.81 3.85 3.85 3.88 3.92 3.96 4.03 4.09 4.15 4.24 4.32 4.45 4.52 4.57 4.66 4.70 4.74 4.75 4.77 4.76 4.74 4.78 4.77 4.76 4.78 4.80 4.81 4.87 4.94 5.12 5.18 5.27 5.38 5.45 5.50 5.54 5.58 5.61 5.62 5.64 5.67 5.60 5.62 5.67 5.61 5.62 5.67 5.67 5.63 5.64 5.60 5.58 5.53 5.43 5.31 5.14 4.97 4.82 4.63 4.48 4.42 4.31
4.39 4.34 4.29 4.25 4.19 4.14 4.08 4.02 3.97 3.92 3.89 3.87 3.86 3.85 3.84 3.83 3.82 3.81 3.80 3.82 3.74 3.76 3.78 3.75 3.76 3.79 3.82 3.85 3.92 3.97 4.04 4.13 4.22 4.31 4.43 4.47 4.57 4.61 4.67 4.65 4.69 4.66 4.65 4.67 4.66 4.64 4.66 4.64 4.70 4.77 4.85 5.02 5.11 5.19 5.28 5.39 5.46 5.52 5.57 5.60 5.61 5.65 5.65 5.62 5.64 5.65 5.64 5.64 5.63 5.66 5.61 5.59 5.56 5.52 5.45 5.34 5.20 5.06 4.89 4.72 4.58 4.42 4.27 4.17
4.47 4.41 4.35 4.29 4.22 4.14 4.06 3.99 3.92 3.86 3.83 3.82 3.81 3.82 3.83 3.83 3.83 3.85 3.84 3.85 3.85 3.75 3.75 3.70 3.69 3.69 3.72 3.73 3.79 3.84 3.92 4.02 4.12 4.21 4.29 4.43 4.48 4.56 4.59 4.61 4.61 4.58 4.56 4.57 4.54 4.48 4.49 4.52 4.59 4.68 4.77 4.87 5.03 5.13 5.22 5.30 5.38 5.49 5.54 5.59 5.66 5.63 5.61 5.65 5.68 5.68 5.67 5.66 5.64 5.62 5.59 5.56 5.51 5.48 5.40 5.28 5.15 5.00 4.82 4.67 4.47 4.30 4.14 4.03
4.55 4.48 4.41 4.34 4.25 4.15 4.05 3.95 3.86 3.79 3.76 3.76 3.77 3.79 3.82 3.83 3.85 3.87 3.87 3.87 3.86 3.82 3.68 3.66 3.63 3.60 3.61 3.60 3.65 3.71 3.79 3.92 4.02 4.12 4.21 4.39 4.45 4.49 4.51 4.52 4.53 4.50 4.47 4.42 4.38 4.34 4.33 4.37 4.45 4.55 4.67 4.79 4.90 5.09 5.19 5.28 5.33 5.40 5.46 5.55 5.60 5.57 5.62 5.67 5.70 5.72 5.72 5.70 5.62 5.63 5.60 5.55 5.46 5.42 5.33 5.22 5.08 4.91 4.78 4.57 4.34 4.13 3.95 3.81
4.64 4.57 4.49 4.40 4.29 4.18 4.05 3.92 3.80 3.71 3.68 3.70 3.73 3.78 3.82 3.85 3.87 3.90 3.90 3.90 3.88 3.81 3.78 3.73 3.58 3.52 3.50 3.46 3.49 3.56 3.67 3.81 3.94 4.10 4.23 4.31 4.39 4.43 4.45 4.46 4.46 4.42 4.39 4.27 4.25 4.19 4.17 4.20 4.31 4.44 4.58 4.72 4.85 5.02 5.15 5.25 5.30 5.38 5.44 5.53 5.58 5.57 5.64 5.69 5.74 5.77 5.74 5.70 5.65 5.67 5.58 5.53 5.46 5.38 5.28 5.17 5.01 4.90 4.68 4.46 4.22 3.98 3.74 3.57
4.88 4.80 4.70 4.47 4.35 4.22 4.06 3.90 3.74 3.61 3.58 3.63 3.71 3.77 3.83 3.87 3.90 3.93 3.94 3.93 3.86 3.82 3.78 3.72 3.63 3.46 3.40 3.32 3.33 3.42 3.57 3.73 3.91 4.04 4.14 4.26 4.34 4.39 4.41 4.44 4.42 4.36 4.27 4.19 4.11 4.04 3.97 4.01 4.15 4.32 4.49 4.64 4.86 4.98 5.10 5.22 5.28 5.36 5.45 5.50 5.56 5.63 5.63 5.71 5.78 5.81 5.79 5.73 5.72 5.65 5.57 5.51 5.44 5.36 5.26 5.13 5.01 4.84 4.63 4.40 4.13 3.84 3.55 3.29
5.00 4.92 4.81 4.69 4.55 4.39 4.20 3.99 3.76 3.50 3.50 3.61 3.71 3.80 3.86 3.91 3.94 3.98 3.98 3.92 3.89 3.85 3.80 3.73 3.62 3.51 3.33 3.22 3.14 3.30 3.50 3.72 3.88 4.01 4.12 4.23 4.26 4.36 4.38 4.38 4.34 4.30 4.22 4.14 4.03 3.93 3.79 3.83 4.04 4.26 4.45 4.61 4.84 4.97 5.08 5.18 5.27 5.37 5.43 5.48 5.54 5.54 5.61 5.70 5.81 5.88 5.83 5.75 5.67 5.64 5.58 5.52 5.46 5.35 5.25 5.15 5.01 4.83 4.63 4.38 4.10 3.78 3.42 3.04
5.13 5.05 4.94 4.82 4.67 4.49 4.30 4.08 3.84 3.62 3.61 3.74 3.86 3.95 4.03 4.08 4.11 4.13 4.08 4.06 4.04 3.92 3.86 3.78 3.68 3.52 3.38 3.19 3.12 3.27 3.46 3.67 3.88 4.00 4.07 4.17 4.23 4.29 4.38 4.34 4.33 4.29 4.22 4.14 4.06 3.92 3.79 3.83 4.05 4.26 4.45 4.62 4.85 4.98 5.09 5.19 5.29 5.35 5.41 5.48 5.53 5.60 5.58 5.66 5.76 5.84 5.79 5.70 5.66 5.60 5.55 5.50 5.50 5.43 5.36 5.17 5.03 4.87 4.67 4.42 4.14 3.82 3.46 3.08
5.28 5.20 5.09 4.96 4.81 4.64 4.45 4.25 4.05 3.89 3.85 3.90 3.98 4.05 4.11 4.10 4.12 4.11 4.08 4.06 4.03 3.98 3.92 3.84 3.75 3.64 3.47 3.38 3.31 3.38 3.54 3.68 3.83 3.96 4.09 4.18 4.25 4.26 4.29 4.36 4.35 4.23 4.18 4.14 4.02 4.03 3.92 3.96 4.16 4.33 4.50 4.66 4.88 5.01 5.12 5.22 5.28 5.34 5.39 5.46 5.49 5.54 5.50 5.56 5.62 5.66 5.64 5.60 5.58 5.54 5.55 5.53 5.49 5.45 5.39 5.27 5.10 4.94 4.75 4.53 4.26 3.97 3.67 3.41
5.46 5.37 5.27 5.13 4.98 4.82 4.63 4.45 4.28 4.16 4.10 4.03 4.08 4.13 4.16 4.19 4.17 4.16 4.16 4.14 4.11 4.06 4.00 3.92 3.84 3.74 3.68 3.55 3.54 3.52 3.62 3.76 3.86 4.01 4.08 4.14 4.25 4.29 4.31 4.32 4.31 4.28 4.22 4.17 4.12 4.08 4.09 4.13 4.23 4.36 4.61 4.75 4.92 5.04 5.14 5.24 5.30 5.35 5.40 5.44 5.45 5.47 5.41 5.44 5.47 5.49 5.49 5.47 5.45 5.51 5.51 5.50 5.50 5.48 5.43 5.34 5.24 5.06 4.89 4.68 4.44 4.19 3.95 3.76
6.12 6.02 5.88 5.73 5.17 5.00 4.83 4.58 4.43 4.32 4.25 4.22 4.25 4.22 4.24 4.26 4.27 4.27 4.26 4.23 4.19 4.15 4.09 4.01 3.94 3.90 3.83 3.71 3.70 3.74 3.84 3.79 3.88 3.99 4.13 4.19 4.25 4.29 4.30 4.31 4.35 4.33 4.28 4.25 4.22 4.21 4.22 4.27 4.35 4.48 4.60 4.80 5.00 5.11 5.20 5.29 5.34 5.38 5.40 5.40 5.40 5.39 5.33 5.31 5.31 5.32 5.32 5.33 5.37 5.43 5.45 5.49 5.51 5.52 5.50 5.44 5.36 5.25 5.06 4.88 4.67 4.44 4.24 4.08
6.31 6.21 6.08 5.81 5.64 5.10 5.27 5.11 4.63 4.52 4.45 4.39 4.37 4.36 4.37 4.37 4.38 4.37 4.36 4.33 4.30 4.24 4.16 4.10 4.09 4.03 3.89 3.86 3.85 3.85 3.89 3.88 3.96 4.07 4.14 4.26 4.26 4.30 4.33 4.34 4.35 4.37 4.36 4.34 4.36 4.36 4.38 4.41 4.48 4.56 4.66 4.81 5.01 5.11 5.20 5.26 5.33 5.42 5.41 5.38 5.34 5.25 5.21 5.18 5.15 5.14 5.18 5.20 5.25 5.30 5.42 5.47 5.53 5.57 5.59 5.57 5.52 5.43 5.30 5.13 4.91 4.71 4.52 4.36
6.42 6.33 6.17 6.01 5.84 5.65 5.48 5.32 5.20 5.09 5.00 4.55 4.52 4.50 4.49 4.49 4.49 4.48 4.46 4.44 4.40 4.32 4.26 4.21 4.20 4.15 4.11 3.96 3.95 3.97 4.04 4.09 4.15 4.07 4.16 4.23 4.33 4.38 4.40 4.38 4.42 4.42 4.45 4.44 4.43 4.43 4.45 4.50 4.58 4.66 4.75 4.91 5.04 5.14 5.24 5.30 5.43 5.53 5.49 5.43 5.35 5.28 5.09 5.03 4.98 5.04 4.99 5.04 5.12 5.26 5.36 5.45 5.56 5.61 5.67 5.70 5.68 5.64 5.53 5.38 5.20 4.99 4.74 4.57
6.66 6.54 6.40 6.22 6.04 5.85 5.66 5.51 5.37 5.26 5.16 4.70 4.66 4.63 4.61 4.60 4.60 4.59 4.57 4.55 4.48 4.42 4.37 4.36 4.31 4.26 4.23 4.07 4.06 4.12 4.14 4.19 4.18 4.24 4.31 4.31 4.41 4.46 4.49 4.47 4.51 4.50 4.48 4.47 4.48 4.48 4.56 4.61 4.65 4.73 4.85 4.95 5.06 5.24 5.48 5.53 5.55 5.58 5.51 5.41 5.31 5.19 5.13 5.01 4.79 4.82 4.84 4.98 5.02 5.15 5.30 5.43 5.61 5.71 5.81 5.87 5.89 5.88 5.78 5.66 5.47 5.25 4.98 4.79
6.90 6.80 6.62 6.40 6.20 6.01 5.84 5.68 5.55 5.43 5.34 5.26 5.20 5.14 4.72 4.71 4.70 4.70 4.69 4.65 4.60 4.53 4.51 4.46 4.41 4.32 4.29 4.27 4.11 4.21 4.17 4.20 4.25 4.31 4.38 4.46 4.56 4.61 4.52 4.52 4.54 4.53 4.52 4.56 4.57 4.58 4.62 4.67 4.75 4.82 4.91 5.04 5.34 5.44 5.55 5.65 5.66 5.59 5.48 5.40 5.27 5.11 4.95 4.84 4.69 4.58 4.63 4.78 4.93 5.09 5.22 5.42 5.63 5.81 5.98 6.07 6.11 6.10 6.07 5.96 5.74 5.48 5.20 4.98
7.19 7.03 6.80 6.57 6.35 6.16 5.99 5.84 5.70 5.59 5.49 5.41 5.34 5.27 5.21 5.15 4.80 4.80 4.80 4.77 4.69 4.65 4.60 4.51 4.46 4.41 4.38 4.36 4.19 4.22 4.24 4.27 4.31 4.37 4.44 4.53 4.60 4.67 4.63 4.60 4.61 4.60 4.60 4.64 4.62 4.68 4.71 4.76 4.84 4.91 4.99 5.16 5.42 5.54 5.64 5.74 5.78 5.66 5.50 5.37 5.21 5.03 4.84 4.64 4.47 4.32 4.42 4.61 4.80 4.99 5.17 5.42 5.67 5.93 6.15 6.27 6.31 6.33 6.35 6.30 6.05 5.73 5.42 5.13
7.35 7.14 6.88 6.64 6.40 6.21 6.04 5.89 5.76 5.64 5.62 5.53 5.45 5.38 5.32 5.23 5.17 5.12 5.05 4.88 4.80 4.70 4.64 4.54 4.49 4.44 4.32 4.29 4.21 4.21 4.23 4.23 4.28 4.34 4.42 4.52 4.65 4.74 4.75 4.73 4.65 4.65 4.65 4.67 4.70 4.76 4.80 4.84 4.92 4.98 5.28 5.35 5.46 5.58 5.68 5.80 5.84 5.68 5.50 5.36 5.18 4.99 4.79 4.57 4.32 4.13 4.29 4.51 4.73 4.92 5.14 5.42 5.70 5.99 6.27 6.40 6.44 6.48 6.54 6.54 6.27 5.93 5.61 5.30
7.20 7.09 6.89 6.68 6.47 6.29 6.13 5.99 5.87 5.76 5.66 5.65 5.47 5.40 5.34 5.28 5.23 5.17 5.12 5.07 4.78 4.70 4.60 4.53 4.47 4.42 4.38 4.35 4.16 4.26 4.27 4.27 4.31 4.37 4.44 4.52 4.60 4.67 4.73 4.64 4.68 4.69 4.70 4.73 4.77 4.80 4.88 4.92 4.99 5.04 5.33 5.41 5.48 5.58 5.66 5.72 5.72 5.60 5.44 5.29 5.17 4.98 4.79 4.57 4.40 4.29 4.36 4.55 4.74 4.94 5.17 5.44 5.72 5.99 6.23 6.39 6.47 6.52 6.57 6.54 6.36 6.11 5.85 5.61
6.95 6.89 6.75 6.59 6.42 6.34 6.20 6.08 5.92 5.82 5.73 5.65 5.57 5.51 5.44 5.39 5.33 5.20 5.21 5.17 5.11 4.71 4.64 4.58 4.52 4.47 4.42 4.21 4.20 4.19 4.20 4.29 4.33 4.38 4.44 4.49 4.56 4.62 4.68 4.70 4.60 4.71 4.75 4.78 4.83 4.88 4.95 4.99 5.00 5.28 5.33 5.43 5.48 5.55 5.60 5.62 5.60 5.51 5.39 5.25 5.16 4.96 4.79 4.63 4.52 4.45 4.49 4.60 4.79 4.98 5.20 5.45 5.72 5.97 6.19 6.35 6.46 6.53 6.56 6.53 6.43 6.26 6.09 5.92
6.80 6.76 6.67 6.55 6.42 6.29 6.17 6.10 6.00 5.91 5.82 5.75 5.67 5.54 5.48 5.39 5.34 5.29 5.24 5.25 5.20 5.15 4.68 4.62 4.56 4.51 4.27 4.24 4.22 4.21 4.22 4.31 4.35 4.39 4.44 4.50 4.52 4.58 4.64 4.55 4.60 4.68 4.72 4.78 4.89 4.95 5.00 5.03 5.30 5.33 5.35 5.43 5.46 5.48 5.53 5.49 5.46 5.39 5.33 5.21 5.07 4.98 4.84 4.71 4.63 4.58 4.60 4.68 4.87 5.03 5.23 5.47 5.71 5.95 6.17 6.32 6.44 6.52 6.56 6.56 6.50 6.42 6.32 6.21
6.68 6.66 6.60 6.51 6.41 6.31 6.19 6.09 6.07 5.90 5.83 5.76 5.69 5.56 5.51 5.49 5.47 5.41 5.36 5.34 5.28 5.23 5.18 4.65 4.59 4.54 4.29 4.26 4.23 4.22 4.21 4.32 4.34 4.37 4.41 4.47 4.52 4.53 4.61 4.51 4.59 4.65 4.75 4.79 4.86 4.93 5.19 5.25 5.31 5.36 5.37 5.37 5.39 5.44 5.42 5.41 5.37 5.32 5.27 5.18 5.07 5.01 4.89 4.81 4.72 4.68 4.69 4.75 4.91 5.05 5.24 5.47 5.71 5.94 6.16 6.31 6.44 6.52 6.57 6.60 6.59 6.57 6.54 6.49
6.42 6.41 6.37 6.31 6.24 6.16 6.22 6.14 6.00 5.93 5.76 5.70 5.58 5.52 5.48 5.53 5.56 5.51 5.45 5.39 5.33 5.26 5.20 5.14 4.54 4.48 4.23 4.19 4.22 4.20 4.20 4.24 4.33 4.35 4.38 4.39 4.48 4.45 4.51 4.47 4.50 4.65 4.66 4.76 4.86 4.95 5.22 5.34 5.37 5.36 5.33 5.31 5.35 5.34 5.35 5.33 5.30 5.25 5.16 5.12 5.10 5.01 4.92 4.91 4.85 4.79 4.75 4.79 4.93 5.05 5.23 5.45 5.71 5.95 6.17 6.35 6.47 6.54 6.59 6.64 6.69 6.73 6.77 6.78
6.33 6.33 6.31 6.27 6.23 6.17 6.10 5.97 5.91 5.86 5.80 5.75 5.66 5.62 5.57 5.63 5.57 5.61 5.54 5.47 5.40 5.33 5.26 5.19 4.56 4.50 4.23 4.19 4.17 4.14 4.22 4.24 4.25 4.27 4.30 4.34 4.38 4.40 4.46 4.38 4.46 4.56 4.65 4.79 4.92 5.05 5.32 5.37 5.38 5.38 5.33 5.28 5.25 5.27 5.25 5.25 5.22 5.20 5.13 5.11 5.12 5.05 4.97 4.98 4.90 4.84 4.82 4.83 4.92 5.01 5.18 5.43 5.70 5.98 6.23 6.40 6.51 6.55 6.60 6.67 6.76 6.88 7.02 7.10
6.27 6.28 6.20 6.26 6.15 6.11 6.07 6.02 5.98 5.93 5.88 5.84 5.76 5.71 5.66 5.61 5.55 5.70 5.63 5.56 5.48 5.40 5.32 5.22 5.14 5.06 4.25 4.20 4.16 4.12 4.15 4.21 4.22 4.23 4.25 4.28 4.32 4.34 4.23 4.32 4.41 4.52 4.64 4.79 4.97 5.31 5.42 5.46 5.43 5.35 5.26 5.23 5.18 5.19 5.16 5.17 5.16 5.11 5.10 5.14 5.15 5.10 5.04 5.05 4.97 4.89 4.86 4.85 4.86 4.95 5.10 5.37 5.71 6.05 6.33 6.50 6.56 6.58 6.60 6.65 6.80 7.02 7.25 7.42
6.15 6.17 6.18 6.18 6.16 6.14 6.11 6.08 6.05 6.01 5.97 5.94 5.90 5.82 5.77 5.72 5.66 5.59 5.73 5.65 5.56 5.47 5.35 5.26 5.16 4.94 4.86 4.19 4.14 4.14 4.11 4.10 4.09 4.10 4.19 4.22 4.26 4.27 4.16 4.25 4.34 4.41 4.59 4.76 4.98 5.35 5.53 5.55 5.43 5.31 5.19 5.09 5.08 5.04 5.07 5.06 5.09 5.06 5.09 5.15 5.14 5.17 5.14 5.15 5.05 4.96 4.92 4.89 4.85 4.84 4.97 5.31 5.72 6.14 6.49 6.63 6.62 6.56 6.53 6.58 6.77 7.08 7.44 7.76
6.13 6.16 6.18 6.19 6.19 6.18 6.17 6.15 6.13 6.10 6.08 6.05 6.01 5.93 5.89 5.84 5.78 5.71 5.63 5.75 5.64 5.52 5.41 5.29 5.18 4.94 4.84 4.76 4.15 4.10 4.07 4.05 4.04 4.04 4.06 4.08 4.11 4.22 4.00 4.09 4.19 4.31 4.49 4.67 4.91 5.29 5.56 5.59 5.36 5.18 5.07 4.97 4.90 4.91 4.90 4.92 4.99 5.03 5.07 5.12 5.20 5.22 5.23 5.30 5.20 5.07 5.05 5.02 4.94 4.83 4.88 5.30 5.75 6.20 6.64 6.74 6.62 6.51 6.43 6.42 6.68 7.05 7.48 7.97
6.13 6.16 6.19 6.21 6.23 6.24 6.24 6.23 6.22 6.21 6.19 6.17 6.12 6.09 6.02 5.97 5.91 5.84 5.85 5.75 5.63 5.59 5.46 5.32 5.05 4.93 4.82 4.79 4.70 4.06 4.01 3.99 3.98 3.97 3.98 3.98 4.01 4.18 4.14 4.20 4.07 4.18 4.37 4.54 4.86 5.06 5.25 5.28 5.13 4.97 4.85 4.76 4.74 4.71 4.77 4.81 4.83 4.93 5.06 5.14 5.23 5.35 5.40 5.41 5.43 5.36 5.32 5.27 5.17 5.07 5.12 5.40 5.76 6.13 6.47 6.58 6.51 6.42 6.36 6.39 6.61 6.91 7.29 7.66
6.14 6.19 6.23 6.26 6.29 6.31 6.33 6.34 6.34 6.34 6.33 6.29 6.27 6.22 6.18 6.13 6.07 6.09 5.99 5.87 5.74 5.59 5.51 5.22 5.06 4.91 4.85 4.72 4.62 4.53 3.95 3.92 3.88 3.88 3.89 3.90 3.92 4.07 4.03 4.07 4.12 4.18 4.18 4.31 4.58 4.72 4.83 4.85 4.78 4.68 4.59 4.54 4.55 4.53 4.60 4.63 4.72 4.86 5.00 5.17 5.33 5.51 5.62 5.70 5.78 5.75 5.70 5.62 5.53 5.43 5.45 5.58 5.80 6.05 6.24 6.33 6.32 6.29 6.27 6.33 6.48 6.67 6.92 7.12
6.17 6.23 6.28 6.33 6.37 6.41 6.44 6.46 6.47 6.48 6.46 6.43 6.41 6.39 6.36 6.31 6.24 6.19 6.08 6.01 5.86 5.68 5.49 5.19 5.00 4.82 4.79 4.64 4.51 4.42 4.35 3.81 3.79 3.79 3.80 3.81 3.83 3.96 3.97 3.92 3.95 3.98 3.95 4.03 4.25 4.34 4.40 4.42 4.39 4.35 4.31 4.28 4.27 4.31 4.39 4.46 4.59 4.76 4.98 5.20 5.44 5.70 5.89 6.03 6.12 6.19 6.15 6.05 5.90 5.79 5.74 5.75 5.86 5.95 6.05 6.10 6.12 6.11 6.13 6.18 6.27 6.36 6.49 6.58
6.22 6.29 6.36 6.42 6.48 6.53 6.57 6.58 6.61 6.63 6.61 6.61 6.60 6.58 6.55 6.51 6.45 6.38 6.27 6.12 5.94 5.73 5.46 5.23 5.00 4.78 4.59 4.53 4.38 4.27 3.79 3.75 3.70 3.70 3.71 3.72 3.83 3.83 3.83 3.76 3.76 3.76 3.69 3.88 3.91 3.96 3.97 4.00 4.00 4.00 3.99 3.99 4.00 4.03 4.16 4.28 4.43 4.65 4.93 5.23 5.57 5.92 6.20 6.43 6.58 6.71 6.61 6.49 6.31 6.14 5.99 5.89 5.84 5.86 5.87 5.89 5.91 5.93 5.95 5.98 6.01 6.05 6.08 6.11
6.19 6.28 6.36 6.44 6.52 6.65 6.71 6.75 6.79 6.79 6.81 6.81 6.81 6.80 6.77 6.73 6.67 6.61 6.48 6.32 6.10 5.87 5.54 5.27 4.99 4.73 4.49 4.39 4.22 4.10 3.67 3.63 3.62 3.64 3.65 3.67 3.67 3.67 3.66 3.62 3.58 3.53 3.57 3.54 3.54 3.55 3.57 3.57 3.59 3.63 3.65 3.68 3.68 3.73 3.87 4.01 4.21 4.51 4.84 5.26 5.68 6.15 6.54 6.88 7.11 7.21 7.18 7.00 6.74 6.46 6.20 5.99 5.83 5.75 5.69 5.68 5.70 5.74 5.77 5.77 5.74 5.69 5.63 5.58
6.27 6.37 6.47 6.57 6.73 6.81 6.89 6.95 6.97 7.01 7.03 7.04 7.04 7.03 7.01 6.97 6.92 6.84 6.74 6.55 6.31 6.01 5.63 5.30 4.98 4.66 4.44 4.19 4.08 3.94 3.86 3.50 3.50 3.52 3.54 3.57 3.58 3.57 3.54 3.46 3.37 3.28 3.26 3.21 3.16 3.14 3.14 3.15 3.20 3.26 3.33 3.38 3.40 3.45 3.53 3.73 3.97 4.31 4.74 5.27 5.80 6.36 6.91 7.37 7.72 7.81 7.82 7.55 7.17 6.76 6.38 6.05 5.78 5.60 5.48 5.44 5.48 5.55 5.60 5.59 5.50 5.34 5.17 5.03
6.37 6.49 6.61 6.79 6.90 7.01 7.10 7.15 7.21 7.26 7.29 7.30 7.30 7.28 7.26 7.23 7.19 7.18 7.03 6.81 6.52 6.11 5.77 5.38 5.00 4.63 4.29 3.99 3.82 3.68 3.61 3.34 3.36 3.38 3.42 3.47 3.50 3.48 3.43 3.31 3.16 3.01 2.94 2.85 2.79 2.74 2.72 2.74 2.82 2.92 3.02 3.10 3.13 3.17 3.23 3.41 3.67 4.08 4.62 5.25 5.89 6.55 7.24 7.90 8.41 8.60 8.53 8.12 7.57 7.02 6.50 6.06 5.68 5.39 5.20 5.18 5.26 5.39 5.48 5.47 5.30 5.03 4.71 4.45
6.47 6.62 6.83 6.97 7.10 7.23 7.31 7.41 7.49 7.54 7.57 7.58 7.57 7.55 7.58 7.55 7.51 7.47 7.41 7.16 6.77 6.29 5.84 5.39 4.96 4.53 4.12 3.75 3.53 3.40 3.18 3.18 3.20 3.24 3.30 3.36 3.42 3.43 3.34 3.16 2.96 2.75 2.61 2.52 2.45 2.37 2.30 2.33 2.47 2.63 2.82 2.93 2.99 3.01 3.02 3.08 3.33 3.82 4.53 5.19 5.94 6.72 7.54 8.37 9.11 9.51 9.27 8.65 7.90 7.19 6.56 6.03 5.56 5.16 4.88 4.86 5.04 5.27 5.45 5.47 5.21 4.77 4.26 3.83
6.59 6.83 6.99 7.16 7.23 7.45 7.59 7.71 7.80 7.87 7.90 7.90 7.94 7.90 7.84 7.79 7.74 7.75 7.72 7.48 6.94 6.39 5.88 5.38 4.91 4.44 3.98 3.52 3.19 3.02 3.01 3.02 3.03 3.08 3.15 3.24 3.33 3.40 3.26 3.02 2.77 2.50 2.30 2.25 2.19 2.08 1.93 1.96 2.25 2.47 2.64 2.77 2.83 2.84 2.81 2.75 2.92 3.65 4.41 5.19 6.02 6.85 7.70 8.66 9.68 10.51 9.94 8.99 8.08 7.25 6.54 5.98 5.46 4.97 4.52 4.54 4.86 5.18 5.47 5.61 5.21 4.61 3.94 3.24
6.74 6.93 7.13 7.33 7.50 7.69 7.87 8.01 8.12 8.29 8.32 8.30 8.24 8.17 8.08 7.98 7.96 7.88 7.79 7.51 6.92 6.37 5.84 5.32 4.83 4.35 3.87 3.42 3.08 2.99 2.88 2.88 2.89 2.91 2.98 3.06 3.14 3.20 3.09 2.87 2.63 2.38 2.19 2.13 2.07 1.97 1.84 1.90 2.16 2.38 2.56 2.68 2.77 2.79 2.77 2.75 2.95 3.64 4.39 5.20 5.99 6.81 7.67 8.62 9.56 10.29 9.82 8.89 8.03 7.22 6.51 5.95 5.43 4.95 4.53 4.51 4.83 5.12 5.39 5.48 5.11 4.53 3.88 3.22
