data/Validacao/F181115.grd
DSAA
94	94
0.0000	100.0000
0.0000	100.0000
3.3232	7.8199
[rows 38 to 75 of 94, columns 0 to 83 of 94]
3.79 3.78 3.77 3.76 3.76 3.75 3.73 3.72 3.71 3.70 3.69 3.69 3.68 3.68 3.69 3.69 3.66 3.67 3.68 3.69 3.72 3.74 3.75 3.78 3.80 3.81 3.80 3.81 3.85 3.87 3.89 3.94 3.97 4.01 4.03 4.08 4.13 4.18 4.21 4.23 4.25 4.29 4.31 4.32 4.31 4.32 4.33 4.33 4.34 4.38 4.37 4.34 4.33 4.31 4.29 4.26 4.28 4.25 4.23 4.20 4.17 4.15 4.16 4.15 4.15 4.11 4.13 4.11 4.09 4.09 4.10 4.14 4.16 4.18 4.20 4.21 4.21 4.21 4.20 4.21 4.20 4.20 4.20 4.21
3.87 3.85 3.83 3.82 3.81 3.79 3.78 3.77 3.75 3.74 3.73 3.72 3.71 3.70 3.70 3.70 3.69 3.66 3.67 3.68 3.69 3.71 3.72 3.73 3.73 3.73 3.74 3.75 3.78 3.80 3.82 3.86 3.90 3.94 3.98 4.01 4.03 4.07 4.10 4.12 4.18 4.20 4.21 4.22 4.23 4.24 4.24 4.24 4.25 4.25 4.28 4.27 4.25 4.25 4.23 4.21 4.22 4.21 4.19 4.17 4.16 4.15 4.14 4.13 4.10 4.09 4.08 4.12 4.13 4.12 4.10 4.14 4.16 4.18 4.20 4.20 4.21 4.21 4.21 4.21 4.20 4.20 4.17 4.19
3.94 3.92 3.90 3.88 3.87 3.85 3.83 3.81 3.79 3.78 3.76 3.75 3.74 3.73 3.72 3.72 3.71 3.70 3.66 3.67 3.68 3.69 3.69 3.70 3.68 3.68 3.69 3.69 3.71 3.73 3.76 3.79 3.82 3.87 3.90 3.95 3.96 3.99 4.02 4.05 4.08 4.11 4.13 4.13 4.14 4.15 4.16 4.16 4.17 4.18 4.18 4.20 4.20 4.19 4.21 4.20 4.19 4.17 4.15 4.15 4.14 4.13 4.12 4.10 4.08 4.09 4.10 4.10 4.12 4.12 4.13 4.15 4.16 4.18 4.19 4.20 4.21 4.21 4.21 4.22 4.20 4.21 4.18 4.20
4.03 4.00 3.98 3.96 3.93 3.91 3.88 3.86 3.84 3.82 3.80 3.79 3.77 3.76 3.76 3.74 3.73 3.72 3.71 3.70 3.67 3.67 3.67 3.65 3.64 3.63 3.62 3.63 3.64 3.66 3.68 3.71 3.75 3.80 3.83 3.86 3.90 3.94 3.94 3.97 3.99 4.02 4.03 4.05 4.05 4.07 4.08 4.09 4.09 4.11 4.12 4.16 4.15 4.17 4.17 4.16 4.15 4.15 4.14 4.13 4.12 4.11 4.09 4.10 4.09 4.09 4.09 4.09 4.10 4.12 4.13 4.15 4.16 4.17 4.18 4.20 4.21 4.22 4.22 4.22 4.19 4.20 4.20 4.20
4.11 4.08 4.06 4.03 4.00 3.97 3.94 3.91 3.89 3.86 3.84 3.82 3.81 3.79 3.78 3.77 3.76 3.74 3.74 3.72 3.70 3.67 3.66 3.64 3.61 3.59 3.58 3.56 3.59 3.58 3.61 3.64 3.67 3.73 3.75 3.78 3.81 3.87 3.86 3.90 3.94 3.97 3.99 3.99 4.00 4.01 4.02 4.04 4.07 4.08 4.10 4.14 4.14 4.14 4.14 4.14 4.14 4.13 4.12 4.11 4.11 4.08 4.09 4.08 4.07 4.07 4.07 4.08 4.09 4.10 4.14 4.15 4.17 4.15 4.16 4.17 4.19 4.20 4.20 4.18 4.18 4.18 4.18 4.19
4.22 4.17 4.14 4.11 4.08 4.04 4.01 3.97 3.94 3.91 3.89 3.87 3.85 3.83 3.82 3.81 3.79 3.77 3.75 3.73 3.71 3.69 3.64 3.61 3.58 3.56 3.53 3.52 3.51 3.53 3.55 3.58 3.61 3.65 3.68 3.71 3.74 3.80 3.83 3.85 3.89 3.92 3.94 3.96 3.94 3.98 4.00 4.02 4.01 4.08 4.11 4.14 4.18 4.16 4.18 4.18 4.16 4.16 4.15 4.13 4.12 4.10 4.08 4.07 4.06 4.06 4.06 4.07 4.09 4.12 4.12 4.13 4.18 4.17 4.18 4.20 4.21 4.21 4.19 4.19 4.19 4.19 4.19 4.19
4.31 4.28 4.25 4.19 4.16 4.12 4.08 4.03 3.99 3.96 3.93 3.91 3.90 3.88 3.87 3.85 3.84 3.81 3.79 3.77 3.74 3.70 3.64 3.61 3.57 3.52 3.50 3.46 3.45 3.46 3.49 3.52 3.56 3.59 3.63 3.66 3.72 3.75 3.81 3.81 3.85 3.88 3.90 3.92 3.93 3.94 3.95 3.98 4.01 4.05 4.09 4.13 4.17 4.19 4.19 4.19 4.16 4.15 4.15 4.13 4.12 4.10 4.08 4.06 4.05 4.05 4.05 4.07 4.10 4.13 4.13 4.14 4.17 4.18 4.20 4.21 4.23 4.21 4.22 4.21 4.21 4.20 4.19 4.19
4.41 4.38 4.34 4.30 4.25 4.20 4.15 4.10 4.06 4.01 3.98 3.97 3.95 3.94 3.92 3.91 3.89 3.86 3.84 3.80 3.77 3.73 3.69 3.61 3.56 3.51 3.46 3.42 3.39 3.41 3.44 3.48 3.51 3.55 3.60 3.65 3.69 3.72 3.78 3.81 3.82 3.86 3.88 3.89 3.90 3.91 3.92 3.94 3.99 4.04 4.09 4.13 4.18 4.19 4.21 4.21 4.16 4.16 4.19 4.13 4.12 4.11 4.08 4.06 4.05 4.03 4.05 4.07 4.12 4.14 4.15 4.16 4.18 4.20 4.24 4.25 4.24 4.24 4.25 4.24 4.23 4.22 4.20 4.19
4.51 4.48 4.44 4.39 4.35 4.29 4.24 4.18 4.12 4.07 4.04 4.03 4.02 4.00 3.99 3.97 3.95 3.92 3.89 3.85 3.81 3.77 3.72 3.63 3.57 3.51 3.46 3.38 3.33 3.37 3.42 3.44 3.49 3.54 3.58 3.64 3.68 3.72 3.76 3.80 3.83 3.85 3.87 3.88 3.89 3.89 3.89 3.92 3.98 4.04 4.10 4.14 4.19 4.21 4.24 4.24 4.17 4.25 4.22 4.15 4.14 4.11 4.09 4.07 4.02 4.03 4.05 4.07 4.11 4.17 4.19 4.21 4.23 4.24 4.27 4.26 4.27 4.28 4.29 4.28 4.27 4.25 4.23 4.20
4.63 4.58 4.54 4.49 4.44 4.39 4.33 4.27 4.21 4.15 4.12 4.10 4.09 4.08 4.06 4.04 4.01 3.98 3.95 3.91 3.86 3.81 3.77 3.66 3.61 3.54 3.47 3.40 3.32 3.36 3.40 3.44 3.49 3.54 3.60 3.64 3.69 3.72 3.77 3.80 3.84 3.87 3.87 3.89 3.90 3.90 3.90 3.94 4.01 4.07 4.13 4.20 4.23 4.24 4.25 4.28 4.27 4.26 4.26 4.23 4.20 4.12 4.08 4.06 4.04 4.04 4.06 4.09 4.17 4.20 4.22 4.24 4.26 4.28 4.31 4.30 4.32 4.34 4.34 4.34 4.33 4.31 4.28 4.25
4.74 4.70 4.65 4.61 4.55 4.49 4.44 4.37 4.31 4.26 4.22 4.19 4.17 4.15 4.13 4.11 4.09 4.05 4.02 3.98 3.93 3.88 3.82 3.74 3.66 3.59 3.53 3.47 3.41 3.42 3.45 3.47 3.51 3.57 3.62 3.66 3.70 3.74 3.78 3.82 3.86 3.89 3.89 3.92 3.93 3.95 3.97 4.01 4.06 4.12 4.18 4.25 4.27 4.28 4.30 4.30 4.33 4.31 4.29 4.27 4.24 4.15 4.11 4.10 4.09 4.09 4.10 4.15 4.20 4.23 4.24 4.27 4.30 4.33 4.36 4.40 4.38 4.40 4.41 4.41 4.40 4.39 4.37 4.35
4.85 4.81 4.76 4.71 4.66 4.60 4.54 4.48 4.42 4.37 4.33 4.29 4.27 4.24 4.22 4.19 4.17 4.13 4.10 4.05 4.00 3.95 3.88 3.81 3.72 3.66 3.60 3.55 3.48 3.47 3.48 3.51 3.55 3.60 3.65 3.69 3.73 3.77 3.81 3.85 3.88 3.92 3.94 3.96 3.98 4.01 4.04 4.08 4.13 4.19 4.24 4.31 4.33 4.34 4.36 4.36 4.35 4.34 4.34 4.30 4.27 4.24 4.16 4.14 4.13 4.15 4.16 4.18 4.21 4.25 4.27 4.31 4.35 4.38 4.41 4.45 4.48 4.47 4.49 4.49 4.49 4.48 4.47 4.46
4.96 4.92 4.88 4.82 4.77 4.71 4.64 4.58 4.52 4.47 4.43 4.39 4.36 4.33 4.31 4.28 4.26 4.22 4.18 4.14 4.08 4.04 3.97 3.89 3.80 3.72 3.66 3.61 3.56 3.55 3.56 3.57 3.61 3.64 3.68 3.71 3.76 3.80 3.84 3.91 3.96 4.00 3.98 4.04 4.07 4.09 4.12 4.17 4.22 4.27 4.32 4.36 4.40 4.42 4.43 4.43 4.42 4.38 4.37 4.35 4.34 4.30 4.27 4.21 4.20 4.19 4.20 4.22 4.23 4.28 4.32 4.36 4.40 4.44 4.47 4.52 4.55 4.57 4.58 4.59 4.59 4.59 4.58 4.58
5.07 5.04 4.99 4.93 4.87 4.81 4.75 4.69 4.63 4.58 4.53 4.49 4.46 4.43 4.40 4.38 4.35 4.32 4.28 4.24 4.18 4.12 4.06 3.99 3.87 3.81 3.75 3.70 3.65 3.64 3.64 3.64 3.65 3.70 3.72 3.79 3.83 3.86 3.90 3.96 4.01 4.05 4.06 4.10 4.14 4.18 4.21 4.25 4.30 4.35 4.41 4.45 4.48 4.50 4.51 4.50 4.47 4.45 4.43 4.41 4.38 4.39 4.35 4.31 4.28 4.24 4.22 4.24 4.27 4.31 4.34 4.41 4.45 4.50 4.54 4.59 4.63 4.66 4.68 4.69 4.70 4.70 4.70 4.69
5.21 5.17 5.12 5.05 4.99 4.92 4.85 4.78 4.72 4.67 4.62 4.58 4.55 4.52 4.49 4.46 4.44 4.41 4.38 4.34 4.29 4.23 4.15 4.06 3.96 3.90 3.84 3.76 3.73 3.71 3.71 3.72 3.73 3.79 3.81 3.84 3.87 3.92 3.97 4.01 4.05 4.09 4.12 4.14 4.19 4.23 4.30 4.35 4.40 4.43 4.48 4.54 4.55 4.57 4.59 4.57 4.55 4.53 4.51 4.48 4.45 4.45 4.41 4.36 4.33 4.26 4.26 4.28 4.31 4.35 4.39 4.46 4.51 4.55 4.60 4.66 4.72 4.75 4.78 4.80 4.81 4.82 4.82 4.82
5.32 5.28 5.22 5.16 5.08 5.01 4.94 4.87 4.81 4.76 4.71 4.67 4.64 4.61 4.58 4.55 4.54 4.52 4.49 4.45 4.40 4.32 4.24 4.15 4.07 3.98 3.90 3.86 3.82 3.80 3.79 3.83 3.83 3.86 3.88 3.90 3.93 3.98 4.02 4.07 4.11 4.15 4.17 4.22 4.26 4.31 4.38 4.43 4.49 4.52 4.60 4.62 4.64 4.66 4.68 4.66 4.64 4.62 4.59 4.55 4.52 4.52 4.48 4.43 4.38 4.31 4.31 4.35 4.36 4.39 4.44 4.49 4.56 4.62 4.68 4.75 4.80 4.84 4.89 4.92 4.93 4.93 4.93 4.93
5.45 5.40 5.33 5.26 5.18 5.10 5.02 4.95 4.89 4.84 4.79 4.75 4.72 4.69 4.67 4.65 4.63 4.62 4.60 4.57 4.50 4.41 4.32 4.24 4.16 4.07 4.01 3.95 3.90 3.88 3.88 3.91 3.92 3.93 3.94 3.99 4.01 4.04 4.07 4.11 4.17 4.22 4.24 4.29 4.34 4.39 4.47 4.52 4.57 4.65 4.68 4.71 4.74 4.75 4.76 4.75 4.76 4.72 4.68 4.63 4.61 4.58 4.52 4.49 4.44 4.35 4.39 4.39 4.41 4.44 4.49 4.55 4.63 4.70 4.77 4.84 4.90 4.95 5.00 5.03 5.04 5.03 5.04 5.03
5.56 5.50 5.42 5.33 5.25 5.17 5.09 5.02 4.96 4.91 4.86 4.82 4.79 4.77 4.75 4.74 4.73 4.73 4.72 4.68 4.59 4.50 4.41 4.32 4.25 4.15 4.09 4.04 3.98 3.99 3.97 4.00 3.99 4.00 4.03 4.05 4.07 4.09 4.13 4.17 4.22 4.28 4.31 4.37 4.42 4.47 4.52 4.60 4.69 4.73 4.76 4.77 4.81 4.83 4.85 4.88 4.87 4.82 4.76 4.71 4.68 4.65 4.59 4.53 4.50 4.40 4.43 4.44 4.46 4.49 4.54 4.61 4.69 4.78 4.86 4.93 4.99 5.05 5.11 5.15 5.16 5.15 5.13 5.13
5.64 5.57 5.48 5.39 5.30 5.22 5.15 5.08 5.02 4.97 4.92 4.88 4.85 4.82 4.81 4.80 4.81 4.81 4.81 4.76 4.67 4.57 4.48 4.40 4.32 4.21 4.17 4.14 4.09 4.07 4.10 4.07 4.06 4.09 4.10 4.11 4.13 4.15 4.19 4.23 4.28 4.33 4.37 4.43 4.48 4.56 4.61 4.68 4.75 4.76 4.82 4.85 4.88 4.90 4.93 4.96 4.95 4.90 4.84 4.79 4.73 4.73 4.66 4.59 4.53 4.55 4.49 4.51 4.53 4.56 4.60 4.68 4.77 4.85 4.94 5.01 5.07 5.14 5.21 5.26 5.26 5.24 5.23 5.21
5.62 5.58 5.50 5.42 5.34 5.26 5.19 5.12 5.07 5.01 4.96 4.93 4.90 4.87 4.86 4.85 4.86 4.85 4.83 4.79 4.71 4.62 4.54 4.46 4.33 4.28 4.24 4.15 4.16 4.19 4.16 4.14 4.15 4.14 4.15 4.17 4.19 4.21 4.25 4.29 4.34 4.40 4.44 4.50 4.56 4.62 4.69 4.76 4.80 4.84 4.89 4.92 4.94 4.98 4.99 5.01 4.98 4.95 4.90 4.86 4.80 4.80 4.74 4.67 4.62 4.64 4.55 4.57 4.62 4.65 4.70 4.77 4.84 4.93 5.01 5.08 5.14 5.20 5.26 5.30 5.31 5.31 5.28 5.27
5.56 5.56 5.51 5.42 5.35 5.28 5.22 5.15 5.09 5.04 5.00 4.96 4.93 4.91 4.90 4.89 4.88 4.87 4.84 4.80 4.73 4.66 4.54 4.46 4.40 4.36 4.32 4.28 4.23 4.25 4.22 4.23 4.21 4.20 4.21 4.22 4.24 4.27 4.31 4.35 4.40 4.44 4.50 4.57 4.63 4.67 4.73 4.81 4.86 4.91 4.92 4.97 5.00 5.03 5.02 5.02 5.01 4.98 4.96 4.89 4.88 4.83 4.78 4.76 4.77 4.73 4.71 4.66 4.71 4.75 4.80 4.86 4.93 5.00 5.08 5.14 5.20 5.26 5.31 5.35 5.37 5.37 5.35 5.33
5.53 5.50 5.46 5.41 5.35 5.29 5.23 5.17 5.11 5.06 5.02 4.99 4.96 4.94 4.93 4.91 4.89 4.88 4.85 4.81 4.76 4.68 4.66 4.51 4.46 4.42 4.38 4.33 4.29 4.30 4.26 4.24 4.26 4.25 4.24 4.28 4.30 4.33 4.36 4.40 4.45 4.50 4.56 4.58 4.68 4.75 4.81 4.89 4.92 4.96 4.98 5.00 5.06 5.07 5.06 5.06 5.05 5.02 4.99 4.95 4.95 4.90 4.86 4.85 4.86 4.82 4.74 4.76 4.80 4.85 4.90 4.95 5.02 5.08 5.14 5.20 5.26 5.31 5.36 5.39 5.42 5.41 5.40 5.39
5.49 5.48 5.45 5.40 5.35 5.29 5.24 5.18 5.12 5.07 5.04 5.00 4.98 4.96 4.95 4.93 4.91 4.89 4.87 4.83 4.78 4.71 4.65 4.63 4.51 4.47 4.43 4.39 4.35 4.34 4.32 4.30 4.28 4.29 4.29 4.31 4.33 4.38 4.41 4.44 4.48 4.54 4.62 4.65 4.72 4.83 4.89 4.96 4.99 5.03 5.04 5.05 5.11 5.12 5.10 5.09 5.08 5.06 5.04 5.00 5.02 4.98 4.94 4.99 4.94 4.91 4.83 4.85 4.88 4.93 4.99 5.05 5.10 5.17 5.21 5.27 5.32 5.37 5.40 5.44 5.45 5.46 5.46 5.45
5.47 5.46 5.43 5.40 5.35 5.29 5.23 5.18 5.12 5.08 5.04 5.01 4.99 4.98 4.96 4.94 4.92 4.90 4.88 4.84 4.79 4.74 4.72 4.67 4.55 4.51 4.47 4.44 4.44 4.41 4.37 4.35 4.37 4.36 4.35 4.36 4.38 4.41 4.45 4.49 4.53 4.54 4.62 4.74 4.82 4.91 4.97 5.05 5.09 5.12 5.14 5.15 5.15 5.13 5.14 5.12 5.14 5.12 5.09 5.09 5.11 5.08 5.04 5.06 5.01 4.99 4.91 4.93 4.97 5.01 5.09 5.14 5.20 5.27 5.29 5.35 5.39 5.42 5.45 5.47 5.48 5.50 5.51 5.51
5.47 5.46 5.43 5.38 5.34 5.28 5.23 5.17 5.11 5.07 5.04 5.01 5.00 4.98 4.97 4.96 4.94 4.92 4.89 4.86 4.82 4.80 4.76 4.63 4.59 4.55 4.56 4.52 4.48 4.45 4.42 4.44 4.41 4.40 4.41 4.41 4.44 4.46 4.50 4.53 4.53 4.59 4.66 4.75 4.88 4.97 5.06 5.11 5.16 5.18 5.19 5.19 5.19 5.16 5.17 5.16 5.16 5.14 5.13 5.14 5.16 5.13 5.10 5.10 5.09 5.07 4.99 5.02 5.05 5.09 5.17 5.22 5.28 5.34 5.38 5.42 5.45 5.47 5.49 5.51 5.51 5.54 5.56 5.57
5.45 5.43 5.40 5.37 5.32 5.27 5.22 5.16 5.10 5.05 5.02 5.01 5.00 4.99 4.98 4.97 4.96 4.94 4.91 4.88 4.85 4.82 4.79 4.73 4.69 4.63 4.59 4.55 4.52 4.48 4.46 4.47 4.45 4.45 4.44 4.45 4.47 4.51 4.54 4.54 4.56 4.66 4.73 4.81 4.92 5.04 5.12 5.17 5.22 5.23 5.22 5.22 5.21 5.20 5.19 5.19 5.18 5.17 5.17 5.23 5.20 5.18 5.16 5.17 5.17 5.14 5.07 5.10 5.13 5.17 5.25 5.30 5.37 5.43 5.47 5.51 5.52 5.52 5.52 5.54 5.54 5.57 5.61 5.63
5.42 5.41 5.39 5.35 5.31 5.26 5.21 5.15 5.09 5.03 5.01 5.01 5.00 5.00 5.00 4.99 4.98 4.96 4.94 4.91 4.89 4.85 4.79 4.76 4.71 4.67 4.63 4.59 4.55 4.52 4.53 4.50 4.47 4.47 4.49 4.52 4.56 4.55 4.55 4.61 4.63 4.65 4.71 4.81 4.93 5.06 5.20 5.23 5.27 5.25 5.24 5.23 5.22 5.21 5.20 5.20 5.20 5.26 5.25 5.26 5.25 5.22 5.25 5.23 5.24 5.22 5.16 5.18 5.21 5.25 5.31 5.37 5.45 5.51 5.57 5.59 5.59 5.57 5.55 5.54 5.56 5.61 5.65 5.69
5.47 5.39 5.37 5.34 5.30 5.26 5.21 5.15 5.08 5.02 5.00 5.01 5.01 5.02 5.02 5.01 5.00 4.99 4.97 4.95 4.92 4.85 4.82 4.80 4.74 4.71 4.67 4.63 4.59 4.56 4.56 4.53 4.49 4.49 4.51 4.55 4.64 4.62 4.68 4.68 4.63 4.64 4.68 4.79 4.93 5.07 5.23 5.29 5.28 5.25 5.23 5.22 5.21 5.21 5.20 5.26 5.26 5.26 5.25 5.26 5.28 5.28 5.30 5.34 5.31 5.30 5.22 5.26 5.31 5.33 5.37 5.44 5.52 5.59 5.65 5.67 5.64 5.61 5.57 5.54 5.59 5.65 5.69 5.74
5.44 5.42 5.40 5.36 5.32 5.28 5.22 5.17 5.11 5.05 5.03 5.05 5.05 5.04 5.04 5.04 5.03 5.02 5.00 4.98 4.96 4.94 4.91 4.88 4.82 4.78 4.71 4.67 4.64 4.73 4.68 4.64 4.60 4.59 4.60 4.58 4.61 4.64 4.64 4.64 4.66 4.68 4.73 4.83 4.96 5.09 5.16 5.21 5.26 5.26 5.25 5.23 5.24 5.23 5.23 5.24 5.25 5.25 5.26 5.29 5.30 5.32 5.35 5.35 5.34 5.37 5.31 5.34 5.38 5.43 5.47 5.53 5.57 5.64 5.70 5.72 5.70 5.67 5.63 5.61 5.64 5.68 5.72 5.75
5.42 5.41 5.38 5.36 5.32 5.28 5.24 5.20 5.15 5.11 5.09 5.08 5.09 5.09 5.09 5.09 5.08 5.11 5.10 5.07 5.00 4.98 4.95 4.93 4.86 4.83 4.83 4.79 4.75 4.76 4.71 4.67 4.63 4.61 4.58 4.59 4.61 4.62 4.62 4.62 4.62 4.66 4.71 4.79 4.89 4.99 5.08 5.14 5.22 5.18 5.18 5.17 5.18 5.18 5.19 5.21 5.21 5.23 5.25 5.30 5.32 5.35 5.37 5.40 5.41 5.45 5.40 5.43 5.46 5.50 5.52 5.58 5.64 5.70 5.74 5.76 5.75 5.73 5.70 5.70 5.69 5.71 5.73 5.75
5.40 5.39 5.38 5.36 5.33 5.30 5.27 5.24 5.21 5.18 5.16 5.15 5.15 5.15 5.15 5.12 5.14 5.13 5.12 5.15 5.11 5.09 5.05 5.02 4.99 4.89 4.85 4.82 4.78 4.79 4.74 4.70 4.66 4.61 4.60 4.61 4.61 4.61 4.61 4.60 4.60 4.61 4.64 4.73 4.80 4.88 4.95 5.06 5.10 5.13 5.10 5.10 5.12 5.13 5.14 5.15 5.17 5.20 5.23 5.27 5.33 5.38 5.41 5.45 5.47 5.53 5.48 5.52 5.55 5.59 5.61 5.66 5.71 5.75 5.79 5.80 5.80 5.78 5.77 5.76 5.74 5.74 5.75 5.74
5.39 5.39 5.38 5.36 5.34 5.32 5.30 5.27 5.25 5.23 5.21 5.21 5.20 5.20 5.20 5.19 5.19 5.18 5.19 5.17 5.14 5.12 5.08 5.05 5.02 4.98 4.89 4.85 4.82 4.82 4.78 4.73 4.66 4.64 4.63 4.62 4.61 4.60 4.59 4.57 4.57 4.57 4.59 4.63 4.71 4.77 4.82 4.93 4.98 5.02 5.05 5.06 5.05 5.06 5.08 5.10 5.13 5.17 5.21 5.26 5.34 5.41 5.45 5.50 5.53 5.56 5.56 5.60 5.64 5.68 5.70 5.74 5.78 5.81 5.84 5.85 5.86 5.84 5.82 5.81 5.78 5.77 5.76 5.74
5.39 5.39 5.39 5.38 5.36 5.36 5.34 5.31 5.29 5.28 5.27 5.26 5.26 5.25 5.25 5.24 5.23 5.25 5.23 5.18 5.15 5.15 5.10 5.08 5.05 5.02 4.93 4.92 4.91 4.86 4.76 4.73 4.70 4.67 4.65 4.64 4.61 4.59 4.57 4.54 4.53 4.52 4.53 4.55 4.58 4.66 4.70 4.81 4.86 4.91 4.95 5.00 4.97 4.99 5.01 5.04 5.07 5.12 5.18 5.25 5.32 5.43 5.49 5.56 5.60 5.64 5.64 5.69 5.73 5.76 5.78 5.81 5.84 5.86 5.89 5.89 5.87 5.86 5.84 5.83 5.82 5.80 5.78 5.75
5.39 5.39 5.39 5.39 5.41 5.39 5.37 5.36 5.34 5.33 5.32 5.31 5.31 5.31 5.31 5.30 5.31 5.29 5.27 5.26 5.24 5.17 5.13 5.11 5.08 5.05 4.97 4.94 4.95 4.89 4.80 4.77 4.73 4.70 4.68 4.65 4.62 4.59 4.56 4.52 4.48 4.46 4.46 4.46 4.49 4.51 4.59 4.70 4.75 4.80 4.84 4.90 4.92 4.92 4.95 4.98 5.03 5.09 5.15 5.23 5.31 5.43 5.51 5.58 5.66 5.71 5.70 5.77 5.81 5.82 5.86 5.88 5.90 5.91 5.94 5.94 5.91 5.89 5.88 5.86 5.84 5.83 5.79 5.75
5.39 5.40 5.40 5.44 5.43 5.42 5.41 5.40 5.39 5.38 5.38 5.37 5.37 5.37 5.36 5.37 5.36 5.34 5.33 5.32 5.30 5.27 5.24 5.21 5.12 5.09 5.01 4.98 4.99 4.89 4.85 4.80 4.76 4.73 4.70 4.65 4.62 4.59 4.55 4.50 4.44 4.40 4.38 4.38 4.39 4.42 4.48 4.62 4.67 4.69 4.74 4.80 4.83 4.87 4.88 4.92 4.97 5.04 5.12 5.20 5.30 5.42 5.51 5.61 5.71 5.77 5.77 5.84 5.86 5.90 5.93 5.94 5.95 5.96 5.96 5.95 5.94 5.92 5.90 5.88 5.86 5.83 5.81 5.76
5.39 5.41 5.46 5.46 5.46 5.45 5.45 5.44 5.44 5.43 5.43 5.43 5.42 5.42 5.42 5.43 5.41 5.40 5.39 5.38 5.35 5.33 5.30 5.27 5.23 5.10 5.07 5.03 5.03 4.93 4.88 4.83 4.79 4.75 4.71 4.68 4.63 4.60 4.54 4.47 4.40 4.33 4.30 4.29 4.31 4.33 4.43 4.51 4.57 4.60 4.65 4.71 4.75 4.80 4.84 4.86 4.95 4.99 5.12 5.18 5.28 5.41 5.51 5.63 5.76 5.83 5.83 5.91 5.92 5.96 5.99 5.99 5.99 5.99 5.98 5.97 5.96 5.94 5.93 5.90 5.88 5.84 5.79 5.74
5.40 5.47 5.48 5.48 5.48 5.48 5.49 5.49 5.49 5.49 5.49 5.49 5.48 5.48 5.47 5.47 5.47 5.47 5.46 5.44 5.42 5.39 5.36 5.32 5.28 5.12 5.10 5.06 5.07 4.96 4.91 4.85 4.80 4.76 4.71 4.68 4.65 4.61 4.54 4.45 4.36 4.27 4.21 4.22 4.24 4.26 4.35 4.39 4.45 4.52 4.58 4.64 4.73 4.73 4.81 4.86 4.90 5.01 5.10 5.20 5.30 5.44 5.57 5.68 5.75 5.88 5.86 5.93 5.97 6.01 6.04 6.03 6.02 6.00 6.00 5.98 5.97 5.95 5.93 5.91 5.87 5.83 5.79 5.74
5.47 5.48 5.49 5.50 5.51 5.52 5.52 5.53 5.53 5.54 5.54 5.54 5.54 5.54 5.54 5.51 5.51 5.50 5.53 5.51 5.48 5.45 5.38 5.35 5.31 5.25 5.22 5.22 5.18 5.01 4.91 4.85 4.80 4.75 4.71 4.67 4.63 4.60 4.52 4.44 4.35 4.26 4.20 4.20 4.21 4.24 4.32 4.39 4.45 4.46 4.56 4.62 4.68 4.74 4.78 4.83 4.90 4.99 5.08 5.21 5.31 5.42 5.53 5.67 5.77 5.82 5.86 5.91 5.97 6.01 6.04 6.03 6.02 6.00 5.99 5.96 5.96 5.94 5.92 5.90 5.87 5.83 5.78 5.70
