data/Validacao/F181115.grd
DSAA
94	94
0.0000	100.0000
0.0000	100.0000
3.3232	7.8199
[rows 0 to 37 of 94, columns 0 to 83 of 94]
3.90 3.99 4.08 4.17 4.26 4.35 4.43 4.51 4.58 4.65 4.71 4.76 4.80 4.84 4.89 4.92 4.94 4.98 4.99 5.01 5.04 5.06 5.08 5.09 5.10 5.13 5.14 5.26 5.26 5.24 5.24 5.23 5.25 5.26 5.26 5.27 5.28 5.31 5.36 5.41 5.46 5.52 5.58 5.64 5.71 5.77 5.88 5.94 6.13 6.20 6.26 6.34 6.41 6.48 6.53 6.58 6.65 6.77 6.86 6.96 7.04 7.11 7.17 7.22 7.25 7.28 7.25 7.26 7.27 7.26 7.26 7.24 7.23 7.23 7.22 7.10 6.92 6.75 6.58 6.41 6.22 6.06 5.90 5.76
3.96 4.03 4.12 4.22 4.31 4.40 4.48 4.56 4.63 4.71 4.77 4.82 4.86 4.90 4.94 4.96 4.99 5.02 5.03 5.05 5.08 5.10 5.11 5.12 5.13 5.13 5.16 5.26 5.26 5.25 5.24 5.24 5.25 5.26 5.27 5.28 5.30 5.32 5.37 5.42 5.47 5.53 5.59 5.66 5.73 5.80 5.91 5.98 6.15 6.22 6.31 6.39 6.47 6.55 6.62 6.68 6.77 6.87 6.95 7.05 7.12 7.18 7.23 7.27 7.29 7.32 7.27 7.27 7.26 7.26 7.25 7.22 7.20 7.18 7.13 7.03 6.87 6.70 6.52 6.34 6.17 6.01 5.85 5.70
4.02 4.09 4.17 4.27 4.36 4.45 4.54 4.62 4.69 4.76 4.83 4.88 4.92 4.95 4.99 5.01 5.03 5.05 5.08 5.10 5.12 5.14 5.15 5.16 5.16 5.16 5.21 5.26 5.26 5.26 5.24 5.24 5.24 5.26 5.28 5.30 5.32 5.34 5.38 5.43 5.49 5.55 5.61 5.69 5.76 5.85 5.95 6.03 6.12 6.26 6.36 6.45 6.54 6.65 6.73 6.81 6.90 7.00 7.10 7.15 7.21 7.26 7.30 7.31 7.34 7.34 7.33 7.27 7.27 7.25 7.22 7.18 7.14 7.10 7.02 6.91 6.77 6.61 6.43 6.27 6.10 5.94 5.78 5.63
4.07 4.15 4.23 4.32 4.41 4.51 4.60 4.68 4.76 4.82 4.88 4.92 4.98 5.01 5.03 5.06 5.08 5.10 5.12 5.14 5.16 5.18 5.19 5.20 5.20 5.24 5.22 5.23 5.26 5.25 5.25 5.25 5.25 5.27 5.29 5.31 5.34 5.37 5.40 5.45 5.51 5.57 5.64 5.71 5.80 5.88 5.98 6.07 6.16 6.25 6.41 6.51 6.62 6.74 6.84 6.93 7.03 7.13 7.21 7.29 7.31 7.34 7.36 7.37 7.36 7.35 7.32 7.30 7.25 7.21 7.17 7.11 7.06 6.98 6.90 6.79 6.65 6.50 6.34 6.18 6.01 5.85 5.70 5.56
4.13 4.20 4.28 4.37 4.47 4.56 4.65 4.74 4.82 4.89 4.94 4.98 5.01 5.06 5.07 5.10 5.12 5.14 5.16 5.18 5.20 5.22 5.23 5.23 5.27 5.26 5.24 5.22 5.27 5.25 5.25 5.26 5.26 5.28 5.31 5.33 5.36 5.40 5.42 5.47 5.53 5.59 5.67 5.76 5.82 5.90 5.98 6.08 6.21 6.31 6.41 6.58 6.72 6.83 6.95 7.06 7.16 7.25 7.33 7.40 7.45 7.42 7.43 7.41 7.38 7.35 7.31 7.26 7.21 7.16 7.10 7.05 6.96 6.86 6.77 6.66 6.53 6.38 6.23 6.07 5.91 5.76 5.61 5.47
4.17 4.24 4.33 4.42 4.52 4.62 4.71 4.80 4.89 4.95 5.00 5.04 5.07 5.08 5.10 5.13 5.15 5.18 5.20 5.22 5.24 5.25 5.26 5.31 5.29 5.27 5.25 5.22 5.26 5.26 5.26 5.26 5.27 5.30 5.32 5.35 5.39 5.42 5.44 5.49 5.55 5.61 5.71 5.78 5.85 5.92 6.01 6.15 6.25 6.36 6.48 6.61 6.79 6.92 7.05 7.17 7.28 7.38 7.45 7.51 7.54 7.51 7.49 7.44 7.39 7.33 7.27 7.21 7.16 7.09 7.02 6.95 6.84 6.74 6.64 6.53 6.40 6.26 6.11 5.96 5.81 5.66 5.51 5.37
4.20 4.28 4.37 4.46 4.56 4.66 4.77 4.87 4.95 5.02 5.07 5.10 5.11 5.12 5.13 5.15 5.18 5.21 5.24 5.25 5.27 5.29 5.34 5.33 5.32 5.29 5.26 5.23 5.25 5.26 5.26 5.26 5.29 5.31 5.34 5.37 5.41 5.45 5.47 5.52 5.58 5.66 5.73 5.80 5.87 5.94 6.01 6.17 6.28 6.40 6.53 6.68 6.82 7.01 7.15 7.28 7.40 7.49 7.56 7.61 7.64 7.63 7.53 7.46 7.38 7.30 7.22 7.15 7.08 7.01 6.93 6.84 6.72 6.61 6.51 6.39 6.26 6.13 5.98 5.84 5.69 5.55 5.40 5.27
4.23 4.31 4.40 4.49 4.60 4.70 4.81 4.92 5.02 5.09 5.14 5.15 5.15 5.14 5.14 5.16 5.19 5.23 5.26 5.29 5.30 5.36 5.36 5.35 5.33 5.30 5.26 5.23 5.25 5.24 5.25 5.27 5.30 5.33 5.37 5.39 5.44 5.48 5.52 5.55 5.62 5.68 5.75 5.82 5.89 5.94 6.03 6.19 6.31 6.44 6.60 6.74 6.89 7.04 7.24 7.39 7.52 7.60 7.66 7.71 7.72 7.69 7.62 7.47 7.36 7.25 7.16 7.07 7.03 6.95 6.82 6.70 6.60 6.48 6.37 6.25 6.13 5.99 5.85 5.71 5.57 5.43 5.29 5.16
4.25 4.33 4.42 4.52 4.62 4.73 4.85 4.96 5.08 5.17 5.20 5.19 5.17 5.15 5.14 5.16 5.19 5.23 5.28 5.31 5.37 5.37 5.37 5.37 5.35 5.31 5.26 5.22 5.24 5.23 5.23 5.28 5.31 5.34 5.38 5.43 5.45 5.51 5.55 5.59 5.65 5.72 5.78 5.85 5.91 5.96 6.04 6.20 6.33 6.50 6.64 6.79 6.95 7.11 7.27 7.42 7.61 7.70 7.74 7.78 7.79 7.74 7.63 7.45 7.31 7.18 7.07 7.01 6.92 6.83 6.72 6.57 6.47 6.34 6.23 6.11 5.99 5.86 5.72 5.59 5.45 5.31 5.18 5.05
4.26 4.33 4.43 4.52 4.63 4.74 4.86 4.98 5.11 5.23 5.25 5.21 5.17 5.13 5.11 5.14 5.19 5.23 5.28 5.36 5.36 5.36 5.37 5.38 5.35 5.30 5.25 5.20 5.22 5.22 5.22 5.28 5.31 5.34 5.37 5.44 5.48 5.53 5.58 5.62 5.68 5.74 5.82 5.88 5.94 5.99 6.05 6.22 6.37 6.53 6.68 6.83 6.99 7.16 7.33 7.50 7.70 7.73 7.75 7.79 7.82 7.75 7.60 7.44 7.23 7.08 7.00 6.89 6.80 6.70 6.59 6.43 6.33 6.20 6.09 5.97 5.85 5.72 5.59 5.46 5.33 5.20 5.07 4.94
4.25 4.33 4.41 4.52 4.62 4.73 4.84 4.96 5.09 5.19 5.21 5.19 5.15 5.12 5.10 5.13 5.17 5.25 5.29 5.32 5.33 5.33 5.34 5.34 5.31 5.26 5.22 5.17 5.12 5.20 5.21 5.27 5.31 5.34 5.38 5.45 5.49 5.58 5.62 5.67 5.72 5.78 5.86 5.93 5.99 6.05 6.12 6.27 6.44 6.58 6.72 6.86 7.01 7.17 7.35 7.50 7.61 7.62 7.69 7.71 7.72 7.64 7.49 7.33 7.19 7.00 6.87 6.76 6.66 6.56 6.43 6.33 6.19 6.05 5.94 5.82 5.71 5.59 5.46 5.33 5.21 5.09 4.97 4.85
4.24 4.31 4.39 4.50 4.59 4.70 4.81 4.92 5.02 5.10 5.13 5.13 5.11 5.10 5.09 5.11 5.18 5.21 5.23 5.26 5.27 5.28 5.29 5.27 5.25 5.21 5.18 5.14 5.09 5.17 5.21 5.26 5.30 5.34 5.39 5.43 5.50 5.59 5.66 5.71 5.75 5.83 5.91 5.99 6.06 6.14 6.28 6.37 6.51 6.63 6.76 6.89 7.02 7.17 7.30 7.41 7.49 7.51 7.51 7.48 7.53 7.45 7.32 7.18 7.04 6.85 6.73 6.61 6.50 6.37 6.27 6.17 6.03 5.90 5.79 5.68 5.56 5.45 5.33 5.21 5.10 4.99 4.87 4.77
4.21 4.28 4.36 4.45 4.56 4.65 4.75 4.85 4.93 5.00 5.04 5.05 5.05 5.05 5.11 5.12 5.13 5.15 5.18 5.19 5.21 5.22 5.22 5.21 5.18 5.15 5.12 5.10 5.05 5.16 5.19 5.22 5.29 5.34 5.38 5.43 5.52 5.60 5.67 5.75 5.81 5.87 5.97 6.05 6.13 6.22 6.32 6.49 6.59 6.69 6.79 6.90 7.02 7.12 7.22 7.31 7.36 7.37 7.35 7.31 7.24 7.23 7.12 6.99 6.86 6.68 6.56 6.44 6.34 6.20 6.10 6.00 5.87 5.77 5.64 5.53 5.42 5.31 5.20 5.10 4.99 4.88 4.79 4.70
4.18 4.25 4.32 4.40 4.50 4.58 4.68 4.77 4.84 4.90 4.94 4.97 4.98 5.05 5.05 5.06 5.07 5.09 5.12 5.12 5.14 5.15 5.14 5.14 5.12 5.09 5.06 5.04 5.00 5.12 5.16 5.20 5.28 5.33 5.37 5.44 5.52 5.60 5.69 5.77 5.85 5.92 6.03 6.11 6.21 6.30 6.40 6.58 6.65 6.73 6.83 6.91 6.99 7.06 7.13 7.18 7.21 7.22 7.18 7.13 7.04 6.93 6.91 6.78 6.66 6.49 6.37 6.26 6.12 6.02 5.92 5.83 5.70 5.61 5.49 5.39 5.28 5.18 5.08 4.99 4.88 4.79 4.70 4.62
4.14 4.20 4.27 4.35 4.42 4.53 4.61 4.68 4.75 4.81 4.85 4.88 4.97 4.97 4.98 4.99 5.00 5.02 5.05 5.05 5.06 5.07 5.07 5.06 5.05 5.03 5.00 4.98 5.05 5.08 5.13 5.18 5.24 5.31 5.38 5.44 5.52 5.61 5.70 5.80 5.90 6.00 6.10 6.17 6.28 6.38 6.48 6.65 6.71 6.79 6.84 6.89 6.94 6.98 7.02 7.05 7.06 7.05 7.00 6.93 6.84 6.73 6.59 6.56 6.45 6.33 6.12 6.01 5.93 5.84 5.75 5.66 5.58 5.45 5.36 5.25 5.15 5.06 4.97 4.88 4.78 4.69 4.62 4.55
4.09 4.15 4.21 4.28 4.36 4.43 4.53 4.60 4.66 4.71 4.76 4.86 4.87 4.88 4.90 4.91 4.93 4.96 4.97 4.98 4.98 5.00 5.00 4.99 4.98 4.96 4.94 4.92 5.05 5.04 5.09 5.15 5.20 5.27 5.35 5.44 5.52 5.61 5.71 5.81 5.93 6.04 6.12 6.23 6.34 6.45 6.55 6.71 6.78 6.80 6.83 6.85 6.87 6.89 6.91 6.92 6.91 6.88 6.82 6.74 6.64 6.52 6.39 6.24 6.22 6.10 5.93 5.84 5.73 5.65 5.57 5.49 5.39 5.29 5.20 5.10 5.01 4.93 4.85 4.75 4.68 4.61 4.54 4.48
4.04 4.09 4.15 4.22 4.29 4.36 4.43 4.51 4.57 4.62 4.67 4.76 4.77 4.79 4.81 4.83 4.85 4.89 4.90 4.91 4.91 4.94 4.94 4.93 4.91 4.89 4.87 4.85 4.99 4.98 5.05 5.10 5.18 5.25 5.34 5.43 5.52 5.61 5.72 5.82 5.95 6.06 6.16 6.26 6.40 6.52 6.62 6.77 6.81 6.81 6.80 6.80 6.79 6.79 6.79 6.77 6.75 6.71 6.65 6.55 6.44 6.32 6.18 6.03 5.89 5.87 5.71 5.63 5.53 5.46 5.39 5.32 5.20 5.12 5.04 4.97 4.88 4.81 4.74 4.65 4.59 4.52 4.46 4.41
3.98 4.03 4.09 4.15 4.22 4.28 4.35 4.43 4.49 4.54 4.63 4.66 4.68 4.70 4.72 4.75 4.77 4.80 4.83 4.84 4.85 4.88 4.88 4.88 4.85 4.83 4.80 4.77 4.92 4.94 5.02 5.06 5.14 5.23 5.32 5.42 5.52 5.62 5.72 5.83 5.95 6.07 6.17 6.28 6.42 6.58 6.71 6.77 6.82 6.79 6.76 6.72 6.71 6.69 6.66 6.63 6.58 6.53 6.46 6.37 6.26 6.13 5.98 5.83 5.67 5.63 5.48 5.40 5.34 5.28 5.21 5.15 5.04 4.96 4.89 4.83 4.75 4.69 4.63 4.56 4.50 4.45 4.40 4.35
3.92 3.97 4.03 4.08 4.15 4.21 4.28 4.34 4.39 4.45 4.53 4.56 4.58 4.60 4.63 4.66 4.69 4.72 4.76 4.77 4.80 4.81 4.82 4.82 4.81 4.78 4.74 4.81 4.83 4.89 4.96 5.03 5.12 5.21 5.31 5.41 5.50 5.62 5.71 5.82 5.94 6.05 6.17 6.28 6.45 6.60 6.75 6.80 6.82 6.76 6.70 6.64 6.59 6.56 6.52 6.47 6.42 6.35 6.27 6.18 6.07 5.94 5.80 5.64 5.47 5.39 5.26 5.20 5.16 5.10 5.05 4.99 4.89 4.82 4.74 4.69 4.63 4.58 4.54 4.47 4.42 4.38 4.33 4.32
3.87 3.91 3.97 4.02 4.08 4.13 4.20 4.25 4.30 4.39 4.44 4.47 4.49 4.52 4.54 4.58 4.62 4.65 4.68 4.71 4.74 4.76 4.77 4.77 4.76 4.73 4.70 4.79 4.79 4.88 4.93 5.02 5.09 5.19 5.27 5.39 5.48 5.61 5.70 5.82 5.91 6.01 6.15 6.29 6.41 6.55 6.71 6.76 6.76 6.68 6.60 6.53 6.47 6.42 6.37 6.31 6.25 6.17 6.08 5.99 5.88 5.76 5.61 5.46 5.30 5.14 5.04 4.97 4.92 4.94 4.89 4.84 4.75 4.69 4.62 4.57 4.54 4.50 4.47 4.43 4.39 4.35 4.31 4.27
3.84 3.87 3.91 3.96 4.01 4.06 4.11 4.22 4.26 4.29 4.34 4.37 4.40 4.43 4.47 4.51 4.55 4.59 4.63 4.65 4.67 4.71 4.72 4.72 4.71 4.69 4.67 4.65 4.80 4.85 4.95 4.99 5.07 5.17 5.26 5.36 5.47 5.57 5.68 5.78 5.86 5.98 6.10 6.22 6.34 6.43 6.56 6.61 6.63 6.56 6.48 6.41 6.34 6.28 6.21 6.15 6.08 6.00 5.90 5.80 5.69 5.57 5.43 5.30 5.16 5.04 4.92 4.86 4.80 4.80 4.76 4.72 4.64 4.58 4.53 4.49 4.45 4.42 4.39 4.37 4.33 4.30 4.25 4.22
3.81 3.83 3.87 3.90 3.95 3.99 4.03 4.13 4.16 4.19 4.23 4.28 4.31 4.35 4.39 4.43 4.48 4.54 4.57 4.60 4.62 4.64 4.67 4.68 4.68 4.67 4.66 4.65 4.80 4.85 4.92 4.98 5.06 5.15 5.23 5.33 5.44 5.54 5.64 5.74 5.81 5.92 6.03 6.14 6.24 6.30 6.39 6.50 6.49 6.43 6.35 6.28 6.20 6.13 6.06 5.98 5.90 5.82 5.74 5.62 5.51 5.40 5.28 5.16 5.05 4.94 4.84 4.79 4.70 4.65 4.65 4.61 4.54 4.49 4.45 4.41 4.38 4.35 4.32 4.31 4.28 4.23 4.21 4.18
3.76 3.79 3.82 3.85 3.88 3.92 4.01 4.04 4.07 4.10 4.14 4.19 4.23 4.27 4.31 4.36 4.42 4.48 4.52 4.55 4.58 4.61 4.63 4.64 4.65 4.65 4.64 4.65 4.80 4.83 4.90 4.99 5.05 5.12 5.21 5.31 5.40 5.50 5.59 5.68 5.75 5.85 5.95 6.04 6.12 6.19 6.24 6.33 6.34 6.28 6.21 6.13 6.06 5.98 5.90 5.82 5.73 5.65 5.55 5.44 5.34 5.24 5.13 5.03 4.93 4.85 4.76 4.70 4.62 4.57 4.53 4.49 4.41 4.42 4.38 4.34 4.31 4.29 4.28 4.26 4.23 4.19 4.17 4.15
3.73 3.75 3.77 3.80 3.83 3.91 3.93 3.96 3.99 4.02 4.05 4.09 4.14 4.19 4.24 4.30 4.36 4.43 4.47 4.51 4.54 4.58 4.61 4.62 4.63 4.63 4.64 4.64 4.76 4.81 4.88 4.96 5.05 5.12 5.20 5.28 5.37 5.46 5.54 5.63 5.68 5.79 5.88 5.93 6.00 6.05 6.09 6.19 6.16 6.13 6.07 5.99 5.91 5.82 5.74 5.65 5.56 5.48 5.37 5.28 5.18 5.09 5.00 4.92 4.82 4.75 4.64 4.62 4.54 4.50 4.46 4.42 4.36 4.33 4.32 4.29 4.26 4.25 4.22 4.20 4.18 4.17 4.13 4.11
3.70 3.71 3.73 3.75 3.81 3.83 3.86 3.88 3.91 3.93 3.96 4.00 4.04 4.11 4.17 4.23 4.30 4.37 4.44 4.48 4.53 4.56 4.58 4.60 4.61 4.62 4.62 4.63 4.66 4.80 4.86 4.94 5.02 5.11 5.15 5.24 5.33 5.40 5.49 5.57 5.64 5.72 5.78 5.82 5.88 5.92 5.95 6.05 6.01 5.96 5.92 5.85 5.76 5.67 5.58 5.49 5.40 5.32 5.21 5.12 5.03 4.95 4.86 4.78 4.72 4.64 4.58 4.54 4.48 4.44 4.40 4.37 4.33 4.30 4.28 4.28 4.22 4.20 4.18 4.16 4.14 4.13 4.11 4.10
3.66 3.67 3.69 3.74 3.75 3.76 3.78 3.79 3.83 3.85 3.88 3.92 3.96 4.01 4.09 4.16 4.25 4.33 4.41 4.46 4.51 4.54 4.57 4.58 4.60 4.60 4.61 4.61 4.64 4.77 4.84 4.91 4.99 5.07 5.12 5.20 5.29 5.36 5.44 5.51 5.57 5.64 5.69 5.74 5.76 5.79 5.81 5.90 5.87 5.83 5.77 5.71 5.63 5.53 5.43 5.34 5.24 5.15 5.06 4.97 4.89 4.81 4.74 4.68 4.62 4.55 4.51 4.47 4.41 4.39 4.36 4.33 4.30 4.27 4.25 4.20 4.17 4.15 4.12 4.12 4.11 4.09 4.09 4.08
3.63 3.64 3.69 3.69 3.70 3.70 3.71 3.72 3.73 3.77 3.80 3.84 3.88 3.93 4.00 4.10 4.19 4.29 4.38 4.44 4.50 4.53 4.55 4.57 4.58 4.59 4.59 4.60 4.62 4.75 4.81 4.88 4.96 5.03 5.11 5.16 5.24 5.32 5.39 5.44 5.51 5.56 5.60 5.64 5.64 5.67 5.73 5.72 5.74 5.69 5.64 5.57 5.48 5.40 5.29 5.19 5.09 5.00 4.91 4.84 4.75 4.68 4.63 4.58 4.54 4.48 4.45 4.38 4.35 4.32 4.30 4.28 4.26 4.22 4.21 4.17 4.15 4.11 4.10 4.08 4.07 4.06 4.08 4.09
3.60 3.65 3.65 3.65 3.65 3.65 3.65 3.66 3.66 3.67 3.70 3.76 3.81 3.86 3.92 4.02 4.13 4.26 4.36 4.45 4.48 4.51 4.54 4.56 4.56 4.57 4.57 4.52 4.53 4.64 4.70 4.77 4.93 4.91 4.99 5.05 5.19 5.28 5.33 5.33 5.38 5.43 5.46 5.54 5.51 5.52 5.56 5.55 5.61 5.57 5.52 5.45 5.37 5.26 5.16 5.05 4.95 4.86 4.79 4.70 4.63 4.58 4.54 4.50 4.47 4.39 4.36 4.34 4.29 4.27 4.26 4.24 4.23 4.19 4.18 4.16 4.14 4.13 4.11 4.10 4.09 4.05 4.04 4.06
3.73 3.62 3.61 3.61 3.60 3.60 3.60 3.60 3.61 3.61 3.66 3.70 3.74 3.79 3.84 3.95 4.08 4.21 4.33 4.44 4.46 4.42 4.44 4.46 4.46 4.46 4.45 4.47 4.49 4.51 4.64 4.71 4.78 4.85 4.93 4.98 5.05 5.08 5.21 5.25 5.30 5.34 5.35 5.38 5.39 5.40 5.43 5.42 5.44 5.40 5.36 5.30 5.20 5.10 5.03 4.91 4.78 4.75 4.64 4.56 4.49 4.45 4.42 4.39 4.36 4.33 4.31 4.29 4.27 4.25 4.20 4.18 4.15 4.18 4.16 4.14 4.13 4.11 4.10 4.09 4.08 4.07 4.06 4.07
3.72 3.69 3.58 3.57 3.57 3.56 3.56 3.56 3.57 3.60 3.62 3.66 3.70 3.75 3.82 3.92 4.03 4.15 4.20 4.28 4.32 4.35 4.37 4.38 4.39 4.39 4.39 4.42 4.44 4.54 4.60 4.65 4.72 4.79 4.86 4.87 4.93 4.99 5.05 5.10 5.21 5.25 5.26 5.28 5.29 5.29 5.31 5.30 5.31 5.28 5.24 5.18 5.07 4.98 4.88 4.75 4.64 4.62 4.55 4.48 4.42 4.38 4.35 4.32 4.30 4.28 4.26 4.24 4.23 4.22 4.16 4.14 4.14 4.16 4.14 4.13 4.11 4.10 4.09 4.08 4.07 4.08 4.07 4.07
3.71 3.67 3.65 3.54 3.54 3.53 3.53 3.54 3.56 3.58 3.60 3.64 3.68 3.73 3.80 3.86 3.95 4.02 4.12 4.18 4.23 4.26 4.28 4.30 4.31 4.32 4.35 4.36 4.38 4.48 4.54 4.59 4.65 4.68 4.74 4.79 4.84 4.90 4.95 5.00 5.04 5.08 5.16 5.18 5.19 5.18 5.20 5.18 5.18 5.16 5.12 5.06 4.95 4.88 4.75 4.66 4.58 4.51 4.45 4.39 4.37 4.34 4.30 4.28 4.25 4.24 4.22 4.21 4.20 4.13 4.12 4.15 4.11 4.13 4.12 4.11 4.10 4.09 4.08 4.09 4.08 4.08 4.08 4.09
3.70 3.67 3.64 3.62 3.60 3.59 3.51 3.53 3.54 3.56 3.59 3.62 3.66 3.69 3.75 3.82 3.89 3.98 4.03 4.08 4.15 4.16 4.19 4.21 4.23 4.25 4.28 4.30 4.31 4.42 4.47 4.49 4.54 4.60 4.66 4.70 4.76 4.81 4.85 4.90 4.94 4.97 5.01 5.01 5.08 5.08 5.07 5.10 5.07 5.02 4.98 4.92 4.85 4.78 4.71 4.63 4.51 4.50 4.44 4.33 4.29 4.25 4.25 4.25 4.22 4.20 4.19 4.18 4.16 4.14 4.13 4.13 4.12 4.11 4.10 4.10 4.09 4.08 4.11 4.11 4.10 4.10 4.10 4.10
3.70 3.67 3.64 3.62 3.60 3.59 3.58 3.57 3.53 3.55 3.53 3.56 3.62 3.66 3.71 3.77 3.84 3.91 3.97 4.01 4.05 4.09 4.12 4.12 4.14 4.19 4.21 4.23 4.30 4.35 4.40 4.41 4.46 4.52 4.57 4.61 4.67 4.71 4.76 4.79 4.83 4.86 4.87 4.89 4.98 4.97 4.97 4.99 4.94 4.91 4.86 4.81 4.75 4.70 4.63 4.57 4.45 4.44 4.39 4.34 4.24 4.21 4.23 4.21 4.18 4.17 4.17 4.15 4.13 4.12 4.11 4.12 4.11 4.13 4.11 4.12 4.14 4.13 4.12 4.12 4.12 4.12 4.12 4.12
3.70 3.67 3.65 3.62 3.61 3.59 3.58 3.58 3.53 3.49 3.51 3.53 3.64 3.67 3.72 3.73 3.78 3.83 3.92 3.96 3.96 3.99 4.03 4.09 4.08 4.11 4.13 4.16 4.17 4.23 4.24 4.33 4.37 4.43 4.49 4.53 4.58 4.62 4.66 4.69 4.72 4.75 4.78 4.78 4.80 4.81 4.79 4.86 4.83 4.80 4.76 4.75 4.67 4.62 4.56 4.53 4.47 4.39 4.35 4.30 4.29 4.22 4.20 4.17 4.16 4.19 4.16 4.14 4.13 4.11 4.12 4.13 4.13 4.12 4.14 4.15 4.14 4.14 4.14 4.13 4.13 4.13 4.14 4.15
3.71 3.68 3.67 3.65 3.63 3.62 3.61 3.59 3.59 3.60 3.57 3.60 3.62 3.66 3.69 3.73 3.78 3.82 3.86 3.90 3.93 3.96 3.99 4.02 4.04 4.02 4.05 4.06 4.09 4.12 4.16 4.24 4.29 4.35 4.40 4.45 4.49 4.53 4.57 4.61 4.64 4.66 4.68 4.69 4.69 4.69 4.68 4.67 4.72 4.69 4.71 4.67 4.62 4.58 4.53 4.48 4.43 4.38 4.34 4.30 4.27 4.18 4.16 4.18 4.17 4.18 4.13 4.13 4.11 4.12 4.11 4.12 4.12 4.15 4.16 4.17 4.15 4.15 4.15 4.15 4.14 4.15 4.16 4.17
3.76 3.72 3.69 3.67 3.66 3.63 3.62 3.62 3.61 3.62 3.62 3.63 3.61 3.64 3.67 3.70 3.74 3.77 3.80 3.83 3.86 3.89 3.92 3.95 3.97 4.01 4.04 4.06 4.00 4.05 4.09 4.15 4.20 4.26 4.32 4.36 4.41 4.45 4.49 4.51 4.54 4.56 4.57 4.58 4.60 4.58 4.56 4.55 4.64 4.62 4.63 4.59 4.55 4.51 4.47 4.43 4.39 4.35 4.31 4.25 4.22 4.23 4.21 4.16 4.14 4.16 4.12 4.10 4.11 4.10 4.10 4.12 4.15 4.16 4.17 4.18 4.18 4.17 4.17 4.17 4.16 4.17 4.17 4.18
3.78 3.75 3.73 3.68 3.67 3.66 3.65 3.64 3.64 3.64 3.64 3.64 3.65 3.63 3.65 3.68 3.71 3.73 3.75 3.77 3.80 3.83 3.86 3.89 3.91 3.94 3.97 4.00 3.93 3.96 4.01 4.05 4.11 4.17 4.23 4.27 4.32 4.37 4.40 4.42 4.45 4.46 4.47 4.48 4.49 4.52 4.47 4.51 4.56 4.54 4.55 4.52 4.49 4.45 4.42 4.39 4.35 4.32 4.28 4.22 4.19 4.21 4.19 4.12 4.12 4.11 4.09 4.10 4.09 4.09 4.11 4.12 4.15 4.16 4.19 4.19 4.19 4.19 4.18 4.18 4.18 4.18 4.19 4.20
3.77 3.74 3.73 3.72 3.71 3.70 3.69 3.68 3.67 3.67 3.66 3.66 3.67 3.67 3.64 3.66 3.68 3.69 3.70 3.72 3.75 3.78 3.80 3.82 3.85 3.87 3.90 3.93 3.84 3.96 3.98 4.01 4.05 4.07 4.13 4.18 4.23 4.28 4.31 4.33 4.35 4.36 4.36 4.41 4.42 4.43 4.44 4.49 4.47 4.46 4.44 4.45 4.43 4.40 4.37 4.35 4.32 4.29 4.26 4.22 4.20 4.18 4.16 4.16 4.15 4.08 4.09 4.08 4.10 4.10 4.11 4.11 4.15 4.18 4.20 4.21 4.20 4.20 4.19 4.19 4.19 4.19 4.20 4.21
