data/Validacao/F221015.grd
DSAA
94	94
0.0000	100.0000
0.0000	100.0000
2.5995	6.5799
[rows 0 to 37 of 94, columns 0 to 83 of 94]
4.10 4.14 4.19 4.23 4.27 4.30 4.32 4.37 4.38 4.38 4.38 4.37 4.35 4.33 4.29 4.25 4.20 4.17 4.09 4.08 4.18 4.28 4.35 4.42 4.47 4.52 4.55 4.70 4.72 4.73 4.73 4.73 4.80 4.78 4.75 4.72 4.69 4.72 4.69 4.72 4.75 4.77 4.77 4.73 4.74 4.75 4.84 4.85 5.10 5.11 5.09 5.11 5.12 5.13 5.11 5.07 5.10 5.13 5.20 5.20 5.23 5.24 5.26 5.38 5.40 5.42 5.40 5.44 5.49 5.46 5.54 5.64 5.78 5.96 6.16 6.05 5.81 5.66 5.51 5.37 5.16 5.06 4.98 4.91
4.14 4.17 4.21 4.25 4.29 4.32 4.34 4.36 4.37 4.41 4.41 4.39 4.38 4.35 4.32 4.28 4.23 4.22 4.16 4.17 4.23 4.32 4.39 4.45 4.50 4.54 4.58 4.73 4.75 4.75 4.76 4.75 4.81 4.79 4.77 4.74 4.71 4.75 4.71 4.73 4.75 4.77 4.77 4.73 4.74 4.75 4.83 4.84 5.08 5.06 5.08 5.10 5.12 5.14 5.06 5.09 5.13 5.16 5.22 5.25 5.27 5.29 5.30 5.41 5.43 5.43 5.42 5.46 5.50 5.46 5.54 5.62 5.75 5.90 5.95 5.96 5.80 5.64 5.49 5.27 5.16 5.07 4.99 4.92
4.20 4.22 4.25 4.28 4.32 4.35 4.37 4.39 4.40 4.40 4.44 4.43 4.41 4.39 4.35 4.32 4.29 4.25 4.27 4.28 4.32 4.36 4.45 4.50 4.55 4.59 4.60 4.77 4.79 4.79 4.79 4.78 4.77 4.81 4.79 4.76 4.74 4.80 4.74 4.75 4.76 4.77 4.77 4.73 4.73 4.77 4.82 4.83 4.89 5.05 5.06 5.09 5.12 5.08 5.12 5.12 5.17 5.21 5.24 5.30 5.32 5.34 5.35 5.45 5.44 5.45 5.46 5.46 5.40 5.45 5.52 5.58 5.67 5.77 5.79 5.78 5.68 5.56 5.35 5.24 5.15 5.06 4.99 4.93
4.25 4.26 4.29 4.32 4.35 4.38 4.41 4.43 4.44 4.45 4.44 4.43 4.45 4.43 4.40 4.37 4.35 4.34 4.37 4.38 4.39 4.44 4.48 4.57 4.61 4.63 4.66 4.67 4.83 4.73 4.72 4.82 4.80 4.84 4.82 4.79 4.77 4.75 4.77 4.77 4.77 4.78 4.72 4.73 4.75 4.76 4.81 4.82 4.86 4.88 5.04 5.07 5.11 5.09 5.15 5.16 5.21 5.26 5.30 5.33 5.39 5.41 5.41 5.48 5.47 5.47 5.48 5.49 5.40 5.43 5.48 5.51 5.58 5.60 5.63 5.61 5.55 5.38 5.29 5.20 5.12 5.05 4.99 4.93
4.29 4.31 4.33 4.36 4.39 4.42 4.45 4.47 4.49 4.50 4.50 4.48 4.47 4.47 4.45 4.43 4.42 4.41 4.45 4.47 4.48 4.52 4.56 4.64 4.66 4.70 4.73 4.75 4.89 4.79 4.78 4.75 4.85 4.87 4.84 4.82 4.79 4.78 4.80 4.79 4.79 4.79 4.73 4.75 4.75 4.75 4.75 4.76 4.84 4.86 4.89 5.05 5.04 5.10 5.17 5.24 5.27 5.32 5.38 5.42 5.44 5.48 5.54 5.53 5.51 5.50 5.49 5.49 5.38 5.40 5.43 5.47 5.48 5.47 5.49 5.47 5.35 5.29 5.22 5.16 5.10 5.04 4.99 4.94
4.33 4.35 4.37 4.40 4.43 4.46 4.50 4.53 4.55 4.56 4.56 4.54 4.52 4.50 4.48 4.48 4.48 4.49 4.50 4.54 4.57 4.60 4.64 4.66 4.74 4.78 4.81 4.83 4.91 4.86 4.84 4.80 4.77 4.90 4.87 4.84 4.82 4.73 4.82 4.81 4.80 4.80 4.76 4.75 4.74 4.74 4.74 4.81 4.81 4.83 4.86 4.84 5.02 5.10 5.19 5.28 5.33 5.40 5.47 5.52 5.54 5.63 5.62 5.59 5.55 5.52 5.49 5.48 5.47 5.37 5.38 5.40 5.36 5.37 5.37 5.27 5.24 5.20 5.16 5.11 5.07 5.03 4.99 4.95
4.36 4.38 4.41 4.44 4.47 4.51 4.55 4.59 4.62 4.63 4.63 4.60 4.57 4.54 4.52 4.52 4.54 4.56 4.58 4.62 4.65 4.68 4.70 4.75 4.79 4.86 4.90 4.93 4.98 4.95 4.91 4.86 4.81 4.76 4.89 4.86 4.84 4.75 4.83 4.82 4.81 4.82 4.77 4.75 4.74 4.73 4.71 4.78 4.78 4.80 4.82 4.82 4.90 5.10 5.21 5.33 5.39 5.49 5.57 5.63 5.71 5.71 5.71 5.65 5.59 5.54 5.50 5.47 5.45 5.33 5.33 5.33 5.28 5.27 5.18 5.17 5.15 5.12 5.09 5.06 5.04 5.01 4.99 4.96
4.37 4.41 4.44 4.47 4.51 4.55 4.60 4.65 4.70 4.72 4.71 4.67 4.62 4.58 4.56 4.56 4.57 4.62 4.66 4.68 4.73 4.74 4.78 4.82 4.87 4.94 5.00 5.04 5.09 5.05 4.98 4.91 4.84 4.79 4.81 4.88 4.85 4.76 4.72 4.83 4.84 4.83 4.77 4.75 4.74 4.71 4.70 4.75 4.75 4.75 4.72 4.77 4.87 5.00 5.23 5.37 5.50 5.58 5.68 5.80 5.85 5.84 5.78 5.71 5.62 5.55 5.49 5.44 5.36 5.33 5.28 5.22 5.21 5.10 5.09 5.08 5.06 5.05 5.03 5.02 5.01 5.00 5.00 5.02
4.39 4.44 4.47 4.50 4.54 4.59 4.65 4.71 4.78 4.83 4.81 4.74 4.67 4.61 4.58 4.58 4.61 4.67 4.72 4.76 4.79 4.81 4.84 4.89 4.94 4.99 5.08 5.16 5.21 5.15 5.05 4.91 4.83 4.80 4.82 4.78 4.78 4.77 4.73 4.86 4.85 4.79 4.78 4.74 4.74 4.70 4.68 4.72 4.72 4.67 4.67 4.71 4.82 4.99 5.17 5.36 5.58 5.67 5.77 5.92 6.01 5.99 5.87 5.76 5.64 5.54 5.47 5.37 5.32 5.29 5.23 5.16 5.14 5.02 5.01 5.00 4.99 4.98 4.98 4.97 4.98 4.99 5.03 5.04
4.41 4.44 4.49 4.53 4.57 4.62 4.68 4.76 4.85 4.94 4.90 4.79 4.70 4.62 4.57 4.59 4.64 4.71 4.79 4.85 4.84 4.84 4.88 4.94 4.98 5.03 5.11 5.25 5.35 5.22 5.08 4.92 4.83 4.81 4.76 4.78 4.73 4.77 4.74 4.87 4.86 4.83 4.76 4.75 4.73 4.71 4.68 4.70 4.70 4.66 4.64 4.63 4.77 4.97 5.18 5.40 5.63 5.70 5.80 5.98 6.16 6.12 5.91 5.74 5.62 5.51 5.40 5.33 5.28 5.24 5.17 5.09 5.07 4.95 4.94 4.93 4.92 4.92 4.92 4.93 4.97 4.99 5.02 5.06
4.43 4.46 4.49 4.55 4.59 4.64 4.70 4.77 4.85 4.92 4.89 4.80 4.71 4.64 4.59 4.61 4.65 4.72 4.79 4.82 4.82 4.84 4.87 4.92 4.96 5.01 5.09 5.20 5.22 5.17 5.05 4.90 4.81 4.79 4.74 4.78 4.73 4.69 4.71 4.71 4.85 4.84 4.78 4.77 4.76 4.74 4.71 4.73 4.69 4.68 4.66 4.67 4.79 4.96 5.14 5.35 5.54 5.61 5.73 5.89 6.03 6.01 5.84 5.68 5.54 5.43 5.34 5.27 5.22 5.18 5.10 5.07 5.00 4.88 4.86 4.85 4.85 4.85 4.86 4.91 4.92 4.95 4.98 4.98
4.45 4.48 4.51 4.56 4.60 4.65 4.70 4.76 4.81 4.84 4.82 4.77 4.70 4.65 4.61 4.62 4.65 4.70 4.74 4.74 4.78 4.79 4.82 4.87 4.90 4.94 4.99 5.04 5.03 5.04 4.91 4.84 4.77 4.76 4.72 4.67 4.72 4.68 4.68 4.71 4.86 4.86 4.81 4.80 4.78 4.77 4.81 4.80 4.75 4.74 4.74 4.76 4.83 4.95 5.08 5.23 5.38 5.45 5.54 5.64 5.77 5.75 5.66 5.55 5.45 5.34 5.27 5.21 5.16 5.07 5.03 5.00 4.93 4.81 4.79 4.78 4.78 4.79 4.83 4.85 4.87 4.89 4.87 4.89
4.47 4.50 4.52 4.55 4.61 4.65 4.69 4.73 4.76 4.78 4.77 4.73 4.68 4.64 4.63 4.62 4.63 4.66 4.66 4.68 4.72 4.74 4.76 4.78 4.82 4.85 4.87 4.88 4.86 4.85 4.80 4.74 4.71 4.71 4.67 4.65 4.75 4.68 4.68 4.69 4.71 4.88 4.83 4.84 4.83 4.83 4.83 4.83 4.83 4.82 4.81 4.83 4.86 4.93 5.01 5.13 5.21 5.27 5.34 5.40 5.44 5.50 5.46 5.39 5.32 5.24 5.18 5.13 5.08 5.00 4.96 4.93 4.86 4.83 4.71 4.71 4.71 4.75 4.76 4.78 4.81 4.78 4.80 4.81
4.42 4.44 4.47 4.50 4.66 4.69 4.68 4.71 4.73 4.74 4.72 4.69 4.66 4.64 4.61 4.60 4.61 4.62 4.60 4.63 4.67 4.68 4.70 4.71 4.72 4.74 4.74 4.73 4.71 4.71 4.68 4.64 4.63 4.66 4.63 4.62 4.72 4.67 4.68 4.70 4.72 4.90 4.87 4.87 4.88 4.90 4.90 4.92 4.91 4.90 4.88 4.88 4.88 4.90 4.93 4.99 5.04 5.08 5.11 5.16 5.18 5.19 5.25 5.22 5.18 5.12 5.08 5.04 4.97 4.92 4.88 4.85 4.78 4.75 4.63 4.62 4.66 4.68 4.69 4.72 4.69 4.71 4.73 4.74
4.44 4.47 4.49 4.51 4.54 4.58 4.61 4.64 4.71 4.71 4.69 4.67 4.64 4.61 4.58 4.57 4.57 4.58 4.55 4.57 4.59 4.63 4.64 4.64 4.63 4.62 4.61 4.59 4.58 4.56 4.55 4.54 4.54 4.60 4.61 4.57 4.58 4.66 4.66 4.68 4.69 4.73 4.91 4.91 4.95 4.97 4.99 5.01 5.01 4.98 4.96 4.93 4.89 4.86 4.84 4.85 4.86 4.88 4.88 4.92 4.94 4.96 4.97 5.05 5.04 5.02 5.02 5.00 4.89 4.85 4.81 4.77 4.73 4.67 4.61 4.55 4.56 4.58 4.60 4.63 4.62 4.65 4.66 4.67
4.47 4.49 4.51 4.52 4.54 4.57 4.61 4.63 4.65 4.65 4.64 4.66 4.62 4.58 4.55 4.53 4.52 4.49 4.50 4.52 4.54 4.58 4.59 4.58 4.56 4.52 4.47 4.40 4.45 4.42 4.42 4.44 4.46 4.52 4.54 4.59 4.61 4.57 4.66 4.69 4.72 4.76 4.78 4.96 5.01 5.06 5.09 5.09 5.10 5.08 5.03 4.98 4.90 4.82 4.77 4.70 4.66 4.66 4.65 4.68 4.71 4.75 4.78 4.80 4.90 4.91 4.89 4.87 4.81 4.78 4.73 4.69 4.58 4.57 4.55 4.45 4.47 4.49 4.53 4.53 4.56 4.59 4.60 4.61
4.51 4.52 4.53 4.54 4.55 4.57 4.59 4.63 4.65 4.66 4.64 4.64 4.59 4.54 4.50 4.48 4.47 4.44 4.45 4.47 4.49 4.53 4.55 4.54 4.50 4.43 4.35 4.27 4.25 4.26 4.29 4.34 4.38 4.46 4.49 4.55 4.59 4.56 4.65 4.69 4.73 4.78 4.81 4.93 5.08 5.15 5.14 5.21 5.21 5.17 5.12 5.04 4.92 4.78 4.66 4.53 4.45 4.43 4.44 4.45 4.49 4.54 4.60 4.65 4.69 4.80 4.80 4.80 4.74 4.71 4.66 4.60 4.52 4.46 4.42 4.42 4.37 4.41 4.46 4.47 4.51 4.53 4.55 4.56
4.55 4.55 4.55 4.54 4.55 4.56 4.59 4.63 4.66 4.68 4.69 4.63 4.56 4.49 4.45 4.41 4.41 4.41 4.39 4.42 4.45 4.50 4.53 4.52 4.46 4.35 4.23 4.11 4.10 4.10 4.16 4.24 4.34 4.40 4.45 4.52 4.57 4.55 4.65 4.69 4.73 4.79 4.84 4.97 5.07 5.21 5.26 5.30 5.32 5.27 5.21 5.12 4.98 4.76 4.53 4.34 4.21 4.19 4.19 4.22 4.26 4.34 4.43 4.52 4.59 4.71 4.75 4.70 4.68 4.65 4.60 4.54 4.43 4.35 4.28 4.29 4.26 4.33 4.40 4.42 4.46 4.49 4.51 4.52
4.60 4.58 4.55 4.54 4.54 4.55 4.56 4.60 4.65 4.71 4.70 4.61 4.51 4.43 4.37 4.35 4.35 4.35 4.33 4.36 4.42 4.46 4.50 4.53 4.44 4.29 4.13 4.01 3.89 3.96 4.04 4.15 4.27 4.34 4.40 4.48 4.50 4.55 4.57 4.68 4.73 4.77 4.85 4.99 5.09 5.28 5.39 5.43 5.39 5.35 5.30 5.24 5.02 4.73 4.43 4.13 3.95 3.96 4.02 4.05 4.06 4.14 4.29 4.41 4.52 4.65 4.70 4.65 4.64 4.62 4.56 4.49 4.37 4.25 4.13 4.14 4.18 4.27 4.35 4.37 4.42 4.45 4.47 4.40
4.56 4.54 4.50 4.48 4.47 4.48 4.53 4.56 4.61 4.64 4.60 4.56 4.46 4.38 4.31 4.29 4.29 4.29 4.30 4.28 4.36 4.40 4.44 4.48 4.38 4.22 4.05 3.90 3.77 3.87 3.97 4.04 4.18 4.26 4.34 4.38 4.47 4.50 4.55 4.58 4.67 4.74 4.80 4.86 5.08 5.23 5.36 5.45 5.41 5.34 5.29 5.23 4.99 4.69 4.37 4.05 3.83 3.88 3.94 3.97 3.98 4.06 4.22 4.36 4.45 4.54 4.56 4.56 4.54 4.61 4.56 4.49 4.35 4.23 4.09 4.11 4.23 4.25 4.25 4.31 4.34 4.37 4.36 4.36
4.48 4.48 4.46 4.44 4.43 4.43 4.45 4.45 4.49 4.50 4.48 4.41 4.33 4.27 4.27 4.25 4.24 4.24 4.20 4.22 4.25 4.32 4.35 4.34 4.22 4.10 3.96 3.83 3.84 3.84 3.92 4.01 4.14 4.22 4.30 4.34 4.41 4.45 4.51 4.55 4.64 4.70 4.76 4.82 4.93 5.06 5.21 5.26 5.29 5.23 5.16 5.08 4.89 4.64 4.38 4.12 3.97 3.95 3.96 3.99 4.03 4.10 4.22 4.34 4.43 4.52 4.55 4.55 4.53 4.62 4.57 4.50 4.38 4.29 4.21 4.21 4.19 4.26 4.32 4.29 4.33 4.35 4.33 4.34
4.40 4.41 4.40 4.38 4.38 4.38 4.38 4.37 4.38 4.38 4.35 4.31 4.25 4.19 4.15 4.13 4.11 4.13 4.14 4.15 4.17 4.18 4.19 4.17 4.11 4.02 3.92 3.84 3.82 3.86 3.86 3.98 4.12 4.19 4.26 4.31 4.37 4.41 4.46 4.51 4.60 4.66 4.71 4.75 4.84 4.93 5.03 5.10 5.15 5.09 5.02 4.92 4.76 4.57 4.38 4.21 4.09 4.04 4.04 4.04 4.08 4.16 4.25 4.35 4.44 4.53 4.50 4.51 4.55 4.52 4.60 4.54 4.44 4.37 4.32 4.31 4.25 4.29 4.33 4.29 4.32 4.30 4.31 4.31
4.23 4.34 4.33 4.32 4.32 4.31 4.28 4.28 4.28 4.26 4.23 4.20 4.16 4.11 4.08 4.06 4.04 4.06 4.06 4.08 4.09 4.09 4.09 4.07 4.02 3.96 3.88 3.81 3.82 3.81 3.85 3.90 4.03 4.16 4.23 4.27 4.33 4.36 4.41 4.46 4.55 4.60 4.64 4.67 4.66 4.72 4.78 4.95 5.00 4.96 4.89 4.80 4.67 4.53 4.39 4.26 4.17 4.12 4.08 4.10 4.15 4.22 4.30 4.39 4.49 4.55 4.53 4.54 4.58 4.55 4.51 4.46 4.39 4.45 4.42 4.31 4.32 4.33 4.28 4.29 4.31 4.28 4.29 4.29
4.16 4.17 4.16 4.16 4.25 4.22 4.21 4.19 4.13 4.11 4.08 4.05 4.06 4.02 3.99 3.97 3.96 3.98 3.99 4.00 4.01 4.01 4.01 3.99 3.95 3.89 3.82 3.77 3.78 3.79 3.82 3.87 3.93 4.11 4.18 4.23 4.24 4.30 4.35 4.39 4.50 4.47 4.44 4.50 4.55 4.60 4.63 4.79 4.77 4.83 4.77 4.69 4.59 4.49 4.37 4.29 4.21 4.17 4.13 4.15 4.20 4.26 4.35 4.44 4.54 4.61 4.63 4.58 4.62 4.60 4.56 4.52 4.45 4.39 4.41 4.38 4.37 4.29 4.30 4.30 4.30 4.30 4.27 4.27
4.10 4.10 4.10 4.09 4.05 4.04 4.07 4.05 4.03 4.01 3.98 3.95 3.91 3.93 3.90 3.88 3.88 3.88 3.90 3.92 3.92 3.93 3.93 3.92 3.88 3.82 3.76 3.72 3.67 3.74 3.78 3.83 3.87 3.98 4.07 4.13 4.25 4.23 4.27 4.32 4.38 4.41 4.32 4.41 4.45 4.48 4.51 4.66 4.65 4.62 4.66 4.60 4.53 4.44 4.36 4.29 4.23 4.20 4.16 4.18 4.23 4.30 4.41 4.51 4.60 4.61 4.65 4.65 4.68 4.65 4.61 4.57 4.45 4.41 4.28 4.37 4.34 4.33 4.32 4.31 4.30 4.29 4.28 4.27
4.04 4.04 4.04 3.99 3.98 3.97 3.96 3.94 3.95 3.92 3.89 3.85 3.82 3.78 3.80 3.78 3.78 3.79 3.81 3.83 3.85 3.87 3.87 3.86 3.81 3.76 3.70 3.65 3.60 3.68 3.73 3.79 3.84 3.94 4.04 4.10 4.22 4.19 4.24 4.27 4.32 4.27 4.25 4.28 4.36 4.38 4.40 4.54 4.53 4.52 4.49 4.52 4.46 4.40 4.33 4.28 4.23 4.18 4.17 4.19 4.23 4.33 4.44 4.56 4.68 4.70 4.73 4.73 4.67 4.70 4.66 4.62 4.50 4.46 4.32 4.25 4.23 4.21 4.17 4.32 4.29 4.27 4.25 4.24
3.99 3.99 3.94 3.93 3.92 3.91 3.89 3.87 3.84 3.84 3.80 3.76 3.72 3.68 3.65 3.68 3.69 3.70 3.72 3.74 3.77 3.80 3.82 3.81 3.77 3.71 3.63 3.56 3.50 3.60 3.66 3.72 3.80 3.91 3.98 4.06 4.09 4.16 4.20 4.22 4.18 4.21 4.19 4.21 4.28 4.29 4.37 4.37 4.43 4.43 4.41 4.38 4.34 4.36 4.30 4.25 4.21 4.17 4.16 4.17 4.23 4.32 4.46 4.62 4.77 4.82 4.84 4.79 4.73 4.68 4.63 4.58 4.54 4.39 4.32 4.29 4.26 4.21 4.19 4.17 4.14 4.11 4.11 4.10
3.94 3.89 3.89 3.88 3.87 3.86 3.83 3.81 3.77 3.73 3.70 3.68 3.64 3.58 3.54 3.55 3.57 3.61 3.61 3.65 3.70 3.75 3.78 3.79 3.75 3.66 3.56 3.38 3.32 3.43 3.51 3.59 3.77 3.76 3.82 3.89 4.06 4.13 4.15 4.04 4.08 4.11 4.10 4.15 4.12 4.13 4.20 4.21 4.34 4.35 4.35 4.33 4.30 4.26 4.27 4.22 4.18 4.15 4.15 4.17 4.18 4.29 4.47 4.67 4.86 4.92 4.91 4.83 4.79 4.72 4.67 4.61 4.57 4.42 4.22 4.19 4.16 4.13 4.10 4.08 4.05 4.11 4.07 4.05
4.10 3.84 3.84 3.83 3.82 3.80 3.78 3.76 3.72 3.67 3.61 3.57 3.53 3.47 3.41 3.43 3.46 3.51 3.51 3.54 3.61 3.62 3.67 3.71 3.67 3.57 3.46 3.32 3.24 3.31 3.48 3.56 3.63 3.74 3.80 3.86 3.91 3.80 3.97 4.00 4.04 4.07 4.04 4.06 4.06 4.07 4.13 4.14 4.22 4.24 4.25 4.25 4.24 4.21 4.23 4.18 4.15 4.15 4.14 4.14 4.13 4.23 4.44 4.65 4.83 5.03 4.98 4.87 4.77 4.70 4.60 4.55 4.49 4.32 4.25 4.21 4.18 4.15 4.12 4.09 4.06 4.03 3.99 4.02
4.05 4.04 3.79 3.79 3.77 3.76 3.74 3.71 3.68 3.60 3.57 3.53 3.49 3.44 3.40 3.40 3.42 3.43 3.38 3.43 3.52 3.57 3.61 3.63 3.61 3.54 3.45 3.34 3.30 3.39 3.46 3.55 3.62 3.72 3.78 3.70 3.74 3.77 3.81 3.84 4.01 4.03 4.00 4.01 4.02 4.07 4.10 4.11 4.18 4.20 4.21 4.21 4.22 4.19 4.16 4.11 4.16 4.17 4.17 4.18 4.21 4.30 4.46 4.65 4.78 4.91 4.91 4.84 4.77 4.70 4.61 4.56 4.42 4.34 4.27 4.23 4.20 4.17 4.14 4.11 4.07 4.11 4.10 4.06
4.01 3.90 3.89 3.74 3.73 3.72 3.70 3.68 3.60 3.57 3.54 3.51 3.47 3.43 3.40 3.32 3.32 3.34 3.33 3.36 3.43 3.46 3.49 3.56 3.56 3.51 3.45 3.38 3.36 3.44 3.49 3.56 3.62 3.62 3.62 3.68 3.71 3.74 3.77 3.81 3.85 3.87 3.96 3.97 3.99 4.04 4.08 4.09 4.12 4.17 4.18 4.18 4.20 4.13 4.15 4.14 4.13 4.12 4.13 4.18 4.28 4.36 4.49 4.55 4.68 4.79 4.81 4.78 4.73 4.66 4.61 4.44 4.43 4.27 4.29 4.26 4.22 4.19 4.16 4.21 4.18 4.17 4.13 4.08
3.86 3.85 3.84 3.83 3.82 3.81 3.67 3.59 3.57 3.55 3.52 3.49 3.46 3.33 3.31 3.29 3.29 3.27 3.28 3.30 3.32 3.40 3.42 3.43 3.42 3.45 3.45 3.43 3.40 3.48 3.44 3.45 3.49 3.57 3.61 3.66 3.69 3.72 3.75 3.78 3.82 3.84 3.84 3.83 4.00 4.02 4.03 4.08 4.09 4.10 4.13 4.13 4.12 4.11 4.12 4.11 4.14 4.08 4.09 4.22 4.26 4.34 4.46 4.51 4.60 4.69 4.72 4.71 4.57 4.53 4.49 4.44 4.41 4.29 4.26 4.28 4.25 4.21 4.24 4.20 4.17 4.17 4.14 4.12
3.81 3.80 3.79 3.79 3.78 3.78 3.76 3.74 3.54 3.52 3.42 3.39 3.33 3.30 3.28 3.26 3.23 3.22 3.23 3.24 3.26 3.28 3.30 3.37 3.38 3.34 3.32 3.45 3.50 3.44 3.46 3.46 3.49 3.57 3.60 3.65 3.67 3.69 3.72 3.74 3.79 3.81 3.78 3.80 3.98 3.99 4.00 4.07 4.05 4.05 4.06 4.11 4.11 4.12 4.11 4.11 4.15 4.08 4.10 4.13 4.29 4.35 4.30 4.38 4.44 4.59 4.53 4.53 4.52 4.50 4.46 4.36 4.33 4.29 4.27 4.26 4.33 4.29 4.26 4.23 4.23 4.20 4.18 4.15
3.75 3.74 3.74 3.74 3.75 3.75 3.74 3.73 3.61 3.41 3.39 3.37 3.35 3.32 3.29 3.20 3.18 3.17 3.18 3.19 3.19 3.21 3.23 3.34 3.30 3.31 3.31 3.31 3.24 3.41 3.34 3.45 3.49 3.56 3.54 3.62 3.65 3.67 3.70 3.72 3.66 3.68 3.77 3.77 3.87 3.90 3.87 4.02 4.02 4.03 4.04 4.14 4.11 4.11 4.10 4.13 4.14 4.08 4.10 4.13 4.24 4.20 4.28 4.33 4.38 4.32 4.37 4.37 4.40 4.39 4.33 4.33 4.32 4.31 4.32 4.31 4.28 4.29 4.25 4.22 4.24 4.20 4.21 4.18
3.68 3.67 3.73 3.75 3.76 3.77 3.77 3.60 3.59 3.57 3.37 3.35 3.32 3.29 3.26 3.22 3.15 3.12 3.11 3.11 3.13 3.16 3.26 3.29 3.32 3.28 3.29 3.23 3.24 3.33 3.34 3.45 3.49 3.51 3.54 3.57 3.63 3.65 3.67 3.66 3.69 3.72 3.74 3.76 3.84 3.88 3.86 3.87 4.00 4.01 4.13 4.13 4.12 4.13 4.12 4.12 4.13 4.14 4.17 4.20 4.23 4.18 4.22 4.19 4.23 4.31 4.31 4.25 4.26 4.31 4.31 4.33 4.34 4.40 4.36 4.39 4.31 4.32 4.28 4.24 4.18 4.25 4.23 4.20
3.64 3.64 3.67 3.70 3.72 3.58 3.59 3.58 3.58 3.56 3.54 3.51 3.30 3.27 3.23 3.19 3.10 3.05 3.02 3.02 3.05 3.10 3.14 3.25 3.28 3.28 3.30 3.31 3.22 3.31 3.34 3.46 3.48 3.50 3.52 3.55 3.57 3.59 3.62 3.64 3.66 3.70 3.72 3.73 3.85 3.84 3.84 3.85 4.03 4.03 4.12 4.12 4.11 4.12 4.11 4.10 4.11 4.13 4.16 4.18 4.21 4.16 4.20 4.17 4.18 4.26 4.19 4.21 4.27 4.28 4.30 4.33 4.38 4.40 4.40 4.43 4.39 4.35 4.30 4.26 4.23 4.20 4.24 4.21
3.54 3.56 3.61 3.51 3.54 3.56 3.57 3.57 3.56 3.54 3.52 3.50 3.46 3.24 3.20 3.11 3.05 2.98 2.93 2.92 2.97 3.04 3.10 3.21 3.25 3.26 3.28 3.30 3.21 3.23 3.33 3.35 3.47 3.49 3.51 3.54 3.55 3.57 3.59 3.62 3.64 3.66 3.69 3.71 3.83 3.90 3.83 3.91 4.01 4.02 4.11 4.10 4.11 4.10 4.09 4.08 4.08 4.11 4.14 4.16 4.20 4.17 4.20 4.13 4.08 4.10 4.15 4.22 4.24 4.26 4.35 4.38 4.39 4.43 4.49 4.47 4.42 4.36 4.29 4.24 4.24 4.21 4.15 4.13
3.35 3.38 3.44 3.49 3.52 3.54 3.55 3.55 3.54 3.53 3.51 3.48 3.45 3.41 3.18 3.08 3.02 2.94 2.84 2.82 2.92 3.00 3.06 3.11 3.20 3.23 3.25 3.28 3.19 3.35 3.37 3.41 3.43 3.47 3.49 3.52 3.53 3.54 3.57 3.60 3.62 3.64 3.67 3.79 3.81 3.88 3.90 3.99 4.00 4.06 4.06 4.09 4.10 4.09 4.08 4.06 4.05 4.02 4.05 4.10 4.13 4.15 4.18 4.10 4.12 4.06 4.16 4.18 4.28 4.30 4.33 4.37 4.39 4.48 4.54 4.52 4.44 4.37 4.29 4.24 4.22 4.19 4.15 4.13
