data/Validacao/F221015.grd
DSAA
94	94
0.0000	100.0000
0.0000	100.0000
2.5995	6.5799
[rows 38 to 75 of 94, columns 0 to 83 of 94]
3.34 3.37 3.41 3.45 3.51 3.53 3.54 3.53 3.52 3.51 3.49 3.47 3.44 3.40 3.30 3.24 3.01 2.94 2.87 2.85 2.92 2.99 3.05 3.07 3.18 3.21 3.19 3.21 3.23 3.26 3.28 3.39 3.41 3.43 3.48 3.51 3.52 3.53 3.56 3.58 3.61 3.72 3.74 3.77 3.76 3.77 3.90 3.84 3.93 4.04 4.04 3.98 4.03 4.03 4.02 4.02 3.99 4.02 4.04 4.09 4.11 4.14 4.13 4.15 4.18 4.20 4.23 4.25 4.25 4.28 4.31 4.37 4.41 4.46 4.50 4.48 4.42 4.36 4.32 4.27 4.19 4.18 4.15 4.12
3.42 3.42 3.44 3.46 3.48 3.48 3.48 3.52 3.51 3.49 3.47 3.45 3.43 3.40 3.30 3.25 3.20 2.98 2.94 2.93 2.96 2.98 3.03 3.06 3.09 3.11 3.16 3.15 3.20 3.22 3.26 3.29 3.39 3.41 3.44 3.55 3.51 3.53 3.55 3.57 3.68 3.71 3.72 3.78 3.80 3.86 3.88 3.81 3.83 3.86 3.96 3.97 3.98 4.02 4.02 4.02 3.99 4.00 4.02 4.08 4.08 4.09 4.11 4.13 4.15 4.17 4.18 4.29 4.30 4.33 4.33 4.34 4.37 4.41 4.43 4.42 4.38 4.35 4.30 4.26 4.18 4.15 4.30 4.27
3.49 3.48 3.48 3.49 3.49 3.48 3.47 3.46 3.44 3.42 3.41 3.43 3.42 3.34 3.31 3.28 3.24 3.20 3.00 3.00 2.99 3.01 3.04 3.06 3.07 3.08 3.10 3.11 3.17 3.19 3.21 3.26 3.29 3.39 3.42 3.41 3.52 3.54 3.57 3.59 3.68 3.69 3.70 3.76 3.77 3.84 3.85 3.79 3.82 3.83 3.85 3.95 4.01 4.02 3.97 3.98 3.99 4.00 4.01 4.00 4.06 4.08 4.09 4.11 4.12 4.18 4.20 4.23 4.34 4.36 4.34 4.34 4.33 4.35 4.36 4.36 4.33 4.30 4.28 4.22 4.17 4.14 4.28 4.26
3.55 3.53 3.52 3.51 3.50 3.48 3.46 3.44 3.41 3.39 3.38 3.37 3.35 3.30 3.32 3.30 3.28 3.26 3.24 3.20 3.03 3.04 3.05 3.02 3.02 3.06 3.06 3.07 3.08 3.14 3.18 3.22 3.26 3.33 3.36 3.41 3.43 3.55 3.58 3.60 3.62 3.63 3.63 3.74 3.72 3.80 3.81 3.76 3.78 3.80 3.83 3.98 4.00 3.96 3.97 3.98 3.99 3.98 3.99 4.00 4.05 4.06 4.09 4.14 4.15 4.17 4.17 4.20 4.23 4.33 4.31 4.30 4.32 4.34 4.35 4.31 4.29 4.27 4.24 4.20 4.32 4.29 4.26 4.24
3.61 3.58 3.56 3.54 3.51 3.48 3.45 3.41 3.38 3.35 3.34 3.34 3.29 3.29 3.29 3.29 3.28 3.26 3.26 3.26 3.25 3.07 3.06 3.05 3.04 3.03 3.01 3.00 2.99 3.05 3.04 3.08 3.13 3.28 3.38 3.41 3.44 3.54 3.51 3.52 3.57 3.57 3.58 3.66 3.66 3.70 3.63 3.76 3.83 3.86 3.89 3.86 3.93 3.95 3.97 3.98 3.97 3.98 3.98 3.99 4.06 4.07 4.08 4.08 4.08 4.12 4.14 4.16 4.19 4.22 4.26 4.29 4.31 4.38 4.39 4.31 4.33 4.31 4.28 4.40 4.36 4.33 4.30 4.27
3.85 3.63 3.60 3.57 3.53 3.49 3.44 3.38 3.34 3.30 3.29 3.30 3.27 3.29 3.30 3.31 3.28 3.28 3.27 3.26 3.25 3.27 3.11 3.05 3.02 2.99 2.96 2.90 2.93 2.94 2.98 3.04 3.11 3.27 3.31 3.36 3.39 3.49 3.52 3.51 3.52 3.52 3.55 3.54 3.62 3.50 3.50 3.62 3.73 3.68 3.72 3.75 3.92 4.03 4.02 4.04 4.00 4.01 4.02 4.06 4.06 4.06 4.05 4.05 4.05 4.05 4.10 4.12 4.13 4.21 4.29 4.32 4.28 4.34 4.35 4.31 4.30 4.29 4.43 4.40 4.37 4.33 4.29 4.26
3.90 3.87 3.83 3.61 3.56 3.50 3.43 3.35 3.28 3.24 3.23 3.22 3.25 3.28 3.28 3.29 3.31 3.31 3.31 3.28 3.26 3.24 3.04 3.01 2.95 2.98 2.86 2.85 2.84 2.88 2.94 3.01 3.08 3.17 3.30 3.34 3.47 3.50 3.56 3.50 3.51 3.51 3.48 3.52 3.50 3.46 3.45 3.57 3.60 3.65 3.70 3.74 3.91 3.94 4.03 4.05 4.01 4.01 4.02 4.06 4.08 4.04 4.03 4.01 4.00 4.00 4.04 4.07 4.10 4.23 4.26 4.28 4.30 4.32 4.33 4.29 4.30 4.44 4.42 4.39 4.35 4.30 4.25 4.21
3.96 3.93 3.82 3.77 3.70 3.51 3.43 3.33 3.22 3.14 3.12 3.16 3.23 3.25 3.29 3.32 3.32 3.33 3.33 3.32 3.30 3.28 3.24 3.02 2.98 2.91 2.82 2.74 2.73 2.78 2.88 2.97 3.11 3.15 3.31 3.45 3.49 3.50 3.54 3.55 3.49 3.49 3.53 3.51 3.45 3.46 3.44 3.45 3.56 3.56 3.68 3.73 3.91 3.95 3.98 4.06 4.02 4.02 4.07 4.09 4.08 4.06 4.01 3.98 3.95 3.96 3.98 4.02 4.15 4.20 4.22 4.26 4.29 4.32 4.34 4.30 4.45 4.44 4.41 4.38 4.33 4.27 4.21 4.15
4.03 3.93 3.88 3.82 3.75 3.66 3.55 3.32 3.18 3.05 3.04 3.14 3.20 3.25 3.30 3.34 3.36 3.38 3.38 3.37 3.35 3.32 3.27 3.07 3.00 2.91 2.79 2.66 2.60 2.71 2.84 3.00 3.10 3.18 3.31 3.45 3.50 3.53 3.54 3.56 3.56 3.49 3.53 3.47 3.44 3.43 3.38 3.39 3.48 3.55 3.61 3.74 3.87 3.91 3.99 4.01 4.03 4.08 4.10 4.09 4.07 4.02 3.99 3.95 3.93 3.89 3.92 4.01 4.07 4.17 4.22 4.26 4.29 4.32 4.33 4.45 4.45 4.44 4.42 4.38 4.33 4.27 4.19 4.09
4.03 4.05 3.99 3.93 3.85 3.75 3.59 3.43 3.28 3.14 3.09 3.14 3.22 3.29 3.35 3.39 3.42 3.43 3.43 3.42 3.40 3.36 3.35 3.11 3.03 2.94 2.82 2.69 2.63 2.74 2.87 3.02 3.11 3.19 3.41 3.46 3.51 3.54 3.55 3.57 3.57 3.61 3.54 3.53 3.49 3.44 3.39 3.41 3.49 3.56 3.63 3.76 3.89 3.93 3.96 4.04 4.09 4.12 4.12 4.14 4.11 4.09 4.01 3.96 3.91 3.89 3.93 3.99 4.09 4.15 4.20 4.25 4.46 4.49 4.45 4.37 4.37 4.37 4.35 4.32 4.28 4.22 4.15 4.07
4.11 4.07 4.02 3.95 3.87 3.77 3.60 3.48 3.37 3.25 3.25 3.20 3.27 3.36 3.41 3.45 3.48 3.49 3.50 3.49 3.46 3.46 3.40 3.31 3.09 3.00 2.91 2.82 2.81 2.85 2.94 3.06 3.15 3.30 3.43 3.48 3.52 3.55 3.57 3.58 3.58 3.63 3.57 3.55 3.52 3.49 3.47 3.49 3.55 3.60 3.66 3.80 3.84 3.94 3.96 3.98 4.05 4.14 4.13 4.16 4.12 4.09 4.01 3.97 3.95 3.93 3.95 4.01 4.08 4.14 4.35 4.40 4.45 4.42 4.45 4.46 4.39 4.39 4.38 4.36 4.32 4.27 4.22 4.17
4.21 4.17 4.12 4.05 3.96 3.87 3.70 3.55 3.46 3.41 3.39 3.32 3.36 3.40 3.45 3.52 3.55 3.56 3.57 3.56 3.53 3.49 3.44 3.38 3.16 3.09 3.01 2.95 2.98 3.03 3.08 3.11 3.25 3.34 3.47 3.51 3.55 3.57 3.59 3.60 3.61 3.65 3.66 3.58 3.57 3.55 3.55 3.57 3.61 3.66 3.71 3.84 3.89 3.98 4.01 4.03 4.10 4.09 4.13 4.21 4.17 4.12 4.02 4.00 3.97 3.97 3.98 4.01 4.05 4.27 4.33 4.39 4.38 4.42 4.46 4.48 4.50 4.43 4.42 4.41 4.38 4.34 4.31 4.27
4.33 4.29 4.23 4.16 4.07 3.94 3.75 3.67 3.59 3.58 3.56 3.57 3.60 3.49 3.52 3.56 3.62 3.64 3.65 3.64 3.61 3.57 3.51 3.46 3.25 3.23 3.17 3.12 3.11 3.15 3.18 3.23 3.32 3.37 3.52 3.55 3.61 3.63 3.65 3.66 3.76 3.69 3.69 3.59 3.58 3.60 3.62 3.63 3.67 3.71 3.76 3.81 3.99 4.03 4.06 4.08 4.15 4.16 4.14 4.15 4.18 4.13 4.05 4.02 3.99 3.97 3.97 4.00 4.09 4.25 4.32 4.32 4.38 4.43 4.48 4.51 4.53 4.54 4.48 4.47 4.45 4.43 4.40 4.37
4.47 4.43 4.37 4.24 4.14 3.96 3.90 3.82 3.75 3.70 3.68 3.68 3.70 3.73 3.61 3.67 3.71 3.73 3.74 3.73 3.70 3.66 3.65 3.55 3.39 3.33 3.27 3.24 3.26 3.25 3.27 3.32 3.36 3.54 3.57 3.54 3.62 3.64 3.66 3.75 3.76 3.76 3.61 3.61 3.61 3.61 3.67 3.67 3.73 3.77 3.82 3.96 4.05 4.10 4.13 4.16 4.23 4.26 4.23 4.17 4.11 4.05 4.03 3.98 3.94 3.96 4.01 4.03 4.07 4.13 4.24 4.31 4.38 4.45 4.51 4.54 4.58 4.60 4.61 4.58 4.53 4.52 4.50 4.48
4.61 4.57 4.44 4.34 4.23 4.12 4.04 3.92 3.86 3.81 3.78 3.78 3.79 3.81 3.76 3.77 3.81 3.87 3.87 3.89 3.87 3.83 3.77 3.69 3.47 3.41 3.31 3.35 3.33 3.40 3.37 3.39 3.53 3.59 3.62 3.65 3.67 3.67 3.75 3.76 3.77 3.77 3.74 3.68 3.68 3.69 3.66 3.69 3.72 3.82 3.87 4.02 4.11 4.16 4.20 4.28 4.34 4.35 4.30 4.24 4.19 4.13 4.03 3.96 3.92 3.87 3.97 3.99 4.04 4.14 4.22 4.30 4.38 4.47 4.54 4.60 4.64 4.66 4.65 4.66 4.65 4.64 4.63 4.62
4.82 4.72 4.62 4.48 4.35 4.23 4.13 4.04 3.97 3.92 3.89 3.88 3.89 3.91 3.95 3.87 3.92 3.97 3.99 3.99 3.98 3.94 3.86 3.74 3.68 3.51 3.46 3.43 3.49 3.48 3.48 3.46 3.48 3.64 3.66 3.69 3.71 3.78 3.80 3.79 3.79 3.80 3.70 3.71 3.72 3.74 3.71 3.73 3.77 3.87 3.99 4.07 4.18 4.24 4.29 4.38 4.43 4.40 4.34 4.28 4.21 4.13 4.05 3.97 3.87 3.82 3.82 3.98 4.03 4.10 4.18 4.29 4.40 4.49 4.58 4.65 4.70 4.76 4.74 4.75 4.75 4.74 4.73 4.71
5.04 4.96 4.81 4.63 4.47 4.34 4.22 4.12 4.04 3.99 3.96 3.95 3.95 3.98 4.01 4.06 4.12 4.09 4.14 4.14 4.08 4.06 3.97 3.82 3.74 3.58 3.53 3.50 3.56 3.54 3.49 3.51 3.67 3.68 3.70 3.78 3.80 3.81 3.82 3.83 3.82 3.83 3.73 3.74 3.76 3.78 3.75 3.77 3.81 3.98 4.03 4.13 4.19 4.31 4.41 4.50 4.52 4.49 4.40 4.29 4.19 4.13 4.02 3.93 3.84 3.74 3.79 3.91 3.99 4.06 4.14 4.26 4.40 4.52 4.63 4.71 4.77 4.79 4.83 4.85 4.87 4.87 4.83 4.83
5.34 5.19 4.95 4.73 4.55 4.40 4.28 4.18 4.11 4.07 4.01 4.00 4.01 4.03 4.06 4.12 4.19 4.29 4.30 4.30 4.25 4.13 4.03 3.94 3.87 3.63 3.59 3.55 3.61 3.55 3.54 3.58 3.59 3.72 3.79 3.80 3.82 3.83 3.84 3.85 3.86 3.85 3.76 3.77 3.79 3.81 3.83 3.85 3.98 4.02 4.07 4.16 4.23 4.36 4.49 4.59 4.66 4.55 4.45 4.33 4.21 4.11 3.99 3.87 3.75 3.66 3.78 3.86 3.94 4.00 4.09 4.24 4.40 4.56 4.70 4.79 4.82 4.86 4.91 4.95 4.97 4.95 4.94 4.93
5.50 5.28 5.01 4.78 4.59 4.44 4.31 4.23 4.15 4.10 4.07 4.07 4.07 4.09 4.13 4.15 4.24 4.34 4.45 4.44 4.30 4.17 4.07 3.98 3.91 3.75 3.70 3.67 3.67 3.66 3.61 3.61 3.62 3.81 3.82 3.83 3.84 3.85 3.86 3.87 3.88 3.89 3.82 3.83 3.85 3.89 3.90 4.04 4.05 4.12 4.13 4.19 4.26 4.39 4.53 4.65 4.73 4.58 4.47 4.35 4.22 4.11 3.99 3.86 3.74 3.64 3.72 3.82 3.90 3.97 4.06 4.24 4.41 4.58 4.74 4.82 4.86 4.90 4.96 5.02 5.02 5.00 5.00 5.00
5.25 5.15 4.95 4.75 4.58 4.44 4.34 4.24 4.17 4.13 4.10 4.09 4.09 4.11 4.14 4.19 4.24 4.31 4.44 4.44 4.26 4.16 4.07 4.00 3.83 3.77 3.73 3.67 3.71 3.72 3.72 3.71 3.71 3.72 3.83 3.84 3.85 3.86 3.87 3.88 3.89 3.91 3.90 3.85 3.87 3.90 3.93 4.07 4.10 4.14 4.15 4.20 4.27 4.36 4.50 4.58 4.62 4.53 4.41 4.34 4.22 4.12 4.00 3.91 3.83 3.75 3.82 3.86 3.94 4.01 4.12 4.26 4.41 4.57 4.71 4.79 4.85 4.91 4.97 5.02 5.05 5.05 5.06 5.04
5.04 4.96 4.83 4.68 4.54 4.42 4.31 4.25 4.19 4.14 4.11 4.09 4.09 4.11 4.13 4.17 4.22 4.32 4.35 4.35 4.31 4.13 4.11 4.04 3.99 3.76 3.72 3.69 3.70 3.75 3.74 3.73 3.73 3.74 3.85 3.85 3.86 3.87 3.88 3.89 3.90 3.90 3.92 3.88 3.90 3.93 3.96 4.08 4.13 4.16 4.20 4.21 4.27 4.33 4.42 4.52 4.51 4.46 4.38 4.31 4.22 4.12 4.03 3.93 3.91 3.86 3.92 3.96 3.99 4.07 4.17 4.29 4.43 4.57 4.69 4.76 4.84 4.91 4.97 5.02 5.06 5.09 5.09 5.10
4.84 4.81 4.73 4.59 4.48 4.40 4.31 4.24 4.18 4.13 4.10 4.09 4.08 4.09 4.11 4.14 4.25 4.26 4.28 4.28 4.25 4.11 4.01 4.03 3.80 3.77 3.74 3.74 3.72 3.77 3.76 3.76 3.75 3.75 3.82 3.86 3.86 3.87 3.88 3.89 3.91 3.91 3.93 3.93 3.93 3.96 3.99 4.10 4.13 4.18 4.21 4.25 4.25 4.29 4.36 4.38 4.43 4.39 4.33 4.28 4.21 4.12 4.05 3.97 3.97 3.93 4.00 4.03 4.08 4.15 4.25 4.36 4.47 4.54 4.65 4.75 4.83 4.92 4.98 5.05 5.11 5.16 5.16 5.18
4.69 4.67 4.62 4.54 4.45 4.35 4.28 4.21 4.16 4.12 4.09 4.07 4.07 4.07 4.09 4.19 4.21 4.23 4.22 4.21 4.19 4.07 4.03 3.94 3.80 3.77 3.83 3.81 3.74 3.79 3.78 3.77 3.77 3.83 3.83 3.83 3.84 3.87 3.88 3.93 3.95 3.97 3.94 3.95 3.99 3.99 4.02 4.13 4.16 4.20 4.22 4.24 4.23 4.25 4.31 4.31 4.36 4.34 4.28 4.25 4.20 4.14 4.06 4.07 4.02 3.98 4.06 4.08 4.13 4.19 4.28 4.38 4.49 4.55 4.65 4.75 4.82 4.91 4.98 5.06 5.14 5.22 5.24 5.29
4.58 4.56 4.52 4.49 4.42 4.35 4.26 4.18 4.13 4.09 4.06 4.05 4.04 4.05 4.12 4.15 4.17 4.18 4.16 4.16 4.04 4.02 4.03 4.00 3.87 3.85 3.83 3.82 3.87 3.85 3.79 3.79 3.79 3.79 3.83 3.83 3.84 3.90 3.90 3.92 3.94 3.96 4.00 3.99 4.04 4.13 4.17 4.20 4.22 4.23 4.26 4.27 4.22 4.27 4.23 4.27 4.32 4.29 4.22 4.19 4.18 4.17 4.10 4.09 4.13 4.10 4.08 4.10 4.15 4.21 4.30 4.40 4.50 4.59 4.69 4.77 4.84 4.90 4.97 5.06 5.17 5.29 5.35 5.42
4.52 4.51 4.47 4.42 4.37 4.31 4.22 4.17 4.12 4.08 4.03 4.02 4.07 4.08 4.08 4.09 4.21 4.22 4.22 4.20 4.19 4.02 4.00 3.87 3.86 3.85 3.90 3.89 3.87 3.86 3.85 3.84 3.80 3.79 3.79 3.83 3.83 3.89 3.89 3.91 3.92 3.96 4.00 4.05 4.17 4.16 4.20 4.23 4.25 4.25 4.27 4.26 4.26 4.25 4.20 4.19 4.22 4.23 4.19 4.17 4.17 4.16 4.10 4.09 4.05 4.02 4.09 4.11 4.15 4.22 4.30 4.40 4.50 4.61 4.71 4.78 4.84 4.89 4.96 5.06 5.20 5.37 5.51 5.63
4.46 4.44 4.42 4.37 4.32 4.27 4.21 4.13 4.08 4.04 4.01 4.04 4.04 4.05 4.16 4.17 4.17 4.18 4.18 4.18 4.15 4.02 3.97 3.81 3.81 3.91 3.90 3.89 3.88 3.87 3.86 3.85 3.84 3.84 3.80 3.81 3.81 3.87 3.88 3.88 3.91 4.01 4.04 4.11 4.19 4.23 4.25 4.28 4.29 4.28 4.26 4.26 4.25 4.25 4.18 4.16 4.19 4.21 4.22 4.21 4.16 4.11 4.10 4.09 4.04 4.01 4.07 4.10 4.14 4.20 4.29 4.42 4.55 4.64 4.74 4.81 4.85 4.89 4.95 5.03 5.21 5.43 5.67 5.87
4.42 4.41 4.38 4.34 4.30 4.24 4.18 4.12 4.05 4.00 4.01 4.01 4.10 4.12 4.13 4.13 4.14 4.14 4.14 4.14 4.01 3.99 3.79 3.80 3.90 3.90 3.89 3.89 3.88 3.87 3.87 3.86 3.85 3.84 3.84 3.83 3.83 3.82 3.85 3.93 3.95 3.97 4.00 4.09 4.19 4.30 4.37 4.35 4.34 4.30 4.28 4.26 4.24 4.23 4.22 4.20 4.17 4.24 4.20 4.17 4.16 4.11 4.10 4.08 4.02 3.97 4.04 4.08 4.14 4.19 4.28 4.41 4.55 4.70 4.79 4.85 4.87 4.87 4.89 4.98 5.17 5.49 5.83 6.15
4.43 4.39 4.36 4.33 4.28 4.23 4.17 4.11 4.08 4.01 4.04 4.06 4.08 4.09 4.10 4.10 4.11 4.11 4.11 4.11 3.98 3.83 3.77 3.78 3.89 3.89 3.89 3.89 3.89 3.88 3.87 3.87 3.86 3.85 3.85 3.84 3.89 3.85 3.92 3.94 3.93 3.94 3.96 4.06 4.18 4.30 4.41 4.45 4.35 4.30 4.28 4.25 4.23 4.22 4.20 4.29 4.25 4.24 4.20 4.16 4.16 4.13 4.07 4.09 4.01 3.94 4.02 4.07 4.14 4.17 4.24 4.39 4.55 4.71 4.87 4.90 4.87 4.84 4.83 4.87 5.13 5.51 5.91 6.37
4.50 4.48 4.45 4.41 4.36 4.31 4.24 4.17 4.13 4.07 4.06 4.05 4.06 4.07 4.07 4.07 4.07 4.07 4.07 4.07 4.01 3.84 3.85 3.86 3.87 3.88 3.89 3.90 3.90 3.96 3.96 3.94 3.93 3.92 3.92 3.90 3.89 3.90 3.91 3.92 3.96 3.97 4.00 4.09 4.20 4.31 4.35 4.39 4.37 4.35 4.32 4.32 4.27 4.26 4.25 4.29 4.22 4.19 4.21 4.18 4.18 4.14 4.13 4.07 4.05 4.01 4.07 4.11 4.17 4.21 4.26 4.39 4.53 4.67 4.79 4.86 4.82 4.81 4.82 4.90 5.16 5.50 5.87 6.22
4.52 4.50 4.47 4.43 4.38 4.32 4.26 4.23 4.16 4.11 4.07 4.08 4.06 4.06 4.05 4.05 4.04 4.14 4.13 4.12 3.98 3.82 3.83 3.85 3.86 3.88 4.00 3.99 3.98 3.98 3.97 3.96 3.95 3.95 3.93 3.93 3.92 3.94 3.94 3.94 3.95 3.99 4.02 4.09 4.17 4.25 4.30 4.34 4.36 4.30 4.29 4.30 4.30 4.29 4.25 4.29 4.22 4.20 4.22 4.19 4.19 4.15 4.16 4.11 4.11 4.08 4.15 4.17 4.20 4.23 4.30 4.41 4.52 4.62 4.71 4.79 4.82 4.80 4.85 4.99 5.18 5.43 5.70 5.92
4.56 4.55 4.51 4.47 4.41 4.35 4.33 4.26 4.20 4.23 4.19 4.19 4.17 4.16 4.15 4.02 4.10 4.09 4.09 4.17 4.01 4.02 3.94 3.95 3.97 4.00 4.01 4.01 4.01 4.01 4.00 3.99 3.98 3.97 3.97 3.96 3.96 3.98 3.97 3.97 3.97 3.97 3.99 4.07 4.13 4.19 4.25 4.27 4.29 4.30 4.25 4.27 4.28 4.29 4.28 4.23 4.22 4.21 4.19 4.20 4.17 4.22 4.19 4.15 4.12 4.15 4.22 4.22 4.23 4.27 4.33 4.40 4.48 4.57 4.64 4.72 4.77 4.83 4.88 5.00 5.16 5.34 5.53 5.67
4.73 4.71 4.67 4.62 4.55 4.43 4.36 4.38 4.32 4.26 4.22 4.18 4.18 4.15 4.13 4.10 4.08 4.06 4.13 4.12 3.96 3.98 3.91 3.94 3.96 3.99 4.02 4.03 4.03 4.03 4.03 4.02 4.00 4.00 4.00 4.00 4.03 4.02 4.01 4.00 3.98 3.97 3.98 4.00 4.08 4.13 4.18 4.19 4.23 4.25 4.27 4.27 4.27 4.27 4.28 4.28 4.23 4.22 4.20 4.18 4.16 4.24 4.22 4.19 4.17 4.28 4.27 4.27 4.27 4.30 4.34 4.40 4.46 4.52 4.59 4.67 4.73 4.78 4.87 4.97 5.11 5.25 5.39 5.49
4.82 4.80 4.75 4.68 4.60 4.62 4.54 4.47 4.40 4.34 4.29 4.24 4.18 4.15 4.11 4.07 4.03 4.12 4.10 3.97 3.93 3.96 3.88 3.92 3.96 4.00 4.04 4.03 4.07 4.06 4.04 4.03 4.03 4.03 4.04 4.05 4.08 4.07 4.05 4.03 3.99 3.96 3.95 3.96 3.98 4.07 4.11 4.13 4.17 4.20 4.23 4.26 4.25 4.27 4.28 4.29 4.29 4.24 4.22 4.20 4.18 4.27 4.24 4.22 4.21 4.20 4.31 4.31 4.30 4.32 4.35 4.38 4.43 4.48 4.53 4.62 4.69 4.74 4.83 4.93 5.05 5.16 5.27 5.33
4.93 4.90 4.84 4.75 4.75 4.66 4.58 4.50 4.43 4.36 4.31 4.25 4.20 4.14 4.09 4.03 4.09 4.04 4.01 3.86 3.88 3.91 3.85 3.91 3.96 4.01 4.06 4.09 4.11 4.10 4.07 4.06 4.05 4.05 4.07 4.10 4.14 4.13 4.10 4.05 3.99 3.94 3.90 3.90 3.92 3.95 4.04 4.06 4.11 4.16 4.20 4.25 4.29 4.26 4.29 4.30 4.30 4.30 4.24 4.23 4.21 4.26 4.27 4.25 4.24 4.23 4.34 4.33 4.32 4.33 4.34 4.36 4.39 4.43 4.47 4.56 4.63 4.69 4.79 4.89 4.99 5.08 5.17 5.22
5.08 5.03 4.94 4.92 4.81 4.71 4.61 4.53 4.45 4.38 4.32 4.26 4.20 4.22 4.16 4.11 4.03 3.95 3.76 3.76 3.80 3.87 3.84 3.91 3.96 4.03 4.09 4.13 4.15 4.13 4.10 4.07 4.06 4.07 4.10 4.17 4.21 4.21 4.17 4.08 3.99 3.89 3.84 3.83 3.85 3.89 3.97 4.01 4.06 4.12 4.17 4.22 4.28 4.32 4.30 4.32 4.33 4.33 4.31 4.25 4.27 4.25 4.26 4.28 4.27 4.26 4.36 4.35 4.33 4.33 4.33 4.34 4.35 4.39 4.42 4.45 4.53 4.65 4.75 4.85 4.94 5.02 5.10 5.14
5.26 5.19 5.12 4.98 4.85 4.74 4.64 4.55 4.47 4.40 4.33 4.27 4.29 4.22 4.14 4.07 3.97 3.86 3.65 3.64 3.72 3.82 3.81 3.90 3.98 4.08 4.14 4.19 4.22 4.18 4.13 4.08 4.05 4.06 4.12 4.20 4.29 4.32 4.26 4.14 3.99 3.84 3.76 3.75 3.79 3.83 3.87 3.97 4.01 4.08 4.14 4.21 4.27 4.32 4.36 4.37 4.36 4.35 4.33 4.29 4.28 4.26 4.28 4.27 4.29 4.28 4.32 4.34 4.33 4.32 4.32 4.31 4.31 4.33 4.34 4.37 4.47 4.60 4.71 4.82 4.90 4.98 5.05 5.09
5.47 5.38 5.19 5.02 4.88 4.76 4.66 4.56 4.48 4.41 4.34 4.28 4.29 4.22 4.13 4.04 3.94 3.67 3.54 3.52 3.66 3.79 3.80 3.90 3.99 4.09 4.17 4.24 4.29 4.23 4.16 4.09 4.03 4.04 4.13 4.24 4.35 4.46 4.37 4.18 3.99 3.79 3.65 3.70 3.76 3.80 3.83 3.87 3.94 4.01 4.13 4.20 4.30 4.31 4.39 4.43 4.46 4.44 4.41 4.32 4.33 4.31 4.29 4.28 4.30 4.30 4.33 4.35 4.33 4.32 4.30 4.30 4.28 4.25 4.25 4.29 4.41 4.54 4.68 4.79 4.87 4.94 5.00 5.06
5.48 5.36 5.18 5.02 4.88 4.76 4.66 4.57 4.49 4.42 4.35 4.41 4.33 4.26 4.17 3.95 3.85 3.72 3.56 3.55 3.67 3.80 3.85 3.94 4.03 4.07 4.16 4.24 4.30 4.25 4.17 4.11 4.05 4.07 4.16 4.26 4.37 4.49 4.38 4.21 4.02 3.82 3.70 3.73 3.78 3.84 3.87 3.92 3.99 4.01 4.11 4.18 4.24 4.35 4.40 4.43 4.45 4.43 4.41 4.39 4.33 4.32 4.26 4.28 4.28 4.27 4.25 4.32 4.31 4.29 4.31 4.29 4.28 4.25 4.21 4.27 4.40 4.52 4.63 4.74 4.81 4.87 4.93 4.97
