data/Validacao/F251115.grd
DSAA
94	94
0.0000	100.0000
0.0000	100.0000
3.5224	8.1771
[rows 38 to 75 of 94, columns 0 to 83 of 94]
3.61 3.67 3.78 3.88 3.95 4.01 4.06 4.09 4.11 4.12 4.12 4.11 4.09 4.06 4.07 4.01 3.82 3.73 3.65 3.65 3.74 3.84 3.93 4.00 4.19 4.25 4.28 4.32 4.41 4.47 4.52 4.62 4.67 4.74 4.81 4.89 4.95 5.00 5.05 5.04 5.07 5.14 5.14 5.24 5.21 5.21 5.21 5.21 5.20 5.30 5.28 5.21 5.17 5.16 5.13 5.11 5.04 5.04 5.05 5.07 5.08 5.08 5.03 5.03 5.02 4.89 4.83 4.82 4.73 4.72 4.72 4.70 4.70 4.69 4.69 4.67 4.63 4.60 4.58 4.55 4.53 4.49 4.49 4.49
3.77 3.79 3.86 3.93 4.00 4.05 4.09 4.11 4.12 4.13 4.13 4.12 4.10 4.07 4.09 4.04 3.97 3.79 3.75 3.74 3.79 3.85 3.92 3.98 4.13 4.18 4.23 4.28 4.36 4.41 4.46 4.55 4.64 4.70 4.75 4.92 4.90 4.94 5.00 5.01 5.11 5.12 5.12 5.19 5.19 5.20 5.19 5.19 5.18 5.12 5.21 5.20 5.18 5.15 5.13 5.11 5.07 5.07 5.08 5.05 5.01 5.01 5.01 5.00 4.87 4.87 4.81 4.75 4.75 4.74 4.67 4.68 4.68 4.67 4.65 4.63 4.60 4.58 4.55 4.52 4.50 4.48 4.57 4.57
3.90 3.91 3.95 4.00 4.04 4.09 4.12 4.14 4.16 4.16 4.16 4.14 4.12 4.16 4.13 4.08 4.03 3.99 3.84 3.83 3.85 3.89 3.93 3.98 4.11 4.15 4.19 4.22 4.30 4.35 4.40 4.50 4.56 4.65 4.71 4.76 4.92 4.95 4.92 4.93 5.08 5.09 5.10 5.17 5.17 5.18 5.17 5.17 5.11 5.10 5.10 5.18 5.18 5.17 5.08 5.07 5.07 5.07 5.07 5.02 4.99 4.99 4.99 4.86 4.85 4.77 4.75 4.74 4.69 4.68 4.64 4.70 4.65 4.64 4.62 4.60 4.60 4.57 4.52 4.59 4.46 4.52 4.51 4.54
4.02 4.02 4.04 4.07 4.10 4.13 4.15 4.17 4.18 4.18 4.18 4.18 4.19 4.20 4.17 4.13 4.10 4.07 4.04 4.02 3.91 3.93 3.95 3.95 3.97 4.04 4.06 4.17 4.16 4.28 4.31 4.44 4.50 4.58 4.64 4.73 4.79 4.90 4.94 4.96 4.92 4.93 5.01 5.15 5.05 5.15 5.15 5.09 5.09 5.09 5.08 5.18 5.17 5.12 5.11 5.07 5.07 5.02 5.01 5.01 4.98 4.97 4.81 4.80 4.79 4.78 4.73 4.71 4.70 4.66 4.62 4.68 4.67 4.65 4.63 4.60 4.57 4.62 4.58 4.55 4.58 4.55 4.48 4.47
4.12 4.12 4.13 4.14 4.16 4.18 4.19 4.20 4.21 4.21 4.21 4.20 4.25 4.24 4.22 4.20 4.18 4.11 4.11 4.10 4.10 3.90 3.90 3.91 4.01 4.00 4.02 4.03 4.08 4.15 4.21 4.28 4.34 4.53 4.65 4.68 4.73 4.86 4.75 4.78 4.87 4.88 4.97 5.06 5.06 5.09 5.00 5.00 5.13 5.13 5.13 5.08 5.12 5.11 5.11 5.10 5.05 5.01 5.00 5.00 4.91 4.80 4.78 4.78 4.77 4.70 4.70 4.69 4.68 4.67 4.66 4.64 4.63 4.68 4.65 4.61 4.65 4.61 4.57 4.59 4.51 4.48 4.45 4.44
4.18 4.21 4.21 4.22 4.22 4.23 4.23 4.23 4.23 4.23 4.23 4.23 4.28 4.28 4.27 4.26 4.22 4.21 4.12 4.10 4.09 4.07 3.98 3.98 3.96 3.98 3.96 3.96 4.07 4.07 4.14 4.21 4.28 4.44 4.51 4.58 4.63 4.73 4.78 4.79 4.81 4.83 4.93 4.93 5.04 4.90 4.90 4.90 4.98 4.90 4.90 4.90 5.00 5.16 5.09 5.09 4.98 4.98 4.97 4.89 4.88 4.77 4.77 4.76 4.71 4.71 4.68 4.67 4.62 4.58 4.63 4.62 4.61 4.63 4.60 4.65 4.62 4.58 4.56 4.51 4.42 4.37 4.33 4.31
4.27 4.26 4.26 4.28 4.28 4.28 4.27 4.27 4.26 4.25 4.25 4.24 4.31 4.29 4.23 4.27 4.26 4.20 4.18 4.17 4.16 4.13 4.04 4.01 3.97 4.01 3.91 3.96 3.96 3.97 4.05 4.14 4.24 4.35 4.48 4.54 4.63 4.68 4.82 4.77 4.79 4.81 4.80 4.92 4.92 4.89 4.89 4.89 4.89 4.89 4.90 4.90 4.99 4.99 5.09 5.08 4.97 4.97 4.96 4.87 4.83 4.76 4.75 4.71 4.70 4.69 4.63 4.62 4.61 4.63 4.62 4.58 4.63 4.61 4.58 4.63 4.53 4.57 4.48 4.42 4.36 4.29 4.23 4.19
4.34 4.33 4.37 4.36 4.35 4.33 4.32 4.30 4.26 4.25 4.25 4.31 4.32 4.32 4.33 4.33 4.28 4.27 4.26 4.24 4.21 4.18 4.14 4.03 4.07 4.00 3.85 3.78 3.81 3.87 3.98 4.09 4.29 4.32 4.50 4.60 4.66 4.66 4.75 4.78 4.73 4.75 4.84 4.91 4.85 4.86 4.86 4.86 4.88 4.89 4.89 4.89 4.99 4.99 5.03 5.08 4.97 4.96 5.01 4.82 4.81 4.80 4.70 4.69 4.69 4.63 4.62 4.61 4.64 4.63 4.59 4.57 4.55 4.61 4.60 4.55 4.56 4.51 4.45 4.38 4.30 4.21 4.13 4.06
4.42 4.45 4.44 4.43 4.41 4.39 4.37 4.32 4.29 4.26 4.31 4.34 4.35 4.34 4.35 4.35 4.35 4.34 4.32 4.30 4.27 4.23 4.18 4.17 4.09 4.00 3.82 3.70 3.67 3.79 3.94 4.16 4.27 4.37 4.49 4.59 4.65 4.70 4.75 4.78 4.80 4.74 4.83 4.83 4.84 4.85 4.85 4.85 4.88 4.89 4.89 4.89 4.95 4.95 5.03 5.02 4.96 5.01 4.96 4.81 4.80 4.69 4.69 4.68 4.68 4.62 4.62 4.64 4.63 4.68 4.67 4.65 4.63 4.55 4.59 4.59 4.54 4.48 4.42 4.34 4.25 4.15 4.04 3.92
4.51 4.45 4.44 4.43 4.41 4.40 4.37 4.39 4.36 4.32 4.36 4.35 4.37 4.39 4.41 4.41 4.41 4.41 4.39 4.37 4.34 4.29 4.35 4.21 4.13 4.03 3.88 3.75 3.71 3.83 3.98 4.16 4.28 4.38 4.52 4.59 4.65 4.70 4.74 4.78 4.80 4.90 4.83 4.78 4.79 4.85 4.85 4.85 4.88 4.89 4.89 4.96 4.95 4.95 4.95 5.05 5.01 5.00 4.95 4.86 4.84 4.80 4.69 4.68 4.67 4.63 4.63 4.63 4.67 4.67 4.66 4.65 4.66 4.64 4.57 4.53 4.47 4.41 4.34 4.26 4.17 4.07 3.96 3.85
4.58 4.51 4.50 4.48 4.47 4.45 4.46 4.44 4.41 4.35 4.37 4.39 4.41 4.46 4.47 4.48 4.49 4.48 4.47 4.45 4.41 4.48 4.42 4.36 4.15 4.06 3.96 3.88 3.89 3.94 4.04 4.21 4.31 4.42 4.54 4.61 4.66 4.71 4.75 4.78 4.80 4.90 4.77 4.78 4.79 4.80 4.85 4.85 4.85 4.89 4.89 4.96 4.96 4.96 4.95 4.94 4.97 4.96 4.94 4.85 4.83 4.78 4.67 4.66 4.62 4.62 4.62 4.65 4.67 4.67 4.69 4.68 4.67 4.61 4.58 4.57 4.47 4.40 4.33 4.25 4.16 4.07 3.98 3.91
4.59 4.59 4.57 4.56 4.54 4.51 4.53 4.45 4.43 4.42 4.42 4.47 4.48 4.50 4.52 4.56 4.57 4.57 4.56 4.54 4.53 4.48 4.52 4.45 4.23 4.15 4.08 4.02 4.08 4.14 4.20 4.20 4.34 4.46 4.57 4.63 4.68 4.72 4.76 4.79 4.81 4.90 4.85 4.78 4.79 4.80 4.80 4.86 4.86 4.84 4.84 4.97 4.96 4.96 4.95 4.90 4.87 4.86 4.87 4.86 4.84 4.82 4.66 4.61 4.61 4.63 4.63 4.64 4.65 4.70 4.70 4.69 4.65 4.63 4.59 4.58 4.52 4.40 4.33 4.25 4.16 4.09 4.02 3.98
4.68 4.67 4.66 4.63 4.61 4.61 4.53 4.51 4.50 4.50 4.50 4.51 4.53 4.57 4.59 4.61 4.64 4.65 4.65 4.66 4.62 4.67 4.60 4.54 4.33 4.32 4.26 4.21 4.21 4.26 4.27 4.33 4.36 4.43 4.60 4.65 4.78 4.82 4.85 4.79 4.93 4.84 4.86 4.73 4.74 4.76 4.81 4.83 4.83 4.83 4.85 4.84 4.96 4.92 4.91 4.91 4.87 4.78 4.76 4.85 4.83 4.80 4.71 4.62 4.61 4.61 4.62 4.63 4.66 4.70 4.71 4.69 4.67 4.65 4.61 4.59 4.52 4.45 4.33 4.24 4.17 4.10 4.05 4.02
4.77 4.76 4.74 4.66 4.63 4.63 4.61 4.59 4.57 4.57 4.57 4.58 4.60 4.62 4.67 4.72 4.74 4.75 4.78 4.76 4.72 4.77 4.76 4.58 4.49 4.42 4.37 4.29 4.39 4.33 4.36 4.47 4.52 4.62 4.67 4.62 4.64 4.68 4.71 4.85 4.89 4.90 4.68 4.69 4.69 4.70 4.76 4.77 4.84 4.84 4.84 4.80 4.93 4.93 4.92 4.84 4.88 4.79 4.77 4.77 4.74 4.75 4.65 4.63 4.62 4.59 4.62 4.64 4.67 4.69 4.67 4.71 4.70 4.68 4.64 4.61 4.54 4.45 4.36 4.31 4.16 4.10 4.06 4.04
4.82 4.81 4.80 4.76 4.72 4.68 4.69 4.65 4.63 4.62 4.63 4.64 4.66 4.69 4.78 4.79 4.82 4.90 4.92 4.94 4.97 4.86 4.78 4.72 4.53 4.47 4.41 4.41 4.42 4.47 4.50 4.53 4.56 4.58 4.63 4.67 4.72 4.72 4.80 4.82 4.82 4.83 4.83 4.75 4.75 4.75 4.64 4.70 4.70 4.71 4.72 4.79 4.82 4.82 4.82 4.88 4.79 4.75 4.72 4.69 4.63 4.73 4.63 4.60 4.59 4.53 4.59 4.63 4.67 4.68 4.70 4.75 4.74 4.69 4.64 4.65 4.56 4.46 4.38 4.29 4.21 4.15 4.11 4.10
4.94 4.94 4.90 4.85 4.79 4.74 4.75 4.72 4.70 4.70 4.70 4.71 4.74 4.77 4.82 4.89 4.94 5.03 5.06 5.02 4.99 4.94 4.85 4.74 4.65 4.60 4.53 4.49 4.55 4.55 4.56 4.50 4.54 4.63 4.67 4.72 4.76 4.85 4.87 4.84 4.84 4.84 4.70 4.76 4.76 4.76 4.65 4.65 4.71 4.72 4.78 4.80 4.83 4.84 4.83 4.84 4.81 4.76 4.72 4.69 4.62 4.70 4.65 4.62 4.54 4.49 4.52 4.60 4.64 4.70 4.74 4.76 4.77 4.75 4.71 4.70 4.59 4.47 4.37 4.26 4.18 4.13 4.09 4.08
5.11 5.08 5.02 4.94 4.87 4.82 4.77 4.74 4.75 4.74 4.75 4.76 4.79 4.84 4.91 4.97 5.05 5.13 5.19 5.13 5.05 5.09 4.99 4.81 4.72 4.66 4.61 4.55 4.62 4.61 4.59 4.55 4.63 4.67 4.71 4.82 4.86 4.90 4.91 4.91 4.86 4.85 4.72 4.71 4.76 4.76 4.65 4.66 4.72 4.79 4.79 4.82 4.82 4.85 4.83 4.87 4.88 4.78 4.73 4.68 4.66 4.68 4.63 4.57 4.53 4.43 4.45 4.58 4.65 4.73 4.79 4.82 4.83 4.82 4.79 4.76 4.64 4.49 4.35 4.22 4.14 4.09 4.07 4.08
5.26 5.20 5.10 5.00 4.92 4.86 4.81 4.78 4.76 4.78 4.78 4.81 4.84 4.89 4.91 4.99 5.09 5.17 5.31 5.31 5.31 5.17 5.05 4.94 4.85 4.71 4.65 4.61 4.66 4.63 4.63 4.62 4.64 4.70 4.80 4.85 4.90 4.95 4.95 4.93 4.91 4.86 4.72 4.72 4.71 4.77 4.78 4.67 4.79 4.80 4.80 4.76 4.77 4.81 4.85 4.86 4.90 4.81 4.74 4.68 4.66 4.64 4.58 4.51 4.45 4.37 4.42 4.54 4.65 4.77 4.85 4.87 4.89 4.90 4.89 4.85 4.69 4.53 4.34 4.18 4.12 4.10 4.06 4.05
5.35 5.25 5.13 5.03 4.95 4.88 4.84 4.83 4.82 4.81 4.81 4.86 4.86 4.91 4.97 5.02 5.09 5.22 5.36 5.53 5.36 5.21 5.08 4.97 4.88 4.81 4.75 4.71 4.78 4.70 4.63 4.64 4.67 4.78 4.82 4.86 4.92 4.97 4.96 4.93 4.91 4.89 4.68 4.67 4.67 4.74 4.71 4.80 4.87 4.87 4.76 4.77 4.78 4.81 4.86 4.88 4.88 4.82 4.74 4.64 4.57 4.63 4.56 4.49 4.38 4.36 4.40 4.52 4.65 4.79 4.89 4.91 4.92 4.97 4.97 4.89 4.73 4.58 4.39 4.20 4.17 4.17 4.13 4.06
5.23 5.19 5.11 5.02 4.95 4.89 4.88 4.85 4.83 4.80 4.83 4.85 4.88 4.92 4.97 5.04 5.08 5.18 5.40 5.39 5.32 5.20 5.08 4.98 4.89 4.82 4.76 4.69 4.79 4.75 4.75 4.76 4.74 4.77 4.82 4.86 4.90 4.93 4.93 4.91 4.89 4.88 4.76 4.67 4.67 4.68 4.72 4.81 4.82 4.88 4.78 4.78 4.78 4.80 4.86 4.85 4.85 4.80 4.74 4.62 4.57 4.63 4.56 4.46 4.41 4.43 4.40 4.50 4.67 4.78 4.87 4.92 4.95 4.97 4.98 4.91 4.80 4.66 4.51 4.38 4.32 4.30 4.29 4.25
5.11 5.10 5.05 4.94 4.89 4.84 4.81 4.83 4.84 4.84 4.84 4.86 4.88 4.92 4.96 5.02 5.08 5.25 5.28 5.27 5.20 5.15 5.09 5.00 4.92 4.72 4.67 4.63 4.70 4.75 4.75 4.72 4.74 4.76 4.81 4.84 4.87 4.88 4.88 4.87 4.86 4.75 4.74 4.67 4.68 4.63 4.64 4.76 4.85 4.90 4.87 4.79 4.77 4.79 4.79 4.85 4.83 4.74 4.68 4.57 4.60 4.55 4.50 4.48 4.49 4.48 4.52 4.51 4.66 4.75 4.83 4.89 4.94 4.97 4.97 4.95 4.88 4.78 4.68 4.60 4.54 4.50 4.50 4.46
5.01 5.00 4.98 4.90 4.86 4.87 4.85 4.86 4.85 4.85 4.85 4.86 4.88 4.91 4.94 4.98 5.19 5.17 5.18 5.16 5.11 5.07 4.92 4.97 4.76 4.70 4.65 4.71 4.68 4.73 4.68 4.69 4.72 4.75 4.76 4.81 4.83 4.84 4.84 4.83 4.82 4.71 4.72 4.66 4.62 4.64 4.67 4.78 4.79 4.89 4.88 4.87 4.78 4.76 4.77 4.75 4.80 4.72 4.67 4.55 4.59 4.54 4.50 4.49 4.51 4.51 4.52 4.58 4.66 4.72 4.80 4.87 4.93 4.97 5.00 5.00 4.97 4.92 4.86 4.81 4.77 4.74 4.71 4.70
4.92 4.92 4.88 4.86 4.84 4.85 4.87 4.86 4.85 4.85 4.86 4.86 4.88 4.89 4.92 5.12 5.14 5.15 5.10 5.08 5.04 5.00 4.94 4.80 4.73 4.67 4.72 4.68 4.65 4.65 4.66 4.67 4.69 4.72 4.74 4.77 4.78 4.81 4.80 4.74 4.72 4.72 4.68 4.64 4.68 4.66 4.70 4.81 4.82 4.91 4.90 4.88 4.78 4.75 4.76 4.73 4.78 4.69 4.65 4.53 4.58 4.54 4.50 4.54 4.52 4.52 4.52 4.57 4.63 4.71 4.77 4.85 4.92 4.99 5.04 5.07 5.08 5.07 5.05 5.02 5.00 4.98 4.96 4.94
4.82 4.83 4.82 4.85 4.84 4.83 4.85 4.85 4.85 4.86 4.86 4.86 4.87 4.88 5.00 5.08 5.09 5.09 5.02 5.00 4.99 4.94 4.91 4.85 4.79 4.73 4.68 4.64 4.63 4.62 4.62 4.64 4.66 4.69 4.73 4.75 4.76 4.76 4.72 4.69 4.67 4.56 4.57 4.63 4.69 4.80 4.86 4.86 4.87 4.87 4.93 4.90 4.78 4.85 4.70 4.73 4.71 4.67 4.56 4.62 4.53 4.49 4.45 4.62 4.59 4.51 4.51 4.55 4.60 4.68 4.80 4.89 4.98 5.07 5.10 5.16 5.20 5.23 5.24 5.24 5.23 5.22 5.20 5.18
4.80 4.81 4.81 4.81 4.81 4.81 4.84 4.84 4.85 4.86 4.86 4.86 4.96 4.96 4.97 4.97 5.14 5.13 5.12 5.04 5.01 4.92 4.87 4.81 4.75 4.69 4.66 4.62 4.59 4.57 4.59 4.61 4.64 4.67 4.70 4.74 4.75 4.74 4.69 4.65 4.51 4.49 4.51 4.57 4.71 4.83 4.91 4.95 4.93 4.91 4.96 4.91 4.87 4.84 4.68 4.64 4.63 4.58 4.54 4.61 4.51 4.47 4.44 4.52 4.57 4.56 4.48 4.51 4.56 4.63 4.77 4.87 4.99 5.11 5.17 5.26 5.33 5.39 5.43 5.46 5.47 5.46 5.45 5.42
4.75 4.76 4.77 4.77 4.78 4.79 4.80 4.84 4.85 4.87 4.87 4.96 4.95 4.94 5.10 5.10 5.10 5.09 5.08 5.05 4.96 4.93 4.82 4.69 4.64 4.67 4.61 4.55 4.52 4.52 4.55 4.58 4.62 4.66 4.70 4.73 4.75 4.75 4.70 4.56 4.46 4.47 4.50 4.59 4.74 4.91 4.98 5.04 5.00 5.01 4.90 4.92 4.87 4.81 4.66 4.62 4.61 4.56 4.52 4.54 4.49 4.46 4.42 4.50 4.54 4.51 4.43 4.47 4.52 4.58 4.72 4.85 4.99 5.15 5.25 5.36 5.47 5.55 5.63 5.69 5.70 5.70 5.68 5.66
4.70 4.72 4.73 4.74 4.75 4.77 4.79 4.81 4.86 4.88 4.96 4.95 5.08 5.08 5.08 5.07 5.06 5.05 5.04 5.01 4.93 4.89 4.71 4.66 4.71 4.64 4.56 4.48 4.44 4.47 4.50 4.55 4.61 4.65 4.70 4.73 4.76 4.76 4.64 4.57 4.45 4.35 4.35 4.50 4.71 4.93 5.08 5.15 5.12 5.04 4.99 4.93 4.86 4.79 4.74 4.65 4.58 4.56 4.52 4.53 4.58 4.44 4.52 4.48 4.50 4.45 4.39 4.42 4.47 4.52 4.64 4.80 5.00 5.19 5.37 5.48 5.59 5.70 5.85 5.95 5.92 5.90 5.90 5.90
4.88 4.68 4.70 4.71 4.73 4.74 4.77 4.80 4.90 4.93 5.08 5.07 5.06 5.06 5.05 5.04 5.03 5.02 5.00 4.98 4.91 4.79 4.69 4.65 4.69 4.62 4.53 4.44 4.37 4.43 4.48 4.55 4.60 4.65 4.70 4.74 4.81 4.78 4.69 4.55 4.41 4.25 4.20 4.42 4.68 4.94 5.17 5.24 5.15 5.04 4.98 4.91 4.85 4.77 4.72 4.72 4.57 4.54 4.53 4.50 4.57 4.53 4.51 4.54 4.46 4.40 4.41 4.45 4.46 4.49 4.57 4.78 4.99 5.21 5.43 5.59 5.70 5.83 5.98 6.14 6.11 6.08 6.10 6.14
4.89 4.89 4.90 4.91 4.92 4.93 4.94 4.95 5.06 5.07 5.15 5.02 5.02 5.03 5.03 5.02 5.01 5.00 4.98 4.96 4.83 4.75 4.72 4.68 4.63 4.57 4.55 4.47 4.43 4.51 4.57 4.62 4.67 4.71 4.76 4.74 4.77 4.79 4.69 4.56 4.44 4.31 4.28 4.44 4.66 4.89 5.05 5.12 5.07 4.94 4.86 4.82 4.78 4.77 4.72 4.71 4.63 4.58 4.51 4.55 4.52 4.58 4.60 4.50 4.45 4.47 4.43 4.49 4.52 4.52 4.62 4.79 5.01 5.22 5.42 5.62 5.75 5.88 6.00 6.12 6.13 6.18 6.18 6.15
4.86 4.87 4.87 4.88 4.89 4.90 4.91 5.03 5.04 5.04 5.04 5.13 4.99 4.98 4.98 4.97 4.96 5.07 5.06 4.98 4.82 4.75 4.72 4.68 4.64 4.60 4.69 4.63 4.59 4.58 4.61 4.65 4.69 4.73 4.71 4.74 4.76 4.76 4.68 4.58 4.48 4.41 4.40 4.48 4.63 4.79 4.88 4.94 4.94 4.85 4.79 4.76 4.69 4.64 4.72 4.67 4.60 4.57 4.54 4.54 4.51 4.58 4.54 4.52 4.48 4.53 4.50 4.52 4.56 4.62 4.69 4.84 5.01 5.20 5.44 5.61 5.72 5.86 5.98 6.08 6.14 6.16 6.16 6.15
4.83 4.84 4.85 4.85 4.86 4.88 4.98 4.99 4.99 5.10 5.10 5.21 5.21 5.21 5.20 4.95 5.06 5.05 5.04 5.01 4.86 4.84 4.83 4.80 4.77 4.80 4.75 4.71 4.68 4.65 4.66 4.69 4.72 4.68 4.72 4.75 4.77 4.77 4.72 4.62 4.54 4.47 4.46 4.51 4.60 4.70 4.79 4.80 4.81 4.79 4.70 4.69 4.64 4.63 4.59 4.64 4.57 4.55 4.52 4.50 4.50 4.58 4.55 4.54 4.52 4.58 4.55 4.57 4.61 4.67 4.73 4.86 5.01 5.18 5.41 5.57 5.68 5.82 5.93 6.02 6.09 6.11 6.12 6.10
4.90 4.91 4.92 4.92 4.93 4.95 4.96 5.08 5.08 5.09 5.09 5.09 5.19 5.19 5.19 5.18 5.17 5.16 5.21 4.99 4.85 4.84 4.84 4.82 4.80 4.78 4.81 4.78 4.76 4.72 4.72 4.73 4.67 4.70 4.74 4.78 4.82 4.81 4.76 4.66 4.59 4.52 4.49 4.49 4.55 4.61 4.66 4.67 4.68 4.68 4.66 4.61 4.60 4.57 4.54 4.52 4.53 4.52 4.49 4.48 4.50 4.58 4.56 4.56 4.55 4.61 4.58 4.60 4.64 4.70 4.75 4.86 5.00 5.15 5.39 5.54 5.65 5.77 5.88 5.97 6.05 6.07 6.08 6.06
4.87 4.88 4.89 4.90 4.91 5.12 5.13 5.13 5.14 5.14 5.14 5.14 5.18 5.18 5.17 5.16 5.15 5.18 5.17 5.11 4.91 4.83 4.86 4.85 4.84 4.83 4.78 4.79 4.80 4.78 4.67 4.67 4.69 4.72 4.77 4.82 4.87 4.87 4.83 4.72 4.63 4.54 4.48 4.46 4.47 4.52 4.55 4.55 4.57 4.58 4.57 4.49 4.54 4.52 4.49 4.47 4.55 4.55 4.40 4.52 4.51 4.61 4.59 4.66 4.64 4.63 4.61 4.62 4.65 4.71 4.83 4.94 5.07 5.21 5.36 5.51 5.67 5.80 5.90 5.99 6.02 6.05 6.06 6.04
4.84 4.85 4.86 4.87 5.08 5.10 5.11 5.12 5.12 5.13 5.13 5.13 5.13 5.17 5.16 5.14 5.18 5.16 5.14 5.03 5.02 4.84 4.88 4.88 4.88 4.88 4.85 4.85 4.80 4.77 4.72 4.69 4.69 4.73 4.79 4.87 4.95 4.96 4.91 4.81 4.66 4.54 4.45 4.41 4.40 4.41 4.47 4.44 4.47 4.48 4.52 4.50 4.52 4.46 4.44 4.42 4.44 4.37 4.38 4.50 4.51 4.62 4.67 4.66 4.66 4.65 4.63 4.63 4.65 4.73 4.81 4.91 5.05 5.19 5.34 5.49 5.65 5.78 5.90 5.98 6.04 6.04 6.05 6.03
4.80 4.81 4.83 5.03 5.06 5.08 5.09 5.10 5.11 5.12 5.12 5.12 5.12 5.17 5.16 5.18 5.16 5.13 5.01 5.01 5.02 5.03 5.01 5.02 4.92 4.94 4.92 4.93 4.89 4.82 4.75 4.70 4.67 4.71 4.81 4.95 5.06 5.09 5.03 4.89 4.69 4.52 4.39 4.33 4.31 4.31 4.36 4.37 4.36 4.43 4.45 4.44 4.47 4.45 4.39 4.37 4.39 4.40 4.36 4.49 4.51 4.63 4.63 4.68 4.67 4.66 4.64 4.63 4.67 4.70 4.77 4.88 5.02 5.17 5.32 5.50 5.64 5.78 5.90 6.00 6.06 6.08 6.06 6.05
4.76 4.78 4.97 5.01 5.03 5.06 5.08 5.09 5.10 5.11 5.11 5.11 5.17 5.17 5.15 5.16 5.14 5.11 4.99 4.99 5.01 5.03 5.02 5.05 5.07 4.94 4.98 4.99 4.99 4.89 4.78 4.68 4.62 4.66 4.81 5.00 5.19 5.28 5.19 4.94 4.69 4.46 4.29 4.24 4.23 4.23 4.25 4.28 4.28 4.37 4.40 4.39 4.42 4.41 4.38 4.32 4.32 4.36 4.35 4.42 4.51 4.64 4.65 4.70 4.69 4.68 4.65 4.70 4.65 4.65 4.71 4.83 4.99 5.15 5.33 5.49 5.64 5.79 5.93 6.03 6.09 6.10 6.10 6.09
4.72 4.90 4.95 4.99 5.02 5.04 5.06 5.08 5.09 5.10 5.10 5.11 5.17 5.16 5.15 5.13 5.13 5.00 4.97 4.97 5.00 5.04 5.04 5.07 5.10 4.97 5.03 5.08 5.11 4.96 4.82 4.67 4.54 4.57 4.79 5.04 5.29 5.52 5.33 5.01 4.69 4.39 4.17 4.15 4.16 4.16 4.14 4.17 4.25 4.31 4.37 4.37 4.44 4.38 4.37 4.32 4.26 4.38 4.34 4.39 4.53 4.66 4.72 4.72 4.73 4.70 4.70 4.72 4.69 4.65 4.67 4.84 5.03 5.18 5.35 5.53 5.69 5.80 5.96 6.09 6.12 6.12 6.12 6.12
4.87 4.90 4.94 4.98 5.01 5.04 5.05 5.07 5.08 5.09 5.10 5.15 5.15 5.14 5.13 5.08 5.06 5.03 4.98 4.98 5.02 5.05 5.07 5.10 5.13 5.05 5.10 5.13 5.21 5.02 4.83 4.69 4.57 4.60 4.80 5.04 5.28 5.51 5.30 5.00 4.69 4.39 4.18 4.15 4.16 4.24 4.23 4.21 4.29 4.30 4.37 4.37 4.37 4.42 4.36 4.32 4.31 4.40 4.36 4.50 4.57 4.69 4.71 4.76 4.77 4.72 4.75 4.73 4.73 4.70 4.72 4.88 5.05 5.23 5.39 5.49 5.68 5.79 5.94 6.06 6.10 6.10 6.11 6.12
