data/Validacao/F251115.grd
DSAA
94	94
0.0000	100.0000
0.0000	100.0000
3.5224	8.1771
[rows 0 to 37 of 94, columns 0 to 83 of 94]
4.33 4.39 4.46 4.52 4.57 4.61 4.65 4.79 4.82 4.85 4.89 4.92 4.95 4.99 5.05 5.10 5.15 5.26 5.31 5.34 5.34 5.41 5.41 5.42 5.42 5.44 5.45 5.65 5.66 5.74 5.76 5.77 5.83 5.85 5.93 5.96 6.00 6.05 6.09 6.07 6.05 6.04 6.13 6.03 6.03 6.04 6.02 6.05 6.47 6.50 6.53 6.57 6.63 6.69 6.73 6.80 6.86 6.82 6.77 6.77 6.76 6.76 6.78 6.79 6.83 6.88 6.86 6.94 7.04 7.10 7.25 7.34 7.58 7.86 8.18 8.00 7.62 7.36 7.09 6.86 6.61 6.44 6.29 6.17
4.38 4.42 4.47 4.53 4.57 4.62 4.66 4.69 4.72 4.85 4.88 4.92 4.95 4.99 5.05 5.10 5.16 5.27 5.32 5.35 5.36 5.43 5.44 5.44 5.44 5.44 5.46 5.66 5.67 5.68 5.76 5.77 5.83 5.85 5.92 5.95 5.98 6.02 6.07 6.05 6.04 6.03 6.12 6.02 6.02 6.03 6.01 6.03 6.44 6.46 6.50 6.55 6.61 6.67 6.69 6.76 6.81 6.80 6.75 6.76 6.76 6.76 6.78 6.80 6.84 6.88 6.87 6.94 7.04 7.10 7.24 7.32 7.52 7.75 7.85 7.85 7.59 7.30 7.05 6.77 6.57 6.41 6.26 6.14
4.45 4.47 4.50 4.55 4.59 4.63 4.66 4.70 4.73 4.76 4.88 4.91 4.95 4.99 5.05 5.10 5.16 5.22 5.32 5.35 5.37 5.43 5.46 5.46 5.46 5.46 5.54 5.67 5.67 5.68 5.75 5.77 5.78 5.89 5.91 5.93 5.95 5.98 6.04 6.03 6.02 6.01 6.10 6.00 6.00 6.01 5.99 6.02 6.14 6.43 6.47 6.52 6.57 6.63 6.69 6.70 6.74 6.75 6.78 6.74 6.74 6.75 6.77 6.79 6.83 6.88 6.94 6.94 6.96 7.06 7.19 7.23 7.39 7.54 7.59 7.54 7.38 7.16 6.90 6.69 6.51 6.36 6.22 6.10
4.50 4.52 4.54 4.58 4.61 4.65 4.68 4.71 4.73 4.76 4.79 4.82 4.94 4.98 5.04 5.10 5.16 5.23 5.33 5.37 5.44 5.46 5.47 5.49 5.49 5.56 5.55 5.58 5.68 5.65 5.65 5.76 5.77 5.87 5.89 5.90 5.92 5.93 6.01 6.00 6.00 5.99 5.98 5.97 5.97 5.98 5.97 5.99 6.11 6.15 6.43 6.48 6.53 6.59 6.64 6.65 6.68 6.73 6.74 6.74 6.72 6.73 6.76 6.78 6.82 6.87 6.93 6.99 6.93 7.02 7.11 7.12 7.22 7.27 7.31 7.27 7.15 6.94 6.77 6.59 6.43 6.29 6.16 6.05
4.55 4.56 4.58 4.61 4.64 4.67 4.69 4.72 4.74 4.77 4.79 4.81 4.84 4.96 5.02 5.09 5.16 5.24 5.35 5.40 5.48 5.50 5.50 5.52 5.58 5.58 5.57 5.57 5.68 5.65 5.65 5.65 5.72 5.85 5.87 5.88 5.89 5.89 5.98 5.98 5.97 5.97 5.95 5.95 5.94 5.95 5.96 5.94 6.07 6.12 6.17 6.43 6.48 6.54 6.60 6.64 6.64 6.68 6.69 6.70 6.71 6.70 6.72 6.77 6.81 6.86 6.91 6.96 6.90 6.96 7.02 7.09 7.06 7.06 7.07 7.02 6.89 6.76 6.62 6.47 6.33 6.20 6.09 5.98
4.59 4.60 4.61 4.64 4.66 4.69 4.71 4.74 4.76 4.77 4.79 4.80 4.83 4.86 4.92 5.08 5.17 5.26 5.34 5.49 5.52 5.54 5.54 5.60 5.61 5.60 5.59 5.58 5.66 5.64 5.64 5.64 5.65 5.83 5.84 5.85 5.86 5.92 5.95 5.95 5.95 5.94 5.84 5.92 5.91 5.91 5.93 6.00 6.03 6.08 6.13 6.18 6.44 6.50 6.56 6.61 6.60 6.64 6.65 6.66 6.67 6.66 6.70 6.75 6.80 6.86 6.90 6.94 6.97 6.89 6.93 6.96 6.93 6.87 6.86 6.77 6.69 6.59 6.47 6.35 6.23 6.11 6.00 5.91
4.62 4.63 4.64 4.66 4.69 4.71 4.73 4.76 4.77 4.78 4.79 4.79 4.80 4.83 4.89 4.98 5.17 5.29 5.40 5.55 5.59 5.59 5.64 5.63 5.61 5.61 5.60 5.59 5.64 5.64 5.63 5.63 5.68 5.69 5.82 5.83 5.83 5.90 5.93 5.93 5.93 5.92 5.82 5.89 5.88 5.88 5.87 5.95 5.98 6.03 6.09 6.15 6.22 6.46 6.53 6.58 6.60 6.61 6.61 6.61 6.61 6.64 6.66 6.73 6.80 6.85 6.89 6.91 6.93 6.82 6.83 6.85 6.79 6.71 6.63 6.59 6.52 6.44 6.34 6.23 6.12 6.01 5.91 5.82
4.57 4.65 4.67 4.69 4.71 4.73 4.76 4.78 4.79 4.80 4.79 4.78 4.77 4.78 4.84 4.95 5.11 5.33 5.48 5.60 5.66 5.70 5.68 5.66 5.63 5.63 5.61 5.60 5.64 5.62 5.62 5.61 5.66 5.66 5.71 5.80 5.81 5.87 5.90 5.91 5.91 5.90 5.80 5.87 5.85 5.82 5.82 5.89 5.93 5.99 6.05 6.12 6.20 6.28 6.50 6.57 6.62 6.59 6.57 6.54 6.54 6.58 6.65 6.71 6.80 6.86 6.89 6.89 6.81 6.79 6.74 6.68 6.66 6.51 6.48 6.43 6.37 6.29 6.21 6.11 6.01 5.91 5.81 5.70
4.59 4.67 4.69 4.71 4.73 4.76 4.78 4.80 4.82 4.83 4.81 4.78 4.74 4.71 4.75 4.90 5.11 5.36 5.61 5.71 5.75 5.74 5.71 5.68 5.64 5.61 5.61 5.60 5.63 5.61 5.59 5.59 5.59 5.64 5.68 5.69 5.85 5.85 5.88 5.89 5.89 5.79 5.79 5.78 5.83 5.79 5.77 5.83 5.89 5.95 6.01 6.08 6.17 6.27 6.38 6.46 6.62 6.57 6.52 6.47 6.45 6.48 6.58 6.67 6.80 6.89 6.90 6.80 6.76 6.72 6.62 6.57 6.54 6.38 6.34 6.29 6.24 6.17 6.09 6.01 5.91 5.82 5.69 5.60
4.60 4.62 4.71 4.73 4.75 4.78 4.81 4.83 4.85 4.87 4.84 4.79 4.72 4.65 4.64 4.85 5.11 5.39 5.66 5.87 5.80 5.75 5.71 5.68 5.63 5.60 5.57 5.58 5.62 5.59 5.56 5.56 5.55 5.59 5.60 5.66 5.74 5.84 5.86 5.88 5.88 5.83 5.79 5.78 5.76 5.77 5.72 5.78 5.87 5.94 6.00 6.05 6.15 6.26 6.38 6.48 6.62 6.54 6.47 6.39 6.33 6.37 6.50 6.64 6.77 6.92 6.84 6.75 6.68 6.63 6.52 6.46 6.42 6.25 6.21 6.17 6.11 6.05 5.99 5.91 5.80 5.71 5.61 5.51
4.61 4.63 4.66 4.75 4.77 4.80 4.83 4.86 4.88 4.89 4.87 4.81 4.75 4.69 4.70 4.88 5.11 5.39 5.62 5.78 5.73 5.71 5.66 5.63 5.58 5.55 5.52 5.53 5.48 5.53 5.51 5.51 5.51 5.55 5.56 5.64 5.71 5.73 5.85 5.87 5.83 5.83 5.81 5.80 5.79 5.80 5.77 5.84 5.89 5.96 6.02 6.07 6.16 6.25 6.34 6.43 6.47 6.38 6.40 6.33 6.27 6.30 6.41 6.55 6.69 6.74 6.72 6.64 6.57 6.52 6.42 6.38 6.28 6.14 6.10 6.05 6.00 5.95 5.89 5.80 5.72 5.64 5.56 5.43
4.62 4.64 4.67 4.76 4.79 4.82 4.85 4.88 4.90 4.91 4.89 4.86 4.82 4.80 4.83 4.94 5.15 5.33 5.48 5.59 5.61 5.58 5.53 5.54 5.50 5.47 5.44 5.42 5.38 5.45 5.42 5.46 5.46 5.51 5.53 5.61 5.69 5.71 5.74 5.86 5.83 5.85 5.83 5.84 5.81 5.81 5.94 5.95 5.97 6.02 6.07 6.12 6.18 6.24 6.30 6.34 6.35 6.29 6.22 6.16 6.24 6.25 6.32 6.42 6.52 6.52 6.52 6.48 6.44 6.34 6.30 6.26 6.16 6.02 5.98 5.95 5.90 5.86 5.78 5.72 5.66 5.60 5.49 5.43
4.62 4.64 4.67 4.71 4.81 4.84 4.88 4.91 4.93 4.94 4.94 4.92 4.90 4.90 4.96 5.04 5.14 5.26 5.38 5.44 5.48 5.46 5.43 5.39 5.40 5.37 5.34 5.32 5.28 5.34 5.34 5.35 5.41 5.46 5.55 5.58 5.68 5.70 5.73 5.79 5.84 5.87 5.86 5.88 5.88 5.90 5.92 6.04 6.07 6.11 6.14 6.17 6.20 6.23 6.26 6.27 6.26 6.19 6.13 6.08 6.05 6.17 6.21 6.27 6.34 6.31 6.32 6.31 6.28 6.20 6.17 6.13 6.04 6.01 5.88 5.84 5.81 5.74 5.70 5.66 5.61 5.51 5.47 5.42
4.61 4.64 4.67 4.71 4.90 4.94 4.91 4.94 4.97 4.99 5.00 4.99 4.98 5.02 5.04 5.08 5.14 5.20 5.29 5.32 5.35 5.34 5.31 5.28 5.24 5.26 5.23 5.20 5.16 5.24 5.25 5.27 5.34 5.41 5.50 5.55 5.65 5.68 5.75 5.79 5.85 5.89 5.90 5.92 5.96 5.99 6.02 6.15 6.18 6.20 6.21 6.23 6.23 6.24 6.23 6.21 6.17 6.12 6.04 5.99 5.95 5.93 6.08 6.11 6.16 6.11 6.13 6.13 6.07 6.05 6.03 6.01 5.92 5.89 5.77 5.74 5.69 5.66 5.63 5.60 5.52 5.48 5.44 5.41
4.60 4.63 4.67 4.72 4.77 4.88 4.93 4.98 5.03 5.05 5.07 5.06 5.10 5.09 5.09 5.11 5.13 5.15 5.20 5.21 5.21 5.22 5.20 5.16 5.12 5.08 5.10 5.08 5.11 5.12 5.15 5.19 5.24 5.43 5.48 5.51 5.56 5.66 5.66 5.72 5.76 5.82 5.88 5.98 6.04 6.09 6.13 6.27 6.29 6.29 6.30 6.29 6.27 6.24 6.20 6.16 6.10 6.03 5.94 5.88 5.83 5.80 5.79 5.95 5.97 6.00 6.00 6.02 5.91 5.91 5.90 5.88 5.86 5.77 5.66 5.55 5.53 5.51 5.49 5.47 5.47 5.45 5.42 5.40
4.58 4.61 4.66 4.72 4.78 4.85 4.97 5.03 5.09 5.12 5.14 5.19 5.17 5.16 5.14 5.13 5.11 5.13 5.12 5.11 5.10 5.12 5.09 5.06 5.01 4.96 4.91 4.92 5.01 5.00 5.04 5.10 5.16 5.33 5.40 5.49 5.55 5.55 5.68 5.75 5.80 5.87 5.90 6.04 6.12 6.19 6.25 6.35 6.40 6.40 6.39 6.37 6.32 6.26 6.20 6.12 6.03 5.95 5.84 5.76 5.70 5.66 5.63 5.62 5.80 5.82 5.77 5.80 5.76 5.77 5.77 5.76 5.62 5.57 5.55 5.45 5.44 5.44 5.43 5.44 5.43 5.41 5.40 5.38
4.55 4.59 4.64 4.71 4.78 4.87 4.95 5.08 5.16 5.21 5.23 5.27 5.24 5.22 5.18 5.14 5.10 5.08 5.05 5.02 5.01 5.02 4.99 4.96 4.91 4.85 4.78 4.73 4.81 4.86 4.93 5.01 5.10 5.28 5.36 5.46 5.52 5.54 5.68 5.75 5.81 5.90 5.94 6.05 6.20 6.30 6.37 6.48 6.52 6.51 6.49 6.45 6.38 6.29 6.19 6.08 5.97 5.86 5.76 5.64 5.56 5.50 5.47 5.45 5.44 5.63 5.59 5.64 5.62 5.64 5.65 5.56 5.49 5.46 5.44 5.43 5.36 5.36 5.37 5.40 5.39 5.38 5.37 5.36
4.51 4.56 4.62 4.70 4.78 4.88 4.98 5.13 5.23 5.31 5.37 5.34 5.30 5.27 5.22 5.15 5.08 5.00 4.97 4.93 4.91 4.91 4.89 4.86 4.82 4.75 4.66 4.58 4.65 4.69 4.79 4.94 5.14 5.24 5.33 5.43 5.50 5.53 5.67 5.75 5.82 5.92 5.98 6.10 6.22 6.37 6.45 6.53 6.64 6.62 6.59 6.54 6.42 6.28 6.14 6.03 5.90 5.78 5.61 5.48 5.38 5.35 5.32 5.30 5.27 5.43 5.42 5.40 5.46 5.46 5.47 5.47 5.39 5.36 5.33 5.33 5.28 5.30 5.32 5.35 5.36 5.35 5.35 5.33
4.46 4.52 4.60 4.69 4.78 4.88 4.92 5.05 5.20 5.41 5.45 5.39 5.33 5.30 5.26 5.16 5.05 4.95 4.88 4.83 4.84 4.84 4.83 4.80 4.74 4.65 4.54 4.50 4.46 4.55 4.68 4.88 5.10 5.21 5.30 5.41 5.44 5.52 5.61 5.75 5.83 5.89 6.00 6.13 6.25 6.45 6.59 6.67 6.72 6.65 6.64 6.61 6.48 6.30 6.12 5.96 5.83 5.66 5.53 5.38 5.24 5.17 5.16 5.14 5.13 5.23 5.26 5.29 5.36 5.38 5.40 5.39 5.32 5.27 5.22 5.23 5.21 5.25 5.27 5.31 5.32 5.33 5.32 5.14
4.36 4.42 4.50 4.58 4.67 4.77 4.91 5.04 5.19 5.32 5.38 5.37 5.31 5.28 5.24 5.13 5.02 4.91 4.81 4.74 4.79 4.80 4.79 4.76 4.70 4.62 4.51 4.44 4.38 4.53 4.66 4.85 5.04 5.16 5.28 5.30 5.44 5.48 5.61 5.65 5.77 5.90 5.96 6.10 6.26 6.43 6.58 6.65 6.69 6.65 6.63 6.62 6.47 6.27 6.09 5.92 5.76 5.62 5.49 5.34 5.18 5.11 5.11 5.09 5.04 4.97 5.02 5.05 5.10 5.33 5.36 5.36 5.27 5.23 5.17 5.18 5.24 5.25 5.21 5.23 5.24 5.24 5.13 5.12
4.38 4.43 4.49 4.56 4.65 4.74 4.84 4.95 5.06 5.16 5.26 5.22 5.18 5.14 5.14 5.06 4.97 4.88 4.78 4.74 4.73 4.78 4.77 4.74 4.65 4.57 4.49 4.40 4.53 4.58 4.70 4.86 5.05 5.16 5.25 5.30 5.38 5.48 5.56 5.65 5.76 5.86 5.94 6.07 6.20 6.33 6.44 6.49 6.55 6.52 6.49 6.48 6.36 6.21 6.05 5.89 5.74 5.61 5.48 5.35 5.23 5.16 5.13 5.11 5.08 5.04 5.05 5.05 5.10 5.32 5.34 5.34 5.26 5.23 5.21 5.21 5.21 5.24 5.27 5.21 5.21 5.21 5.10 5.10
4.39 4.42 4.48 4.54 4.61 4.69 4.78 4.85 4.94 5.00 5.03 5.09 5.06 5.03 4.98 4.92 4.85 4.82 4.77 4.73 4.72 4.72 4.71 4.69 4.65 4.60 4.55 4.50 4.58 4.69 4.75 4.91 5.08 5.18 5.26 5.30 5.38 5.48 5.56 5.64 5.75 5.84 5.90 6.02 6.13 6.22 6.30 6.40 6.41 6.39 6.35 6.29 6.19 6.07 5.98 5.85 5.72 5.61 5.50 5.38 5.29 5.23 5.19 5.16 5.15 5.12 5.06 5.08 5.10 5.12 5.34 5.35 5.28 5.26 5.25 5.25 5.23 5.24 5.26 5.19 5.19 5.09 5.08 5.07
4.35 4.42 4.46 4.51 4.57 4.63 4.68 4.75 4.81 4.86 4.88 4.96 4.94 4.91 4.87 4.83 4.78 4.77 4.74 4.72 4.71 4.72 4.71 4.70 4.68 4.65 4.61 4.62 4.68 4.76 4.82 4.89 5.04 5.19 5.27 5.31 5.38 5.47 5.55 5.62 5.73 5.81 5.86 5.96 6.01 6.09 6.16 6.25 6.27 6.25 6.22 6.16 6.08 5.98 5.92 5.81 5.70 5.60 5.50 5.42 5.35 5.29 5.26 5.23 5.20 5.19 5.11 5.13 5.13 5.14 5.14 5.14 5.10 5.29 5.28 5.24 5.24 5.25 5.09 5.09 5.09 5.06 5.05 5.04
4.33 4.36 4.40 4.44 4.52 4.55 4.60 4.65 4.69 4.72 4.74 4.74 4.81 4.79 4.76 4.73 4.71 4.72 4.70 4.70 4.70 4.72 4.72 4.72 4.71 4.70 4.73 4.72 4.82 4.85 4.89 4.95 5.01 5.19 5.26 5.32 5.37 5.43 5.50 5.57 5.70 5.69 5.75 5.85 5.92 5.98 6.03 6.12 6.13 6.12 6.09 6.04 5.97 5.89 5.80 5.76 5.67 5.59 5.51 5.45 5.40 5.35 5.32 5.30 5.27 5.26 5.22 5.17 5.17 5.17 5.17 5.16 5.12 5.09 5.23 5.26 5.26 5.10 5.09 5.08 5.07 5.05 5.03 5.01
4.32 4.34 4.36 4.40 4.48 4.52 4.52 4.55 4.58 4.60 4.61 4.61 4.60 4.67 4.65 4.64 4.63 4.62 4.66 4.67 4.70 4.72 4.74 4.75 4.76 4.80 4.80 4.80 4.80 4.92 4.96 5.00 5.01 5.09 5.16 5.22 5.36 5.39 5.48 5.54 5.61 5.67 5.68 5.79 5.84 5.89 5.92 6.00 6.00 5.99 5.98 5.93 5.87 5.81 5.73 5.71 5.64 5.58 5.52 5.47 5.44 5.41 5.36 5.34 5.33 5.24 5.23 5.22 5.20 5.20 5.19 5.19 5.08 5.06 5.02 5.21 5.11 5.10 5.08 5.07 5.05 5.03 4.97 4.96
4.29 4.31 4.33 4.41 4.43 4.45 4.47 4.49 4.47 4.48 4.49 4.49 4.49 4.48 4.54 4.54 4.55 4.56 4.61 4.63 4.68 4.72 4.76 4.79 4.85 4.86 4.86 4.87 4.87 4.98 5.01 5.04 5.04 5.11 5.18 5.22 5.36 5.39 5.44 5.52 5.58 5.61 5.63 5.68 5.76 5.80 5.83 5.90 5.90 5.89 5.86 5.84 5.79 5.73 5.67 5.65 5.60 5.55 5.52 5.49 5.47 5.43 5.41 5.40 5.38 5.29 5.28 5.27 5.22 5.23 5.22 5.21 5.09 5.08 5.03 4.89 4.87 4.86 4.83 5.05 5.03 5.00 4.97 4.91
4.26 4.27 4.35 4.36 4.38 4.39 4.40 4.40 4.40 4.38 4.38 4.38 4.37 4.37 4.37 4.44 4.46 4.49 4.55 4.59 4.66 4.72 4.78 4.86 4.89 4.91 4.92 4.93 4.93 5.04 5.06 5.04 5.07 5.13 5.17 5.23 5.23 5.38 5.42 5.47 5.54 5.58 5.59 5.62 5.70 5.72 5.81 5.81 5.80 5.80 5.78 5.75 5.70 5.66 5.60 5.55 5.55 5.52 5.51 5.51 5.49 5.48 5.46 5.44 5.43 5.34 5.32 5.27 5.26 5.24 5.17 5.15 5.13 5.00 5.00 4.90 4.88 4.84 4.82 4.80 4.77 4.74 4.90 4.84
4.23 4.30 4.30 4.31 4.32 4.33 4.33 4.33 4.32 4.30 4.30 4.28 4.27 4.26 4.26 4.29 4.33 4.43 4.47 4.56 4.63 4.71 4.83 4.90 4.94 4.95 4.96 4.89 4.90 4.97 4.96 4.96 5.09 5.01 5.04 5.09 5.23 5.38 5.41 5.39 5.48 5.51 5.55 5.57 5.58 5.60 5.68 5.68 5.72 5.72 5.71 5.68 5.64 5.59 5.54 5.49 5.49 5.49 5.50 5.51 5.52 5.52 5.50 5.48 5.46 5.33 5.30 5.27 5.28 5.26 5.18 5.16 5.15 5.01 4.90 4.88 4.86 4.83 4.81 4.78 4.75 4.72 4.68 4.81
4.34 4.25 4.26 4.27 4.27 4.27 4.27 4.26 4.24 4.22 4.15 4.16 4.15 4.14 4.16 4.20 4.25 4.32 4.36 4.51 4.59 4.66 4.76 4.86 4.87 4.87 4.88 4.91 4.93 4.90 4.98 4.97 4.97 5.02 5.04 5.08 5.11 5.09 5.35 5.38 5.45 5.48 5.47 5.50 5.53 5.54 5.61 5.61 5.61 5.61 5.60 5.59 5.58 5.54 5.50 5.44 5.38 5.41 5.43 5.46 5.49 5.50 5.48 5.45 5.37 5.36 5.33 5.29 5.26 5.23 5.10 5.07 4.98 4.98 4.90 4.88 4.86 4.83 4.81 4.78 4.75 4.71 4.67 4.53
4.30 4.29 4.21 4.22 4.22 4.22 4.22 4.21 4.20 4.10 4.10 4.10 4.10 4.09 4.13 4.16 4.20 4.25 4.26 4.42 4.53 4.62 4.71 4.79 4.82 4.83 4.85 4.88 4.89 4.94 4.93 4.96 4.97 5.01 5.03 5.03 5.05 5.09 5.21 5.24 5.43 5.45 5.44 5.46 5.48 5.49 5.57 5.57 5.56 5.56 5.55 5.53 5.54 5.50 5.46 5.40 5.38 5.39 5.42 5.45 5.47 5.49 5.48 5.46 5.38 5.36 5.33 5.30 5.27 5.24 5.10 5.07 5.02 4.99 4.91 4.88 4.86 4.84 4.81 4.78 4.75 4.65 4.58 4.56
4.25 4.17 4.17 4.16 4.17 4.18 4.18 4.17 4.06 4.06 4.06 4.06 4.06 4.06 4.10 4.03 4.06 4.17 4.25 4.31 4.45 4.51 4.58 4.70 4.74 4.77 4.81 4.82 4.83 4.91 4.91 4.95 4.96 4.94 4.98 5.02 5.04 5.08 5.10 5.22 5.29 5.31 5.41 5.43 5.44 5.45 5.53 5.53 5.50 5.51 5.50 5.49 5.50 5.42 5.42 5.39 5.37 5.37 5.39 5.38 5.44 5.47 5.46 5.42 5.40 5.34 5.32 5.29 5.27 5.13 5.10 5.10 5.02 4.94 4.91 4.88 4.86 4.84 4.81 4.71 4.69 4.62 4.60 4.52
4.11 4.11 4.12 4.12 4.14 4.15 4.14 4.02 4.02 4.03 4.03 4.03 4.03 3.96 3.96 3.98 4.00 4.08 4.19 4.24 4.27 4.43 4.50 4.56 4.62 4.70 4.74 4.77 4.77 4.87 4.86 4.89 4.90 4.95 4.97 5.01 5.05 5.07 5.09 5.20 5.27 5.28 5.29 5.29 5.42 5.41 5.42 5.47 5.47 5.48 5.45 5.43 5.41 5.39 5.35 5.33 5.37 5.31 5.32 5.35 5.36 5.37 5.35 5.40 5.39 5.33 5.31 5.28 5.15 5.12 5.10 5.10 5.08 4.94 4.92 4.88 4.86 4.84 4.66 4.64 4.54 4.56 4.55 4.55
4.04 4.04 4.05 4.07 4.09 4.10 4.12 4.13 3.99 4.00 3.96 3.96 3.92 3.92 3.92 3.92 3.99 4.01 4.04 4.13 4.18 4.25 4.31 4.47 4.53 4.58 4.62 4.71 4.80 4.80 4.82 4.86 4.88 4.93 4.96 5.00 5.04 5.06 5.08 5.10 5.25 5.26 5.24 5.26 5.40 5.40 5.39 5.44 5.42 5.41 5.40 5.40 5.38 5.34 5.32 5.31 5.35 5.29 5.30 5.31 5.33 5.34 5.28 5.28 5.27 5.36 5.19 5.16 5.14 5.11 5.11 5.03 5.01 4.89 4.83 4.73 4.70 4.68 4.66 4.64 4.58 4.57 4.57 4.57
3.96 3.96 3.98 4.01 4.04 4.06 4.08 4.10 4.06 3.93 3.93 3.93 4.01 4.00 3.99 3.93 3.93 3.94 4.04 4.08 4.09 4.15 4.21 4.43 4.44 4.50 4.54 4.58 4.58 4.74 4.68 4.78 4.86 4.92 4.88 5.00 5.03 5.05 5.07 5.09 5.13 5.14 5.26 5.23 5.27 5.33 5.25 5.39 5.39 5.38 5.37 5.35 5.33 5.31 5.29 5.28 5.27 5.26 5.27 5.28 5.28 5.24 5.25 5.25 5.24 5.11 5.00 4.98 5.02 5.00 4.87 4.93 4.91 4.89 4.80 4.72 4.70 4.63 4.61 4.59 4.59 4.58 4.60 4.60
3.87 3.87 4.04 4.08 4.13 4.16 4.19 4.11 4.12 4.13 4.00 3.99 3.98 3.97 3.95 3.93 3.96 3.95 3.95 3.97 4.03 4.09 4.28 4.35 4.42 4.43 4.48 4.48 4.52 4.60 4.63 4.75 4.83 4.86 4.90 4.96 5.03 5.05 5.07 5.09 5.14 5.23 5.24 5.25 5.25 5.30 5.27 5.27 5.36 5.35 5.34 5.33 5.31 5.28 5.26 5.25 5.24 5.24 5.25 5.25 5.25 5.20 5.20 5.10 5.09 5.11 4.97 4.91 4.89 4.87 4.85 4.92 4.90 4.81 4.73 4.71 4.70 4.63 4.63 4.61 4.58 4.61 4.60 4.61
3.88 3.90 3.95 4.02 4.08 4.03 4.07 4.10 4.11 4.12 4.12 4.11 3.97 3.95 3.92 3.88 3.90 3.86 3.84 3.86 3.92 4.00 4.08 4.28 4.35 4.41 4.46 4.51 4.46 4.56 4.59 4.76 4.80 4.84 4.89 4.95 4.99 5.02 5.08 5.09 5.12 5.22 5.22 5.22 5.31 5.28 5.24 5.24 5.36 5.35 5.31 5.30 5.28 5.25 5.23 5.21 5.21 5.21 5.22 5.18 5.19 5.12 5.12 5.13 5.06 5.08 4.90 4.88 4.87 4.86 4.84 4.85 4.76 4.75 4.73 4.71 4.69 4.65 4.63 4.61 4.60 4.59 4.60 4.60
3.74 3.78 3.88 3.87 3.95 4.01 4.05 4.09 4.11 4.12 4.11 4.10 4.08 3.93 3.89 3.90 3.84 3.77 3.72 3.73 3.81 3.91 4.01 4.22 4.29 4.35 4.41 4.46 4.41 4.46 4.55 4.59 4.77 4.81 4.87 4.94 4.99 5.03 5.08 5.08 5.11 5.11 5.20 5.20 5.29 5.28 5.26 5.24 5.34 5.33 5.29 5.28 5.24 5.22 5.20 5.18 5.17 5.18 5.19 5.16 5.16 5.12 5.13 5.10 4.99 4.98 4.87 4.87 4.85 4.84 4.75 4.74 4.75 4.75 4.71 4.69 4.66 4.63 4.58 4.56 4.59 4.58 4.53 4.54
3.52 3.62 3.75 3.85 3.94 4.00 4.05 4.08 4.11 4.12 4.12 4.10 4.08 4.05 3.88 3.88 3.81 3.72 3.62 3.61 3.74 3.86 3.96 4.04 4.23 4.30 4.35 4.41 4.36 4.53 4.58 4.67 4.71 4.79 4.85 4.92 4.98 5.04 5.08 5.07 5.09 5.09 5.18 5.26 5.26 5.26 5.26 5.35 5.34 5.31 5.30 5.26 5.22 5.20 5.17 5.14 5.13 5.06 5.07 5.09 5.10 5.10 5.10 5.02 5.01 4.96 4.86 4.85 4.75 4.74 4.73 4.72 4.74 4.71 4.71 4.69 4.65 4.62 4.56 4.54 4.53 4.52 4.51 4.52
