data/Validacao/F291015.grd
DSAA
94	94
0.0000	100.0000
0.0000	100.0000
2.6432	10.2165
[rows 38 to 75 of 94, columns 0 to 83 of 94]
3.53 3.54 3.57 3.58 3.61 3.61 3.60 3.58 3.56 3.54 3.51 3.48 3.43 3.38 3.32 3.22 2.96 2.83 2.70 2.68 2.82 2.97 3.09 3.19 3.39 3.46 3.51 3.56 3.66 3.74 3.78 3.86 3.89 3.91 3.99 3.99 4.00 4.02 4.05 4.10 4.16 4.20 4.23 4.33 4.36 4.37 4.41 4.32 4.43 4.53 4.51 4.38 4.36 4.34 4.32 4.30 4.27 4.31 4.35 4.44 4.48 4.51 4.59 4.62 4.63 4.51 4.46 4.43 4.47 4.42 4.36 4.27 4.18 4.08 3.98 3.97 4.01 4.05 4.16 4.19 4.23 4.24 4.25 4.26
3.60 3.59 3.60 3.60 3.59 3.58 3.56 3.56 3.54 3.51 3.48 3.45 3.41 3.36 3.31 3.23 3.13 2.89 2.82 2.81 2.89 2.98 3.08 3.16 3.23 3.29 3.46 3.47 3.60 3.64 3.72 3.73 3.84 3.87 3.90 3.97 3.98 4.00 4.04 4.07 4.13 4.16 4.19 4.31 4.33 4.36 4.36 4.28 4.29 4.26 4.37 4.36 4.35 4.34 4.33 4.32 4.33 4.36 4.40 4.44 4.53 4.57 4.60 4.62 4.51 4.51 4.46 4.51 4.42 4.38 4.35 4.29 4.21 4.13 4.07 4.04 4.05 4.13 4.15 4.17 4.19 4.20 4.35 4.36
3.67 3.65 3.63 3.62 3.60 3.57 3.55 3.51 3.48 3.45 3.42 3.41 3.38 3.36 3.31 3.25 3.19 3.12 2.93 2.92 2.96 3.02 3.08 3.14 3.20 3.24 3.37 3.40 3.53 3.57 3.62 3.67 3.72 3.83 3.87 3.87 3.94 3.97 3.98 4.00 4.11 4.14 4.15 4.28 4.29 4.31 4.32 4.24 4.23 4.23 4.24 4.35 4.30 4.30 4.34 4.34 4.36 4.39 4.42 4.50 4.54 4.57 4.60 4.51 4.52 4.51 4.49 4.47 4.47 4.42 4.35 4.31 4.26 4.20 4.14 4.11 4.16 4.15 4.16 4.18 4.16 4.18 4.28 4.26
3.72 3.70 3.67 3.64 3.61 3.57 3.53 3.48 3.44 3.40 3.38 3.35 3.36 3.33 3.32 3.28 3.24 3.21 3.18 3.17 3.03 3.06 3.10 3.13 3.16 3.22 3.24 3.34 3.37 3.50 3.58 3.61 3.66 3.78 3.82 3.89 3.91 3.95 4.02 4.05 4.04 4.05 4.12 4.24 4.20 4.27 4.27 4.17 4.19 4.20 4.21 4.28 4.29 4.30 4.31 4.36 4.38 4.45 4.48 4.51 4.55 4.59 4.57 4.55 4.56 4.56 4.51 4.52 4.49 4.46 4.39 4.35 4.30 4.25 4.20 4.24 4.21 4.22 4.20 4.17 4.25 4.22 4.18 4.16
3.78 3.74 3.71 3.67 3.62 3.56 3.50 3.44 3.39 3.34 3.32 3.31 3.32 3.31 3.31 3.29 3.28 3.27 3.26 3.25 3.26 3.12 3.14 3.15 3.17 3.17 3.18 3.19 3.27 3.36 3.42 3.48 3.55 3.68 3.84 3.86 3.90 3.93 3.93 3.96 4.05 4.06 4.11 4.16 4.16 4.15 4.10 4.14 4.23 4.25 4.27 4.29 4.27 4.29 4.31 4.33 4.39 4.46 4.49 4.53 4.59 4.56 4.55 4.58 4.60 4.56 4.57 4.55 4.52 4.49 4.45 4.40 4.35 4.37 4.33 4.36 4.36 4.32 4.27 4.33 4.22 4.16 4.10 4.07
3.90 3.79 3.75 3.70 3.63 3.56 3.48 3.40 3.32 3.27 3.24 3.25 3.28 3.30 3.31 3.32 3.31 3.31 3.31 3.31 3.31 3.34 3.20 3.17 3.16 3.13 3.11 3.11 3.21 3.26 3.33 3.41 3.48 3.60 3.66 3.72 3.77 3.79 3.81 3.91 3.93 3.94 4.07 4.07 4.12 4.03 4.03 4.07 4.11 4.11 4.14 4.16 4.24 4.37 4.42 4.44 4.37 4.40 4.43 4.52 4.56 4.53 4.57 4.61 4.57 4.59 4.61 4.59 4.54 4.53 4.54 4.49 4.41 4.43 4.38 4.46 4.41 4.35 4.36 4.28 4.18 4.07 3.98 3.92
3.96 3.92 3.86 3.73 3.66 3.56 3.46 3.35 3.24 3.17 3.15 3.19 3.23 3.27 3.32 3.32 3.34 3.37 3.37 3.36 3.35 3.34 3.17 3.15 3.13 3.13 3.04 3.08 3.08 3.13 3.22 3.33 3.42 3.51 3.63 3.70 3.73 3.77 3.89 3.90 3.91 3.92 3.94 4.03 4.02 3.98 3.97 4.01 4.03 4.07 4.10 4.14 4.22 4.25 4.42 4.44 4.36 4.39 4.43 4.53 4.57 4.54 4.59 4.58 4.63 4.65 4.65 4.63 4.59 4.62 4.59 4.57 4.54 4.49 4.45 4.53 4.42 4.47 4.37 4.26 4.13 3.98 3.83 3.73
4.04 3.99 3.90 3.82 3.73 3.58 3.45 3.31 3.15 3.03 3.04 3.10 3.19 3.26 3.31 3.35 3.39 3.40 3.41 3.40 3.39 3.37 3.34 3.15 3.14 3.06 2.95 2.87 2.91 3.00 3.13 3.26 3.46 3.48 3.71 3.76 3.81 3.75 3.85 3.88 3.88 3.88 3.99 4.01 3.94 3.93 3.91 3.92 3.98 4.03 4.08 4.12 4.20 4.23 4.31 4.44 4.35 4.39 4.54 4.52 4.57 4.61 4.54 4.62 4.69 4.74 4.73 4.69 4.70 4.67 4.66 4.63 4.60 4.57 4.51 4.55 4.60 4.51 4.40 4.26 4.10 3.90 3.68 3.49
4.12 4.04 3.98 3.89 3.79 3.66 3.51 3.29 3.09 2.89 2.91 3.06 3.17 3.27 3.34 3.39 3.43 3.44 3.45 3.45 3.43 3.41 3.37 3.21 3.14 3.05 2.90 2.76 2.72 2.88 3.07 3.29 3.43 3.54 3.70 3.75 3.80 3.85 3.84 3.87 3.88 3.88 3.98 3.94 3.91 3.90 3.84 3.85 3.94 4.00 4.06 4.10 4.21 4.24 4.29 4.32 4.34 4.50 4.54 4.51 4.55 4.48 4.55 4.64 4.76 4.83 4.80 4.78 4.74 4.74 4.72 4.69 4.67 4.63 4.59 4.75 4.68 4.58 4.46 4.30 4.11 3.87 3.58 3.26
4.25 4.16 4.08 3.99 3.88 3.74 3.58 3.40 3.18 2.96 2.95 3.10 3.22 3.31 3.39 3.44 3.47 3.49 3.50 3.49 3.48 3.45 3.46 3.24 3.17 3.07 2.94 2.79 2.74 2.89 3.08 3.30 3.43 3.54 3.67 3.74 3.80 3.84 3.84 3.86 3.88 3.99 3.98 3.94 3.91 3.89 3.84 3.85 3.93 4.00 4.05 4.16 4.20 4.23 4.26 4.43 4.36 4.47 4.51 4.53 4.57 4.57 4.56 4.65 4.75 4.85 4.83 4.79 4.79 4.77 4.76 4.75 4.84 4.82 4.79 4.80 4.72 4.63 4.50 4.34 4.14 3.90 3.61 3.29
4.38 4.33 4.25 4.15 4.03 3.89 3.73 3.55 3.37 3.23 3.20 3.25 3.34 3.38 3.44 3.49 3.52 3.54 3.55 3.54 3.52 3.55 3.50 3.45 3.21 3.13 3.03 2.94 2.95 3.03 3.16 3.35 3.47 3.54 3.69 3.75 3.81 3.85 3.84 3.87 3.88 4.00 3.96 3.95 3.93 3.90 3.90 3.91 3.94 4.01 4.05 4.16 4.19 4.27 4.30 4.32 4.29 4.36 4.39 4.49 4.53 4.53 4.52 4.60 4.69 4.75 4.77 4.77 4.80 4.80 4.90 4.91 4.92 4.92 4.90 4.87 4.84 4.74 4.62 4.46 4.27 4.06 3.82 3.61
4.53 4.47 4.39 4.29 4.16 4.02 3.87 3.72 3.57 3.47 3.43 3.41 3.46 3.51 3.56 3.55 3.58 3.59 3.60 3.59 3.63 3.60 3.57 3.51 3.28 3.21 3.15 3.09 3.14 3.19 3.28 3.36 3.42 3.58 3.71 3.77 3.82 3.85 3.85 3.87 3.89 4.00 3.98 3.96 3.95 3.94 3.93 3.96 3.99 4.01 4.03 4.16 4.19 4.26 4.27 4.22 4.22 4.24 4.36 4.49 4.52 4.56 4.46 4.54 4.60 4.66 4.70 4.73 4.76 4.90 4.94 4.98 5.02 5.03 5.02 5.01 4.95 4.89 4.77 4.62 4.45 4.26 4.08 3.94
4.70 4.65 4.56 4.45 4.31 4.20 4.03 3.89 3.76 3.66 3.62 3.61 3.62 3.61 3.63 3.66 3.68 3.69 3.65 3.70 3.68 3.72 3.69 3.58 3.36 3.33 3.28 3.24 3.29 3.33 3.39 3.45 3.49 3.55 3.68 3.71 3.83 3.86 3.89 3.87 3.95 3.98 4.00 3.96 3.96 3.96 3.97 4.02 4.03 4.05 4.05 4.06 4.24 4.17 4.18 4.18 4.18 4.23 4.26 4.37 4.46 4.49 4.48 4.46 4.51 4.57 4.63 4.68 4.79 4.92 4.99 5.06 5.12 5.16 5.17 5.17 5.12 5.04 4.95 4.81 4.65 4.49 4.34 4.23
4.92 4.86 4.76 4.63 4.48 4.34 4.18 4.04 3.92 3.83 3.77 3.75 3.74 3.75 3.71 3.73 3.74 3.75 3.80 3.79 3.78 3.78 3.75 3.67 3.46 3.42 3.39 3.36 3.44 3.45 3.49 3.52 3.57 3.66 3.71 3.70 3.73 3.76 3.79 3.96 3.96 3.98 3.98 3.99 3.99 3.99 4.00 4.05 4.07 4.08 4.08 4.15 4.16 4.16 4.15 4.15 4.14 4.19 4.21 4.29 4.32 4.35 4.36 4.40 4.45 4.48 4.59 4.67 4.77 4.87 5.05 5.15 5.24 5.31 5.35 5.36 5.32 5.24 5.13 5.05 4.87 4.72 4.58 4.48
5.19 5.12 5.03 4.87 4.69 4.52 4.35 4.19 4.07 3.97 3.91 3.87 3.85 3.84 3.81 3.83 3.83 3.87 3.84 3.85 3.86 3.81 3.79 3.74 3.58 3.55 3.50 3.56 3.52 3.54 3.57 3.60 3.61 3.67 3.71 3.74 3.76 3.79 3.86 3.88 3.90 3.92 3.91 3.96 3.97 3.97 3.96 4.00 4.00 4.04 4.03 4.08 4.15 4.13 4.11 4.17 4.21 4.15 4.18 4.20 4.28 4.35 4.27 4.30 4.34 4.38 4.50 4.62 4.75 4.96 5.11 5.25 5.38 5.51 5.58 5.60 5.56 5.47 5.41 5.27 5.12 4.96 4.85 4.74
5.50 5.45 5.28 5.07 4.86 4.67 4.49 4.34 4.18 4.08 4.01 3.96 3.93 3.91 3.90 3.88 3.88 3.90 3.89 3.88 3.86 3.86 3.84 3.78 3.75 3.60 3.66 3.65 3.62 3.63 3.64 3.63 3.66 3.72 3.75 3.77 3.79 3.86 3.88 3.90 3.92 3.94 3.94 3.99 4.00 4.01 4.00 4.00 4.03 4.07 4.11 4.10 4.15 4.11 4.07 4.09 4.12 4.14 4.17 4.13 4.21 4.27 4.28 4.28 4.22 4.25 4.37 4.59 4.78 4.97 5.16 5.36 5.59 5.72 5.83 5.86 5.82 5.75 5.65 5.50 5.34 5.16 5.03 4.91
5.90 5.78 5.53 5.26 5.01 4.78 4.59 4.44 4.28 4.18 4.10 4.04 4.00 4.00 4.01 4.00 3.98 3.94 3.93 3.90 3.88 3.90 3.88 3.84 3.82 3.67 3.66 3.73 3.69 3.70 3.75 3.69 3.75 3.77 3.79 3.86 3.86 3.87 3.90 3.92 3.95 3.97 3.97 3.98 4.04 4.05 4.04 4.04 4.07 4.16 4.13 4.11 4.07 4.09 4.07 4.01 4.03 4.05 4.09 4.13 4.18 4.20 4.18 4.16 4.15 4.11 4.27 4.50 4.76 5.00 5.22 5.46 5.71 5.94 6.12 6.17 6.10 6.01 5.89 5.74 5.59 5.38 5.18 5.04
6.35 6.12 5.75 5.41 5.12 4.88 4.68 4.51 4.38 4.26 4.17 4.13 4.09 4.05 4.05 4.04 4.02 3.98 3.96 3.95 3.95 3.94 3.93 3.91 3.90 3.73 3.72 3.72 3.76 3.81 3.82 3.86 3.87 3.83 3.89 3.89 3.89 3.89 3.91 3.95 3.98 4.00 4.00 4.02 4.04 4.09 4.10 4.10 4.22 4.20 4.17 4.12 4.07 4.08 4.04 3.93 3.91 3.93 4.03 4.08 4.13 4.20 4.17 4.11 4.03 3.96 4.17 4.44 4.72 4.99 5.26 5.53 5.83 6.15 6.45 6.49 6.36 6.22 6.10 5.98 5.78 5.54 5.32 5.13
6.60 6.25 5.82 5.46 5.17 4.92 4.72 4.55 4.41 4.31 4.23 4.18 4.16 4.13 4.10 4.07 4.03 4.02 4.02 4.01 3.99 3.98 3.97 3.96 3.95 3.88 3.88 3.88 3.94 3.93 3.91 3.92 3.93 3.94 3.94 3.94 3.93 3.92 3.94 3.98 4.01 4.04 4.06 4.08 4.10 4.12 4.13 4.27 4.25 4.28 4.21 4.16 4.11 4.10 4.05 3.91 3.82 3.91 4.02 4.11 4.14 4.18 4.13 4.06 3.96 3.88 4.09 4.40 4.70 4.99 5.28 5.55 5.87 6.23 6.63 6.67 6.47 6.32 6.22 6.16 5.93 5.68 5.46 5.25
6.21 6.04 5.73 5.42 5.15 4.93 4.72 4.57 4.44 4.33 4.30 4.24 4.20 4.16 4.13 4.11 4.06 4.05 4.07 4.06 4.02 4.01 4.00 4.00 3.93 3.93 3.93 3.91 3.99 4.04 4.04 4.05 4.05 4.05 4.00 4.00 3.99 3.99 4.00 4.03 4.06 4.09 4.13 4.13 4.16 4.18 4.19 4.33 4.32 4.34 4.27 4.22 4.16 4.12 4.11 4.00 3.95 3.97 4.02 4.14 4.15 4.19 4.15 4.10 4.05 4.04 4.20 4.41 4.68 4.96 5.23 5.52 5.82 6.14 6.40 6.50 6.43 6.33 6.24 6.13 5.97 5.78 5.59 5.43
5.82 5.73 5.53 5.30 5.08 4.88 4.72 4.55 4.49 4.40 4.32 4.26 4.22 4.19 4.16 4.14 4.12 4.11 4.10 4.09 4.09 4.04 4.11 4.11 4.11 3.93 3.93 3.93 4.00 4.08 4.09 4.09 4.10 4.11 4.06 4.07 4.07 4.07 4.08 4.09 4.11 4.15 4.18 4.18 4.22 4.25 4.27 4.41 4.45 4.42 4.37 4.29 4.28 4.20 4.19 4.16 4.11 4.10 4.12 4.17 4.21 4.20 4.21 4.17 4.16 4.19 4.31 4.49 4.67 4.91 5.17 5.43 5.70 5.95 6.15 6.28 6.27 6.23 6.17 6.09 5.98 5.85 5.72 5.62
5.50 5.45 5.32 5.16 4.98 4.80 4.65 4.58 4.48 4.39 4.32 4.27 4.23 4.20 4.18 4.16 4.19 4.13 4.13 4.12 4.12 4.09 4.03 4.14 3.96 3.97 3.97 4.03 4.04 4.13 4.13 4.14 4.16 4.17 4.17 4.15 4.15 4.15 4.15 4.15 4.16 4.19 4.23 4.25 4.29 4.34 4.37 4.51 4.51 4.51 4.46 4.40 4.36 4.29 4.29 4.22 4.23 4.21 4.20 4.24 4.27 4.25 4.27 4.24 4.26 4.29 4.38 4.52 4.71 4.91 5.13 5.36 5.60 5.80 5.97 6.09 6.12 6.13 6.11 6.06 6.01 5.95 5.85 5.80
5.25 5.21 5.11 4.99 4.86 4.72 4.66 4.55 4.45 4.38 4.32 4.27 4.24 4.21 4.19 4.22 4.21 4.20 4.15 4.15 4.14 4.12 4.11 4.06 4.00 4.00 4.10 4.11 4.08 4.15 4.17 4.20 4.22 4.22 4.24 4.26 4.26 4.23 4.22 4.22 4.22 4.23 4.27 4.31 4.38 4.44 4.50 4.64 4.63 4.62 4.56 4.49 4.45 4.37 4.38 4.32 4.33 4.30 4.28 4.31 4.33 4.36 4.33 4.33 4.33 4.35 4.42 4.52 4.68 4.84 5.04 5.25 5.46 5.64 5.81 5.93 5.99 6.03 6.03 6.03 6.03 6.03 5.99 5.98
5.04 5.01 4.95 4.91 4.80 4.70 4.62 4.50 4.42 4.35 4.30 4.26 4.23 4.22 4.25 4.24 4.23 4.22 4.17 4.17 4.14 4.14 4.18 4.18 4.12 4.12 4.13 4.14 4.20 4.22 4.22 4.25 4.26 4.29 4.33 4.35 4.36 4.33 4.31 4.28 4.25 4.28 4.32 4.37 4.48 4.64 4.73 4.81 4.80 4.74 4.70 4.62 4.54 4.47 4.42 4.37 4.49 4.44 4.34 4.34 4.36 4.40 4.37 4.41 4.44 4.44 4.42 4.49 4.61 4.75 4.93 5.13 5.34 5.59 5.75 5.82 5.90 5.94 5.97 6.00 6.05 6.12 6.14 6.18
4.93 4.91 4.86 4.79 4.71 4.62 4.56 4.48 4.40 4.34 4.27 4.24 4.27 4.26 4.26 4.26 4.34 4.34 4.34 4.29 4.29 4.21 4.20 4.14 4.14 4.15 4.19 4.20 4.21 4.25 4.29 4.31 4.32 4.37 4.41 4.45 4.47 4.44 4.40 4.33 4.29 4.27 4.31 4.42 4.64 4.77 4.89 4.94 4.98 4.89 4.82 4.71 4.61 4.55 4.50 4.43 4.46 4.45 4.41 4.40 4.42 4.46 4.41 4.44 4.40 4.39 4.41 4.45 4.52 4.63 4.79 5.00 5.27 5.49 5.67 5.75 5.82 5.87 5.91 5.97 6.07 6.21 6.35 6.46
4.81 4.79 4.75 4.70 4.63 4.56 4.48 4.43 4.35 4.29 4.26 4.26 4.26 4.26 4.35 4.35 4.36 4.36 4.36 4.36 4.31 4.23 4.23 4.05 4.06 4.21 4.21 4.21 4.23 4.27 4.32 4.35 4.41 4.46 4.50 4.57 4.61 4.58 4.50 4.39 4.28 4.24 4.26 4.43 4.68 4.93 5.12 5.20 5.18 5.04 4.90 4.80 4.68 4.63 4.56 4.49 4.51 4.51 4.50 4.51 4.47 4.42 4.45 4.46 4.40 4.35 4.36 4.37 4.41 4.48 4.63 4.88 5.15 5.43 5.64 5.73 5.78 5.85 5.87 5.91 6.07 6.30 6.54 6.74
4.72 4.70 4.67 4.63 4.57 4.50 4.43 4.36 4.30 4.24 4.22 4.23 4.31 4.34 4.36 4.37 4.38 4.39 4.39 4.39 4.31 4.26 4.07 4.08 4.23 4.23 4.23 4.23 4.24 4.28 4.33 4.40 4.46 4.52 4.59 4.66 4.74 4.75 4.64 4.47 4.27 4.11 4.10 4.35 4.71 5.11 5.45 5.51 5.38 5.17 4.97 4.81 4.74 4.68 4.59 4.56 4.56 4.64 4.55 4.51 4.51 4.47 4.48 4.48 4.38 4.31 4.30 4.31 4.30 4.30 4.44 4.73 5.07 5.39 5.66 5.76 5.81 5.79 5.77 5.83 6.05 6.37 6.73 7.07
4.75 4.64 4.61 4.57 4.53 4.47 4.40 4.33 4.31 4.21 4.23 4.27 4.31 4.35 4.37 4.39 4.40 4.41 4.42 4.42 4.34 4.16 4.10 4.11 4.26 4.25 4.25 4.24 4.25 4.30 4.36 4.43 4.50 4.57 4.63 4.72 4.85 4.93 4.76 4.49 4.23 3.99 3.90 4.27 4.71 5.19 5.69 5.79 5.49 5.23 5.01 4.84 4.70 4.70 4.62 4.65 4.73 4.65 4.59 4.56 4.56 4.58 4.51 4.51 4.40 4.28 4.28 4.30 4.26 4.19 4.25 4.64 5.03 5.38 5.71 5.83 5.79 5.74 5.69 5.69 6.00 6.42 6.85 7.33
4.79 4.77 4.74 4.69 4.64 4.58 4.51 4.43 4.38 4.30 4.31 4.29 4.32 4.37 4.39 4.41 4.43 4.44 4.45 4.45 4.32 4.24 4.24 4.24 4.22 4.22 4.28 4.28 4.29 4.36 4.41 4.47 4.54 4.60 4.66 4.75 4.83 4.84 4.70 4.48 4.24 4.05 4.03 4.30 4.68 5.10 5.47 5.57 5.43 5.22 5.04 4.88 4.77 4.72 4.64 4.68 4.63 4.61 4.63 4.59 4.60 4.57 4.59 4.52 4.48 4.40 4.38 4.38 4.37 4.33 4.42 4.71 5.04 5.36 5.62 5.75 5.74 5.71 5.70 5.78 6.06 6.45 6.85 7.24
4.77 4.75 4.72 4.68 4.63 4.57 4.51 4.50 4.43 4.38 4.37 4.41 4.36 4.38 4.41 4.43 4.45 4.53 4.54 4.54 4.36 4.28 4.27 4.27 4.26 4.26 4.38 4.37 4.37 4.40 4.44 4.48 4.54 4.59 4.66 4.70 4.74 4.70 4.60 4.44 4.28 4.16 4.17 4.34 4.61 4.91 5.14 5.23 5.21 5.08 4.96 4.83 4.78 4.70 4.69 4.68 4.64 4.57 4.66 4.64 4.65 4.63 4.67 4.62 4.61 4.56 4.54 4.53 4.52 4.58 4.67 4.85 5.09 5.33 5.52 5.66 5.71 5.71 5.77 5.91 6.13 6.43 6.74 6.99
4.76 4.74 4.72 4.68 4.63 4.58 4.54 4.48 4.44 4.49 4.48 4.52 4.54 4.57 4.60 4.47 4.55 4.57 4.58 4.64 4.46 4.45 4.41 4.40 4.39 4.43 4.42 4.41 4.42 4.43 4.46 4.49 4.53 4.59 4.62 4.65 4.65 4.59 4.51 4.40 4.28 4.22 4.23 4.33 4.51 4.70 4.86 4.97 4.97 4.92 4.84 4.75 4.73 4.72 4.68 4.64 4.65 4.59 4.58 4.67 4.67 4.77 4.75 4.72 4.70 4.72 4.72 4.71 4.77 4.80 4.88 5.00 5.17 5.33 5.47 5.60 5.67 5.75 5.84 5.97 6.16 6.39 6.62 6.80
4.82 4.81 4.78 4.74 4.70 4.61 4.56 4.62 4.58 4.56 4.55 4.55 4.59 4.62 4.64 4.67 4.69 4.71 4.78 4.68 4.51 4.50 4.45 4.44 4.43 4.42 4.46 4.45 4.46 4.46 4.48 4.50 4.55 4.57 4.59 4.60 4.56 4.52 4.45 4.35 4.27 4.21 4.21 4.27 4.38 4.51 4.62 4.72 4.75 4.75 4.72 4.68 4.71 4.68 4.65 4.64 4.61 4.61 4.61 4.61 4.66 4.84 4.84 4.83 4.83 4.92 4.91 4.92 4.97 5.00 5.05 5.13 5.23 5.34 5.44 5.55 5.64 5.74 5.85 5.99 6.17 6.35 6.55 6.68
4.85 4.83 4.80 4.76 4.72 4.73 4.69 4.65 4.62 4.60 4.59 4.59 4.64 4.66 4.69 4.71 4.73 4.84 4.85 4.71 4.60 4.57 4.50 4.48 4.47 4.46 4.47 4.43 4.49 4.49 4.52 4.53 4.54 4.55 4.56 4.56 4.52 4.47 4.40 4.31 4.22 4.16 4.14 4.17 4.24 4.33 4.42 4.51 4.56 4.58 4.59 4.64 4.63 4.63 4.62 4.62 4.60 4.62 4.63 4.65 4.67 4.90 4.92 4.94 4.96 4.98 5.08 5.09 5.15 5.18 5.21 5.25 5.29 5.38 5.44 5.53 5.62 5.72 5.84 5.99 6.16 6.33 6.50 6.61
4.89 4.87 4.83 4.79 4.80 4.76 4.72 4.68 4.66 4.64 4.63 4.63 4.64 4.70 4.73 4.75 4.86 4.88 4.89 4.75 4.74 4.63 4.55 4.53 4.51 4.50 4.51 4.50 4.50 4.49 4.53 4.53 4.53 4.54 4.54 4.54 4.49 4.45 4.37 4.27 4.16 4.07 4.03 4.04 4.09 4.16 4.21 4.32 4.38 4.43 4.51 4.57 4.58 4.58 4.59 4.60 4.59 4.64 4.65 4.69 4.72 4.88 5.00 5.05 5.09 5.12 5.24 5.26 5.32 5.34 5.35 5.35 5.35 5.39 5.41 5.48 5.58 5.68 5.82 5.98 6.15 6.32 6.49 6.60
4.94 4.92 4.88 4.87 4.83 4.78 4.74 4.71 4.69 4.67 4.67 4.67 4.68 4.81 4.83 4.88 4.90 4.92 4.82 4.82 4.80 4.77 4.68 4.65 4.55 4.53 4.54 4.54 4.53 4.56 4.54 4.52 4.52 4.52 4.52 4.50 4.49 4.45 4.35 4.22 4.08 3.96 3.89 3.89 3.93 3.99 4.03 4.13 4.22 4.33 4.40 4.48 4.51 4.54 4.56 4.58 4.59 4.64 4.68 4.72 4.84 4.90 5.00 5.15 5.21 5.27 5.39 5.42 5.49 5.51 5.51 5.46 5.41 5.38 5.36 5.40 5.50 5.64 5.79 5.97 6.15 6.33 6.52 6.64
5.01 4.98 4.96 4.90 4.85 4.80 4.76 4.73 4.71 4.70 4.69 4.70 4.83 4.84 4.86 4.91 4.94 4.96 4.89 4.90 4.86 4.81 4.72 4.68 4.65 4.60 4.59 4.57 4.56 4.57 4.54 4.51 4.49 4.49 4.50 4.52 4.51 4.47 4.36 4.20 4.01 3.83 3.73 3.72 3.78 3.83 3.91 3.98 4.08 4.22 4.31 4.41 4.45 4.50 4.54 4.58 4.58 4.64 4.69 4.75 4.87 4.95 5.07 5.17 5.33 5.41 5.52 5.59 5.64 5.67 5.66 5.56 5.44 5.35 5.27 5.30 5.43 5.59 5.76 5.95 6.14 6.35 6.55 6.73
5.10 5.06 4.98 4.92 4.86 4.81 4.78 4.75 4.73 4.72 4.72 4.72 4.85 4.87 4.89 4.91 4.96 4.90 4.96 4.98 4.91 4.85 4.75 4.70 4.67 4.62 4.61 4.60 4.60 4.58 4.53 4.49 4.46 4.45 4.48 4.51 4.54 4.54 4.40 4.19 3.95 3.70 3.53 3.60 3.69 3.73 3.76 3.84 4.00 4.14 4.24 4.35 4.47 4.46 4.56 4.57 4.61 4.69 4.76 4.78 4.91 5.00 5.11 5.23 5.42 5.54 5.62 5.69 5.74 5.82 5.82 5.65 5.50 5.32 5.16 5.20 5.39 5.58 5.74 5.92 6.13 6.36 6.59 6.83
5.10 5.05 4.98 4.91 4.86 4.82 4.79 4.76 4.74 4.73 4.73 4.83 4.84 4.86 4.88 4.82 4.87 4.92 4.97 4.98 4.92 4.86 4.81 4.77 4.73 4.69 4.67 4.65 4.66 4.58 4.52 4.47 4.44 4.43 4.45 4.48 4.51 4.53 4.38 4.18 3.95 3.72 3.56 3.61 3.67 3.75 3.77 3.84 4.01 4.10 4.26 4.40 4.48 4.50 4.52 4.56 4.61 4.67 4.76 4.84 4.93 5.02 5.16 5.31 5.43 5.58 5.63 5.71 5.77 5.83 5.85 5.70 5.53 5.36 5.20 5.23 5.41 5.59 5.76 5.93 6.12 6.33 6.55 6.77
