data/Validacao/F291015.grd
DSAA
94	94
0.0000	100.0000
0.0000	100.0000
2.6432	10.2165
[rows 0 to 37 of 94, columns 0 to 83 of 94]
4.37 4.43 4.49 4.55 4.60 4.65 4.68 4.69 4.71 4.71 4.71 4.69 4.66 4.62 4.60 4.54 4.46 4.42 4.28 4.25 4.40 4.59 4.70 4.78 4.83 4.91 4.93 5.04 5.04 5.03 5.01 4.97 5.03 4.96 4.82 4.71 4.58 4.49 4.59 4.76 4.90 5.02 5.11 5.14 5.19 5.24 5.29 5.32 5.81 5.80 5.67 5.63 5.58 5.50 5.37 5.20 5.15 5.40 5.67 5.82 5.98 6.13 6.26 6.40 6.53 6.66 6.81 6.99 7.22 7.46 7.81 8.21 8.76 9.44 10.22 10.02 9.19 8.52 7.95 7.48 7.07 6.75 6.48 6.26
4.43 4.47 4.53 4.59 4.65 4.70 4.74 4.77 4.79 4.78 4.78 4.76 4.73 4.69 4.67 4.61 4.53 4.52 4.42 4.41 4.50 4.67 4.77 4.84 4.89 4.92 4.97 5.07 5.06 5.04 5.02 4.98 5.04 4.98 4.83 4.74 4.64 4.63 4.67 4.80 4.93 5.03 5.12 5.15 5.20 5.24 5.30 5.33 5.80 5.69 5.68 5.65 5.61 5.55 5.43 5.35 5.37 5.54 5.70 5.93 6.08 6.22 6.34 6.47 6.58 6.79 6.84 7.00 7.22 7.45 7.78 8.14 8.64 9.20 9.64 9.56 8.99 8.39 7.87 7.40 7.02 6.71 6.45 6.23
4.49 4.53 4.58 4.64 4.70 4.76 4.81 4.85 4.87 4.88 4.87 4.85 4.82 4.78 4.76 4.70 4.65 4.59 4.61 4.62 4.67 4.77 4.87 4.93 4.96 4.98 5.00 5.10 5.09 5.07 5.04 5.00 4.96 4.94 4.88 4.81 4.74 4.79 4.81 4.89 4.98 5.07 5.15 5.17 5.22 5.36 5.32 5.35 5.48 5.70 5.70 5.69 5.68 5.64 5.62 5.58 5.64 5.77 5.91 6.08 6.23 6.34 6.45 6.56 6.72 6.82 6.94 7.00 7.15 7.38 7.66 7.96 8.34 8.71 8.92 8.86 8.54 8.11 7.65 7.26 6.93 6.64 6.40 6.19
4.55 4.59 4.64 4.70 4.77 4.83 4.89 4.94 4.98 4.99 4.99 4.96 4.92 4.87 4.85 4.81 4.78 4.75 4.80 4.81 4.88 4.93 4.97 5.04 5.06 5.07 5.07 5.07 5.12 5.08 5.04 5.03 4.99 4.99 4.93 4.88 4.84 4.83 4.94 4.99 5.05 5.12 5.14 5.19 5.33 5.37 5.33 5.37 5.41 5.44 5.73 5.74 5.75 5.76 5.79 5.80 5.89 5.99 6.13 6.27 6.40 6.50 6.57 6.72 6.78 6.85 6.94 7.05 7.08 7.27 7.49 7.71 7.97 8.17 8.30 8.26 8.05 7.72 7.39 7.08 6.79 6.54 6.31 6.12
4.59 4.64 4.70 4.77 4.84 4.92 4.99 5.06 5.11 5.13 5.12 5.09 5.04 4.98 4.96 4.93 4.91 4.91 4.98 5.00 5.06 5.10 5.12 5.17 5.18 5.17 5.14 5.10 5.16 5.11 5.07 5.04 5.07 5.03 4.99 4.96 4.94 4.93 5.05 5.08 5.13 5.18 5.18 5.31 5.35 5.38 5.42 5.36 5.44 5.47 5.52 5.79 5.83 5.88 5.95 6.04 6.12 6.23 6.37 6.50 6.60 6.69 6.81 6.83 6.85 6.88 6.93 7.00 7.00 7.13 7.30 7.47 7.61 7.72 7.79 7.75 7.58 7.37 7.12 6.87 6.63 6.41 6.21 6.04
4.63 4.68 4.75 4.83 4.91 5.01 5.10 5.19 5.26 5.29 5.28 5.23 5.16 5.10 5.05 5.04 5.04 5.06 5.10 5.22 5.25 5.28 5.29 5.30 5.31 5.27 5.22 5.17 5.15 5.14 5.10 5.07 5.04 5.07 5.05 5.03 5.02 5.01 5.15 5.17 5.20 5.23 5.31 5.35 5.37 5.40 5.43 5.42 5.46 5.51 5.56 5.62 5.90 6.00 6.11 6.24 6.35 6.48 6.63 6.76 6.85 6.98 6.98 6.96 6.92 6.90 6.90 6.94 7.00 6.99 7.09 7.21 7.28 7.33 7.36 7.30 7.19 7.04 6.85 6.65 6.45 6.27 6.10 5.95
4.66 4.72 4.79 4.88 4.98 5.10 5.22 5.35 5.44 5.49 5.47 5.40 5.29 5.19 5.13 5.12 5.16 5.21 5.28 5.41 5.45 5.47 5.48 5.46 5.42 5.38 5.30 5.22 5.20 5.16 5.13 5.10 5.02 5.00 5.10 5.09 5.08 5.08 5.22 5.24 5.26 5.37 5.36 5.38 5.39 5.41 5.37 5.43 5.47 5.53 5.60 5.68 5.79 6.09 6.25 6.42 6.55 6.73 6.90 7.05 7.20 7.22 7.18 7.09 6.99 6.91 6.87 6.86 6.88 6.83 6.90 6.97 6.99 7.00 6.98 6.94 6.86 6.74 6.60 6.44 6.28 6.12 5.98 5.85
4.66 4.75 4.82 4.92 5.04 5.18 5.34 5.51 5.66 5.74 5.71 5.57 5.41 5.26 5.18 5.18 5.25 5.36 5.47 5.56 5.64 5.66 5.67 5.64 5.58 5.49 5.38 5.27 5.22 5.16 5.14 5.12 5.05 5.03 5.13 5.14 5.15 5.15 5.19 5.31 5.41 5.42 5.40 5.41 5.42 5.36 5.38 5.44 5.48 5.55 5.62 5.72 5.86 6.04 6.37 6.59 6.79 6.98 7.18 7.41 7.53 7.53 7.39 7.21 7.03 6.89 6.81 6.76 6.70 6.71 6.71 6.70 6.73 6.69 6.68 6.65 6.58 6.49 6.37 6.25 6.11 5.98 5.85 5.69
4.67 4.76 4.84 4.95 5.08 5.24 5.43 5.66 5.89 6.05 5.98 5.75 5.50 5.29 5.17 5.20 5.32 5.50 5.68 5.78 5.83 5.83 5.84 5.84 5.74 5.58 5.44 5.30 5.22 5.17 5.13 5.07 5.05 5.07 5.17 5.18 5.18 5.21 5.25 5.46 5.47 5.44 5.44 5.41 5.44 5.38 5.39 5.44 5.49 5.55 5.63 5.74 5.91 6.12 6.37 6.64 6.98 7.20 7.43 7.71 7.91 7.87 7.61 7.31 7.04 6.84 6.71 6.61 6.57 6.56 6.56 6.50 6.50 6.44 6.42 6.39 6.34 6.26 6.17 6.07 5.96 5.85 5.68 5.58
4.67 4.74 4.84 4.95 5.09 5.26 5.47 5.73 6.05 6.39 6.23 5.86 5.54 5.27 5.10 5.18 5.35 5.58 5.84 6.00 5.94 5.92 5.96 6.02 5.87 5.64 5.45 5.30 5.20 5.15 5.13 5.08 5.07 5.12 5.13 5.22 5.28 5.24 5.31 5.52 5.52 5.46 5.45 5.45 5.44 5.41 5.40 5.44 5.51 5.57 5.65 5.74 5.93 6.17 6.45 6.78 7.14 7.32 7.56 7.89 8.28 8.19 7.73 7.32 6.99 6.73 6.57 6.48 6.43 6.40 6.38 6.30 6.30 6.22 6.20 6.17 6.12 6.06 5.99 5.91 5.77 5.68 5.58 5.47
4.65 4.72 4.80 4.93 5.07 5.24 5.44 5.69 5.98 6.24 6.14 5.82 5.52 5.27 5.13 5.19 5.35 5.57 5.80 5.95 5.93 5.91 5.93 5.95 5.82 5.61 5.43 5.29 5.18 5.15 5.13 5.08 5.09 5.14 5.16 5.26 5.33 5.40 5.40 5.41 5.51 5.52 5.50 5.50 5.49 5.46 5.45 5.49 5.54 5.61 5.68 5.78 5.95 6.18 6.47 6.77 7.04 7.20 7.49 7.79 8.09 8.01 7.61 7.22 6.88 6.61 6.45 6.35 6.29 6.24 6.17 6.15 6.13 6.02 6.00 5.97 5.93 5.89 5.84 5.71 5.65 5.58 5.50 5.42
4.61 4.68 4.76 4.88 5.01 5.17 5.35 5.55 5.75 5.87 5.83 5.65 5.44 5.26 5.18 5.21 5.32 5.48 5.63 5.73 5.79 5.80 5.80 5.76 5.66 5.51 5.36 5.23 5.15 5.13 5.05 5.08 5.10 5.16 5.20 5.27 5.38 5.46 5.48 5.48 5.58 5.58 5.56 5.56 5.49 5.50 5.55 5.57 5.60 5.65 5.73 5.83 5.97 6.18 6.39 6.63 6.83 7.00 7.19 7.38 7.60 7.54 7.30 7.00 6.72 6.48 6.32 6.21 6.13 6.04 6.00 5.97 5.95 5.83 5.81 5.78 5.76 5.73 5.63 5.59 5.54 5.49 5.44 5.39
4.57 4.63 4.70 4.80 4.93 5.06 5.21 5.36 5.49 5.56 5.54 5.44 5.32 5.21 5.16 5.18 5.25 5.36 5.47 5.55 5.63 5.64 5.63 5.58 5.49 5.38 5.26 5.16 5.10 5.04 5.02 5.04 5.10 5.18 5.27 5.32 5.50 5.52 5.55 5.54 5.50 5.65 5.63 5.62 5.56 5.57 5.58 5.62 5.66 5.70 5.76 5.85 5.98 6.12 6.28 6.44 6.61 6.73 6.87 6.99 7.04 7.09 6.93 6.72 6.50 6.29 6.15 6.04 5.96 5.87 5.83 5.79 5.76 5.74 5.62 5.60 5.59 5.51 5.49 5.47 5.45 5.42 5.39 5.36
4.51 4.56 4.63 4.72 4.88 4.98 5.06 5.17 5.26 5.30 5.29 5.24 5.17 5.12 5.09 5.11 5.16 5.24 5.32 5.38 5.47 5.48 5.46 5.41 5.34 5.23 5.14 5.05 5.01 4.97 4.97 5.01 5.09 5.20 5.31 5.38 5.57 5.60 5.60 5.62 5.58 5.72 5.70 5.63 5.63 5.63 5.65 5.69 5.71 5.75 5.82 5.88 5.96 6.05 6.16 6.26 6.38 6.49 6.55 6.61 6.63 6.56 6.57 6.41 6.24 6.07 5.94 5.85 5.75 5.69 5.65 5.61 5.57 5.55 5.44 5.43 5.36 5.36 5.36 5.36 5.36 5.35 5.34 5.32
4.43 4.48 4.54 4.62 4.71 4.82 4.91 4.99 5.05 5.08 5.08 5.05 5.03 4.99 4.98 5.01 5.05 5.11 5.19 5.24 5.27 5.33 5.31 5.26 5.19 5.10 5.00 4.92 4.88 4.87 4.90 4.97 5.05 5.27 5.37 5.48 5.56 5.69 5.67 5.68 5.69 5.69 5.81 5.70 5.70 5.70 5.71 5.76 5.77 5.83 5.85 5.88 5.92 5.97 6.03 6.08 6.15 6.22 6.24 6.27 6.26 6.20 6.09 6.10 5.96 5.84 5.73 5.66 5.55 5.51 5.46 5.42 5.38 5.31 5.20 5.18 5.19 5.22 5.24 5.26 5.28 5.29 5.29 5.29
4.34 4.38 4.44 4.52 4.60 4.68 4.76 4.82 4.87 4.89 4.89 4.89 4.87 4.85 4.86 4.89 4.94 5.01 5.07 5.11 5.14 5.20 5.18 5.13 5.06 4.96 4.86 4.73 4.72 4.75 4.81 4.91 5.09 5.28 5.42 5.53 5.64 5.69 5.79 5.80 5.76 5.74 5.69 5.77 5.77 5.77 5.78 5.82 5.86 5.86 5.87 5.87 5.88 5.88 5.87 5.89 5.92 5.96 5.96 5.97 5.95 5.88 5.77 5.64 5.66 5.55 5.45 5.40 5.35 5.32 5.28 5.24 5.19 5.09 5.06 4.99 5.02 5.07 5.12 5.16 5.20 5.23 5.24 5.25
4.23 4.27 4.34 4.41 4.49 4.56 4.62 4.68 4.71 4.72 4.72 4.73 4.71 4.70 4.72 4.76 4.82 4.90 4.96 5.01 5.04 5.10 5.08 5.03 4.94 4.83 4.70 4.61 4.54 4.60 4.70 4.89 5.06 5.25 5.46 5.62 5.77 5.84 5.93 5.92 5.86 5.82 5.77 5.82 5.83 5.84 5.86 5.88 5.91 5.90 5.89 5.87 5.84 5.79 5.73 5.70 5.69 5.71 5.73 5.71 5.68 5.61 5.50 5.36 5.21 5.25 5.18 5.17 5.15 5.14 5.11 5.03 4.94 4.88 4.84 4.85 4.84 4.92 5.00 5.07 5.13 5.17 5.20 5.21
4.11 4.15 4.23 4.31 4.39 4.45 4.50 4.55 4.57 4.57 4.58 4.58 4.56 4.55 4.57 4.63 4.71 4.79 4.87 4.92 4.96 5.01 5.00 4.95 4.85 4.71 4.54 4.40 4.34 4.43 4.60 4.82 5.05 5.25 5.50 5.70 5.91 6.03 6.10 6.04 5.95 5.89 5.83 5.88 5.88 5.93 5.92 5.93 5.95 5.92 5.90 5.87 5.81 5.72 5.62 5.50 5.46 5.47 5.49 5.50 5.48 5.39 5.27 5.11 4.93 4.93 4.93 4.94 4.99 4.96 4.94 4.88 4.77 4.66 4.58 4.61 4.66 4.79 4.90 5.00 5.07 5.12 5.16 5.18
3.96 4.03 4.14 4.23 4.30 4.36 4.40 4.43 4.44 4.44 4.45 4.45 4.44 4.41 4.41 4.50 4.60 4.70 4.79 4.86 4.92 4.94 4.94 4.91 4.79 4.61 4.41 4.21 4.07 4.26 4.54 4.76 5.02 5.25 5.52 5.76 5.99 6.25 6.21 6.14 6.01 5.91 5.86 5.91 5.95 5.97 5.99 5.99 5.96 5.94 5.92 5.89 5.78 5.63 5.48 5.32 5.22 5.25 5.30 5.32 5.30 5.23 5.10 4.93 4.69 4.58 4.66 4.77 4.86 4.85 4.84 4.77 4.64 4.48 4.31 4.36 4.52 4.69 4.83 4.94 5.02 5.08 5.12 5.00
3.89 3.96 4.06 4.14 4.20 4.25 4.32 4.34 4.34 4.32 4.33 4.36 4.35 4.32 4.31 4.41 4.53 4.63 4.72 4.77 4.84 4.86 4.87 4.85 4.73 4.55 4.34 4.11 3.98 4.22 4.49 4.72 4.99 5.23 5.46 5.72 6.00 6.29 6.23 6.09 5.98 5.87 5.86 5.84 5.95 5.97 5.99 5.99 5.96 5.91 5.88 5.84 5.70 5.54 5.37 5.19 5.07 5.11 5.16 5.18 5.17 5.11 4.99 4.82 4.59 4.36 4.41 4.50 4.56 4.79 4.78 4.72 4.59 4.43 4.24 4.29 4.52 4.66 4.73 4.84 4.92 4.97 4.94 4.97
3.96 3.99 4.05 4.11 4.16 4.20 4.22 4.23 4.24 4.25 4.26 4.27 4.27 4.27 4.32 4.38 4.47 4.56 4.63 4.69 4.72 4.79 4.79 4.75 4.61 4.46 4.30 4.15 4.16 4.29 4.49 4.72 4.97 5.19 5.42 5.64 5.87 6.05 6.08 5.99 5.93 5.87 5.83 5.81 5.82 5.89 5.90 5.89 5.88 5.82 5.76 5.70 5.58 5.44 5.29 5.13 5.06 5.06 5.07 5.08 5.07 5.01 4.92 4.79 4.64 4.50 4.49 4.53 4.57 4.79 4.78 4.73 4.63 4.51 4.42 4.45 4.54 4.68 4.81 4.82 4.90 4.95 4.92 4.95
4.01 4.02 4.05 4.09 4.12 4.15 4.17 4.16 4.17 4.18 4.19 4.22 4.23 4.25 4.28 4.34 4.41 4.50 4.56 4.61 4.64 4.67 4.66 4.62 4.55 4.45 4.33 4.25 4.26 4.40 4.49 4.73 4.95 5.15 5.34 5.53 5.71 5.84 5.87 5.86 5.84 5.80 5.78 5.77 5.76 5.83 5.82 5.81 5.79 5.72 5.64 5.55 5.44 5.32 5.18 5.08 5.03 5.01 5.02 5.01 5.00 4.97 4.91 4.83 4.74 4.63 4.58 4.58 4.60 4.60 4.82 4.79 4.71 4.64 4.60 4.62 4.64 4.74 4.83 4.83 4.89 4.86 4.90 4.92
3.94 4.06 4.07 4.08 4.10 4.11 4.10 4.10 4.11 4.12 4.13 4.17 4.19 4.22 4.26 4.32 4.38 4.45 4.51 4.55 4.58 4.60 4.60 4.57 4.51 4.44 4.37 4.32 4.34 4.43 4.53 4.67 4.91 5.10 5.27 5.42 5.56 5.67 5.70 5.72 5.73 5.72 5.71 5.71 5.68 5.67 5.66 5.72 5.70 5.61 5.52 5.41 5.31 5.20 5.08 5.01 4.97 4.96 4.94 4.96 4.96 4.95 4.92 4.88 4.78 4.74 4.69 4.68 4.68 4.66 4.64 4.60 4.57 4.77 4.75 4.70 4.75 4.81 4.73 4.78 4.83 4.85 4.88 4.90
3.95 3.95 3.95 3.96 4.08 4.05 4.05 4.04 4.01 4.02 4.04 4.07 4.15 4.19 4.24 4.29 4.34 4.41 4.46 4.50 4.52 4.55 4.55 4.53 4.49 4.44 4.38 4.34 4.42 4.47 4.55 4.66 4.79 5.00 5.14 5.31 5.40 5.49 5.52 5.55 5.63 5.59 5.60 5.62 5.62 5.61 5.59 5.59 5.52 5.50 5.39 5.28 5.17 5.07 4.99 4.91 4.88 4.88 4.88 4.91 4.94 4.95 4.96 4.95 4.89 4.87 4.82 4.77 4.76 4.74 4.71 4.67 4.64 4.60 4.81 4.81 4.83 4.73 4.76 4.80 4.83 4.85 4.86 4.88
3.96 3.95 3.95 3.94 3.93 3.92 3.95 3.94 3.93 3.94 3.97 4.01 4.06 4.16 4.21 4.26 4.31 4.35 4.41 4.45 4.49 4.51 4.52 4.51 4.48 4.43 4.39 4.36 4.39 4.48 4.55 4.65 4.70 4.86 4.99 5.10 5.27 5.30 5.38 5.42 5.45 5.48 5.50 5.56 5.57 5.57 5.54 5.53 5.44 5.32 5.26 5.13 5.02 4.92 4.85 4.78 4.77 4.79 4.81 4.87 4.92 4.97 4.97 4.98 4.98 4.95 4.93 4.90 4.85 4.81 4.78 4.74 4.66 4.63 4.56 4.83 4.76 4.77 4.79 4.81 4.83 4.84 4.81 4.82
3.96 3.95 3.94 3.92 3.90 3.88 3.86 3.84 3.85 3.85 3.88 3.94 4.01 4.09 4.18 4.23 4.28 4.31 4.36 4.40 4.45 4.48 4.50 4.50 4.47 4.43 4.39 4.35 4.38 4.46 4.53 4.62 4.66 4.80 4.92 5.02 5.18 5.20 5.26 5.33 5.36 5.41 5.43 5.47 5.54 5.54 5.52 5.50 5.37 5.22 5.06 4.98 4.85 4.76 4.68 4.62 4.63 4.65 4.73 4.83 4.91 4.96 5.01 5.05 5.07 5.05 5.03 5.00 4.92 4.89 4.84 4.80 4.72 4.69 4.61 4.50 4.50 4.50 4.54 4.82 4.82 4.82 4.81 4.78
3.96 3.94 3.92 3.90 3.87 3.84 3.81 3.77 3.73 3.74 3.78 3.86 3.96 4.06 4.13 4.21 4.24 4.27 4.31 4.35 4.40 4.45 4.49 4.50 4.48 4.43 4.37 4.33 4.34 4.42 4.50 4.53 4.62 4.75 4.84 4.94 4.94 5.11 5.17 5.20 5.29 5.34 5.37 5.42 5.51 5.54 5.57 5.48 5.33 5.14 4.93 4.76 4.63 4.59 4.51 4.46 4.45 4.52 4.65 4.79 4.89 4.99 5.06 5.12 5.17 5.16 5.14 5.06 5.00 4.94 4.87 4.82 4.78 4.70 4.66 4.53 4.52 4.55 4.56 4.56 4.57 4.57 4.70 4.67
3.95 3.92 3.90 3.88 3.85 3.81 3.76 3.70 3.64 3.59 3.64 3.79 3.92 4.04 4.13 4.17 4.18 4.22 4.24 4.29 4.35 4.42 4.48 4.52 4.50 4.43 4.35 4.26 4.23 4.30 4.37 4.44 4.58 4.56 4.63 4.67 4.86 5.03 5.07 5.05 5.15 5.20 5.26 5.38 5.40 5.48 5.56 5.48 5.31 5.06 4.81 4.58 4.46 4.39 4.35 4.26 4.24 4.39 4.58 4.75 4.91 5.03 5.11 5.18 5.25 5.27 5.23 5.14 5.05 4.98 4.91 4.85 4.81 4.72 4.47 4.45 4.44 4.43 4.44 4.44 4.45 4.57 4.56 4.65
4.15 3.91 3.89 3.86 3.83 3.79 3.73 3.67 3.58 3.49 3.54 3.69 3.84 3.98 4.09 4.10 4.09 4.14 4.16 4.22 4.29 4.34 4.42 4.50 4.46 4.36 4.28 4.23 4.18 4.22 4.33 4.35 4.41 4.51 4.57 4.61 4.67 4.66 4.92 4.98 5.07 5.13 5.19 5.26 5.35 5.45 5.58 5.49 5.23 4.96 4.69 4.42 4.35 4.30 4.26 4.14 4.08 4.30 4.52 4.73 4.92 5.04 5.12 5.20 5.28 5.36 5.28 5.18 5.08 5.01 4.80 4.73 4.67 4.51 4.48 4.45 4.44 4.43 4.43 4.44 4.45 4.46 4.48 4.53
4.14 4.11 3.87 3.84 3.81 3.77 3.72 3.66 3.60 3.52 3.57 3.67 3.79 3.90 3.98 4.01 4.01 4.02 4.03 4.09 4.19 4.26 4.33 4.38 4.36 4.30 4.24 4.21 4.19 4.21 4.26 4.32 4.37 4.47 4.52 4.49 4.54 4.58 4.72 4.77 5.00 5.05 5.11 5.18 5.25 5.34 5.42 5.34 5.15 4.91 4.68 4.47 4.38 4.31 4.24 4.15 4.19 4.34 4.53 4.72 4.89 5.01 5.10 5.18 5.24 5.28 5.24 5.16 5.08 5.01 4.79 4.73 4.63 4.50 4.47 4.45 4.43 4.42 4.42 4.43 4.44 4.51 4.52 4.53
4.12 4.01 3.98 3.83 3.80 3.77 3.73 3.68 3.58 3.57 3.60 3.67 3.75 3.82 3.87 3.84 3.85 3.89 3.92 3.95 4.05 4.11 4.16 4.25 4.24 4.22 4.20 4.20 4.19 4.21 4.24 4.29 4.34 4.36 4.41 4.43 4.48 4.51 4.56 4.70 4.79 4.85 5.03 5.08 5.14 5.20 5.25 5.18 5.01 4.87 4.69 4.53 4.45 4.34 4.31 4.24 4.27 4.36 4.50 4.68 4.86 4.97 5.06 5.07 5.12 5.19 5.17 5.11 5.05 4.84 4.77 4.59 4.61 4.45 4.45 4.43 4.41 4.41 4.41 4.48 4.49 4.51 4.51 4.51
4.00 3.98 3.95 3.93 3.90 3.87 3.73 3.62 3.61 3.60 3.62 3.66 3.71 3.66 3.69 3.71 3.73 3.72 3.79 3.82 3.87 3.98 4.03 4.06 4.08 4.18 4.14 4.14 4.18 4.20 4.18 4.21 4.25 4.32 4.36 4.38 4.41 4.45 4.49 4.63 4.72 4.77 4.82 4.87 5.04 5.06 5.05 5.02 4.92 4.81 4.70 4.58 4.48 4.41 4.32 4.31 4.35 4.36 4.46 4.68 4.79 4.89 4.99 4.99 5.03 5.11 5.09 5.06 4.80 4.73 4.66 4.56 4.50 4.42 4.38 4.40 4.38 4.38 4.45 4.45 4.40 4.48 4.49 4.57
3.97 3.94 3.92 3.91 3.89 3.87 3.84 3.82 3.62 3.62 3.57 3.59 3.55 3.57 3.59 3.59 3.58 3.58 3.59 3.68 3.72 3.77 3.82 3.94 3.97 3.99 4.00 4.09 4.15 4.12 4.15 4.18 4.21 4.28 4.32 4.33 4.35 4.39 4.43 4.47 4.64 4.69 4.73 4.77 4.93 4.94 4.94 4.92 4.84 4.75 4.65 4.60 4.52 4.41 4.38 4.37 4.40 4.38 4.46 4.54 4.76 4.85 4.79 4.83 4.86 4.97 4.84 4.80 4.74 4.68 4.57 4.50 4.45 4.40 4.38 4.39 4.41 4.41 4.41 4.42 4.45 4.46 4.55 4.56
3.92 3.90 3.89 3.88 3.87 3.86 3.85 3.83 3.74 3.55 3.56 3.56 3.47 3.48 3.47 3.46 3.44 3.43 3.44 3.46 3.56 3.62 3.68 3.76 3.86 3.90 3.92 3.95 3.94 4.09 4.03 4.12 4.17 4.24 4.23 4.26 4.29 4.32 4.36 4.40 4.45 4.50 4.61 4.68 4.72 4.79 4.73 4.84 4.78 4.71 4.64 4.56 4.49 4.44 4.41 4.33 4.35 4.40 4.46 4.52 4.58 4.64 4.73 4.77 4.79 4.72 4.65 4.61 4.63 4.58 4.48 4.46 4.40 4.35 4.35 4.32 4.32 4.33 4.34 4.36 4.43 4.46 4.50 4.52
3.86 3.84 3.84 3.84 3.85 3.85 3.84 3.64 3.63 3.62 3.43 3.42 3.41 3.40 3.38 3.34 3.32 3.28 3.26 3.28 3.32 3.39 3.56 3.64 3.70 3.81 3.85 3.86 3.89 3.97 3.99 4.08 4.13 4.15 4.17 4.17 4.23 4.26 4.30 4.30 4.37 4.49 4.53 4.56 4.64 4.71 4.71 4.69 4.73 4.68 4.61 4.55 4.50 4.37 4.35 4.34 4.35 4.39 4.44 4.49 4.55 4.60 4.64 4.64 4.65 4.72 4.58 4.54 4.50 4.49 4.43 4.41 4.34 4.31 4.23 4.25 4.25 4.27 4.27 4.29 4.36 4.46 4.48 4.49
3.78 3.77 3.79 3.81 3.82 3.64 3.64 3.63 3.62 3.60 3.59 3.57 3.36 3.33 3.29 3.24 3.18 3.11 3.07 3.08 3.14 3.24 3.33 3.53 3.60 3.73 3.78 3.82 3.84 3.93 3.95 4.06 4.08 4.11 4.12 4.12 4.14 4.17 4.20 4.24 4.30 4.42 4.46 4.49 4.58 4.60 4.65 4.63 4.66 4.63 4.59 4.54 4.49 4.37 4.34 4.33 4.34 4.37 4.42 4.47 4.52 4.50 4.54 4.62 4.60 4.68 4.53 4.50 4.50 4.45 4.38 4.31 4.27 4.20 4.15 4.16 4.17 4.19 4.22 4.25 4.36 4.38 4.45 4.47
3.68 3.69 3.73 3.61 3.62 3.63 3.63 3.62 3.60 3.59 3.56 3.54 3.50 3.27 3.22 3.16 3.06 2.95 2.86 2.85 2.96 3.10 3.22 3.43 3.52 3.66 3.72 3.76 3.78 3.81 3.90 3.93 4.04 4.06 4.07 4.07 4.09 4.10 4.14 4.18 4.25 4.28 4.40 4.42 4.52 4.48 4.55 4.52 4.62 4.60 4.57 4.53 4.39 4.36 4.33 4.31 4.32 4.35 4.41 4.45 4.50 4.54 4.57 4.59 4.57 4.56 4.49 4.50 4.46 4.41 4.38 4.31 4.22 4.13 4.04 4.02 4.06 4.10 4.16 4.20 4.32 4.34 4.34 4.35
3.54 3.53 3.57 3.60 3.61 3.62 3.61 3.60 3.59 3.56 3.54 3.51 3.46 3.41 3.16 3.09 2.98 2.84 2.67 2.64 2.84 3.00 3.13 3.24 3.45 3.52 3.58 3.70 3.72 3.83 3.87 3.91 3.94 4.01 4.03 4.03 4.04 4.04 4.08 4.13 4.20 4.23 4.34 4.38 4.40 4.43 4.43 4.55 4.54 4.56 4.54 4.51 4.38 4.35 4.32 4.29 4.28 4.31 4.35 4.44 4.48 4.52 4.55 4.50 4.51 4.54 4.51 4.48 4.48 4.43 4.36 4.28 4.19 4.07 3.95 3.94 4.01 4.06 4.13 4.16 4.26 4.28 4.30 4.31
