data/Validacao/H_Al.grd
DSAA
94	94
0.0000	100.0000
0.0000	100.0000
40.8282	99.6702
[rows 0 to 33 of 94, columns 0 to 76 of 94]
59.61 60.86 62.37 63.81 65.20 66.53 67.80 70.88 72.04 73.13 74.18 75.21 76.22 77.27 78.60 79.79 81.12 83.62 85.15 85.49 84.13 83.30 82.26 81.40 80.72 79.80 79.43 79.98 79.90 81.28 81.50 81.86 82.36 83.76 84.51 86.17 87.18 88.15 87.05 85.77 85.73 84.83 83.56 82.95 82.51 80.75 80.67 79.19 79.55 81.68 82.61 83.56 84.29 85.66 86.69 88.57 89.91 89.76 88.91 88.10 87.76 87.62 87.16 86.60 85.91 85.99 83.77 82.78 81.70 80.56 78.17 77.03 75.91 74.46 73.46 72.68 72.10
60.50 61.50 62.88 64.31 65.72 67.09 68.39 69.63 70.80 73.66 74.67 75.64 76.59 77.55 78.75 79.83 81.01 83.18 84.22 84.38 83.51 82.80 81.83 81.01 80.35 79.84 79.10 79.59 79.51 79.57 81.02 81.38 81.86 83.19 83.91 85.44 86.25 86.77 85.95 84.94 84.93 84.05 82.80 82.17 81.71 80.02 78.85 79.01 78.97 81.23 82.03 83.07 83.93 85.39 86.68 88.33 89.60 90.00 89.07 88.99 88.83 88.79 88.41 87.88 87.19 86.33 84.95 83.84 82.63 81.36 78.88 77.60 76.35 74.81 73.74 72.85 72.13
61.59 62.46 63.66 65.01 66.39 67.76 69.09 70.36 71.53 72.61 75.20 76.08 76.90 77.71 78.72 79.59 80.49 81.34 82.78 82.83 82.32 82.28 81.08 80.36 79.76 79.29 79.41 79.04 78.97 79.02 80.39 80.72 81.17 82.40 83.00 84.34 84.86 85.07 84.38 83.68 83.82 83.02 81.82 81.19 80.75 78.07 78.00 78.16 78.57 80.37 81.23 82.33 83.29 84.82 86.13 87.71 89.06 89.92 90.46 89.77 89.87 90.00 89.74 89.27 88.58 86.02 86.22 84.98 83.63 82.20 79.60 78.17 76.79 75.15 73.99 72.99 72.50
62.55 63.40 64.52 65.79 67.15 68.53 69.88 71.17 72.35 73.39 74.29 75.07 77.18 77.78 78.55 79.15 79.75 80.26 81.36 81.33 81.62 81.09 80.51 79.50 78.98 78.99 78.69 78.03 78.28 77.54 77.70 79.91 80.30 81.42 80.94 80.97 81.82 83.46 82.81 82.44 81.33 81.81 80.67 80.07 79.57 77.04 76.95 77.11 77.30 79.30 80.20 81.36 82.43 84.30 85.40 87.06 88.61 89.83 90.30 90.53 90.95 91.29 91.18 89.30 88.59 87.61 86.38 86.20 84.66 83.05 80.30 78.71 77.19 75.42 74.16 73.39 72.44
63.39 64.25 65.34 66.59 67.95 69.35 70.74 72.07 73.26 74.27 75.08 75.69 76.16 77.79 78.28 78.60 78.91 79.16 80.00 79.90 80.21 79.81 79.35 78.48 78.44 78.08 77.82 77.68 77.47 76.78 76.92 77.14 78.59 79.39 79.32 79.67 80.38 80.37 81.47 80.89 80.28 79.31 79.55 78.00 77.22 76.87 75.72 75.64 76.08 78.11 79.07 80.19 81.65 83.33 85.10 86.42 88.22 89.79 90.69 91.71 92.11 92.69 91.42 91.08 90.38 89.32 87.95 87.48 85.72 83.88 80.95 79.17 77.50 75.95 74.57 73.35 72.28
64.08 64.98 66.08 67.34 68.72 70.17 71.64 73.04 74.28 75.27 75.96 76.36 76.56 76.65 76.72 77.98 78.04 78.07 78.02 79.07 78.81 78.47 78.11 78.18 77.35 77.05 76.84 76.73 76.02 75.91 76.03 76.21 76.45 78.28 78.14 78.38 79.02 78.97 80.06 79.52 78.96 78.30 77.34 76.68 75.85 75.43 74.30 74.22 75.92 76.60 77.61 78.93 80.39 82.22 84.18 86.24 87.86 89.37 91.14 92.59 93.74 93.04 93.25 93.00 92.30 91.16 89.59 87.69 86.73 84.63 82.26 79.51 77.65 75.98 74.49 73.17 72.02
64.64 65.57 66.69 67.98 69.41 70.95 72.52 74.06 75.41 76.42 76.97 77.10 76.95 76.70 76.45 76.25 77.13 76.99 76.82 77.68 77.42 77.13 77.21 76.89 76.63 75.92 75.75 75.67 75.24 74.95 75.04 75.20 75.15 75.38 76.95 77.15 77.23 77.68 78.76 78.23 77.69 75.93 76.06 75.10 74.42 73.88 72.55 72.63 74.22 74.93 75.98 77.37 78.98 80.99 83.18 85.50 87.07 89.39 91.61 93.53 95.09 94.82 95.17 94.98 94.31 93.08 91.28 89.02 86.56 85.19 82.59 80.44 77.63 75.84 74.26 72.85 71.62
66.15 66.00 67.15 68.48 69.97 71.59 73.32 75.05 76.63 77.75 78.14 77.88 77.29 76.64 76.07 75.64 75.30 75.92 75.65 75.79 76.05 76.13 75.83 75.55 75.32 74.71 74.57 74.51 74.14 74.19 73.98 74.13 74.09 74.30 75.79 75.97 76.05 75.81 77.44 77.07 76.53 74.80 73.90 73.80 72.99 72.26 70.89 70.91 72.42 73.17 74.22 75.87 77.74 79.99 82.10 84.68 86.60 89.30 91.99 93.66 95.74 96.65 97.02 96.86 96.28 95.04 92.93 90.19 87.26 85.48 82.63 80.31 77.37 75.49 73.84 72.38 71.10
66.39 66.27 67.43 68.79 70.32 72.03 73.89 75.87 77.82 79.27 79.43 78.58 77.46 76.39 75.51 74.92 74.49 74.32 74.86 74.52 75.11 74.73 74.44 74.17 73.96 73.82 73.30 73.27 72.97 73.02 73.14 72.70 72.89 73.22 73.92 74.88 74.98 74.76 75.32 76.04 74.54 73.64 72.88 72.64 71.67 70.69 69.14 70.11 70.65 71.48 72.47 74.00 76.04 78.58 81.29 83.75 85.95 88.95 91.27 94.48 97.28 98.66 98.45 98.22 97.92 96.95 94.37 90.91 87.47 84.04 82.27 79.02 76.82 74.90 73.22 71.74 70.44
66.45 67.37 67.52 68.87 70.42 72.16 74.09 76.22 78.53 80.81 80.47 78.83 77.29 75.89 74.73 74.12 73.66 73.41 72.96 73.98 73.75 73.39 73.09 72.78 72.56 72.41 72.34 71.92 71.70 71.74 71.88 71.52 71.76 72.62 72.90 72.91 74.09 73.85 73.63 73.61 73.72 72.83 72.04 71.12 70.63 69.43 67.96 68.33 69.25 70.16 71.18 72.14 74.47 77.29 80.12 83.01 85.02 87.38 90.78 94.48 98.36 99.67 98.66 98.28 98.43 98.45 94.91 90.66 86.88 83.30 80.39 78.14 75.95 74.05 72.38 70.93 69.64
66.35 67.25 68.33 68.72 70.24 71.94 73.81 75.84 77.97 79.78 79.61 78.17 76.66 75.26 74.11 73.39 72.85 72.80 72.28 72.29 71.90 72.14 71.78 71.43 71.15 70.94 70.85 70.43 70.40 70.30 70.51 70.27 70.60 71.54 71.93 72.04 72.08 72.11 72.18 72.95 73.09 72.22 71.44 70.52 70.01 68.59 67.57 67.95 68.67 69.51 70.52 71.60 73.71 76.33 79.04 81.80 83.23 86.07 89.31 92.76 96.10 97.40 96.94 96.32 96.29 95.81 92.77 88.85 85.25 81.81 79.03 75.75 74.75 72.92 71.33 69.94 68.71
66.07 66.93 67.97 68.34 69.79 71.37 73.08 74.82 76.44 77.54 77.58 76.76 75.60 74.44 73.43 72.66 72.49 71.92 71.39 70.90 70.89 70.41 69.91 70.10 69.72 69.42 69.26 69.25 68.75 68.71 68.49 68.93 69.40 70.49 71.02 71.56 71.87 71.58 71.71 71.23 71.89 71.81 71.05 70.19 68.95 68.58 67.94 68.39 68.74 69.62 70.50 71.72 73.48 75.66 78.02 79.85 81.71 84.38 86.95 89.65 91.89 93.02 93.11 92.83 92.04 90.91 88.64 85.67 82.66 79.61 77.13 74.09 72.10 71.54 70.08 68.80 67.67
65.62 66.43 67.42 68.57 69.11 70.55 72.05 73.48 74.70 75.46 75.57 75.09 74.28 73.38 73.04 72.27 71.62 71.06 70.57 69.99 69.93 69.35 68.74 68.10 68.25 67.83 67.55 67.48 66.96 66.50 66.89 67.44 68.18 69.45 70.27 70.90 70.35 70.62 70.27 70.99 71.63 71.58 70.86 69.72 68.94 68.75 68.30 68.82 69.27 69.81 70.66 71.81 73.29 75.06 76.42 78.48 79.94 82.10 84.24 86.02 87.52 88.32 88.44 88.09 87.05 85.81 83.98 81.74 79.13 76.86 74.78 72.07 70.34 69.94 68.64 67.51 65.75
65.22 65.96 66.88 67.95 69.44 70.65 70.87 72.07 73.03 73.62 73.74 73.44 72.86 72.72 71.96 71.29 70.71 70.19 69.72 69.12 69.01 68.33 67.59 66.80 66.01 66.14 65.71 65.54 64.99 64.60 65.16 65.94 66.92 68.45 69.51 70.36 70.09 70.50 70.25 70.12 71.54 71.00 70.81 69.71 69.00 68.90 68.56 69.15 69.55 70.04 70.81 71.82 73.04 73.88 75.41 77.01 78.01 79.63 81.16 82.46 83.21 83.62 83.52 83.01 82.17 80.64 79.15 77.47 75.46 73.73 71.36 69.79 68.37 67.08 66.61 65.36 64.58
64.45 65.14 66.01 67.02 68.13 68.62 69.77 70.80 71.51 71.99 72.10 71.87 72.04 71.39 70.76 70.22 69.76 69.33 68.90 68.31 67.59 67.37 66.49 65.52 64.52 63.56 63.71 63.38 62.15 62.52 63.29 64.35 65.59 66.66 67.92 69.12 70.01 70.59 70.44 70.33 70.87 70.31 70.04 69.77 69.08 67.80 67.56 69.56 69.72 70.19 70.90 71.77 72.20 73.26 74.36 75.48 76.02 77.11 78.08 78.82 79.22 79.05 78.63 77.88 76.91 75.44 74.25 73.06 71.82 70.65 69.52 67.37 66.26 65.23 64.11 63.95 63.26
63.53 64.17 65.02 66.01 67.08 68.15 68.61 69.53 70.24 70.64 70.71 71.09 70.57 69.99 69.48 69.08 68.77 68.56 68.15 67.60 66.84 66.52 65.48 64.31 63.05 61.79 60.69 60.51 60.18 60.23 61.28 62.71 63.84 65.86 67.47 68.96 70.14 70.76 71.06 70.93 69.75 69.11 69.41 69.02 68.36 68.39 68.11 69.51 69.72 70.24 70.95 71.17 71.94 72.63 73.29 73.93 74.02 74.63 75.11 75.36 75.30 74.88 73.92 72.85 71.68 70.61 69.50 68.81 67.93 67.31 66.16 64.92 64.12 62.27 61.53 62.04 61.54
62.47 63.08 63.95 64.97 66.02 67.06 68.02 68.38 69.06 69.44 69.46 69.70 69.13 68.55 68.10 67.86 67.77 67.75 67.51 67.02 66.23 65.78 64.60 63.23 61.68 60.04 58.50 57.40 57.19 57.69 59.17 60.65 62.67 65.00 67.08 68.95 70.49 71.36 71.71 71.48 70.50 69.39 69.52 68.70 68.26 68.21 67.21 67.34 69.54 70.20 70.45 71.20 71.72 72.02 72.21 72.37 72.06 72.25 72.33 72.18 71.72 70.88 69.68 68.04 66.53 65.37 64.58 64.19 64.18 64.11 63.40 63.03 61.04 60.45 59.88 60.49 60.20
61.28 61.91 62.88 63.94 65.01 66.02 66.96 67.34 68.05 68.45 68.95 68.42 67.73 67.04 66.59 66.04 66.23 66.99 66.99 66.59 65.74 64.74 63.46 61.94 60.51 58.43 56.33 54.61 53.72 54.40 56.43 59.15 61.85 64.30 66.75 69.02 71.02 72.26 72.59 71.73 70.89 69.63 69.60 68.68 67.67 67.90 66.79 66.95 69.21 69.56 70.59 71.36 71.61 71.45 71.14 70.82 70.15 70.02 69.81 69.36 68.56 67.38 65.77 63.81 61.57 60.10 59.75 60.11 60.78 60.29 60.44 59.49 59.16 58.72 58.27 58.95 58.91
59.97 60.79 61.92 63.03 64.08 65.05 64.65 65.61 66.49 67.67 67.96 67.23 65.83 65.02 64.49 64.76 65.27 65.77 66.60 66.33 65.39 64.20 62.90 61.39 59.27 56.75 54.08 51.26 50.28 51.18 53.97 57.94 60.96 63.67 66.39 69.00 71.87 73.43 73.80 72.87 71.33 70.16 69.14 68.64 67.55 66.68 65.98 66.13 68.28 69.48 70.71 71.71 71.55 70.85 70.09 69.29 68.29 68.01 67.62 66.96 65.94 64.50 62.59 60.20 57.38 54.86 54.72 56.24 57.16 57.97 58.42 57.72 57.57 57.21 56.76 56.64 57.78
57.98 58.84 59.94 61.00 62.02 62.98 63.68 64.57 65.41 66.15 65.79 65.45 64.66 63.86 63.33 63.74 64.35 64.94 65.46 65.26 64.73 63.56 62.28 60.80 58.64 56.06 53.31 49.94 48.76 50.75 53.29 56.56 59.83 62.58 66.47 67.90 71.67 72.97 73.77 71.56 71.46 70.14 69.17 67.23 67.13 66.31 64.95 65.34 67.97 69.11 70.28 71.25 70.83 69.88 68.89 67.87 66.65 66.22 65.66 64.85 63.72 62.17 60.17 57.70 54.79 51.86 52.11 53.97 55.34 56.31 56.93 56.60 56.58 56.34 55.95 55.97 55.86
58.24 58.77 59.58 60.45 61.32 62.14 62.92 63.50 64.11 64.49 64.24 63.81 63.27 62.77 62.83 63.03 63.48 63.94 64.19 63.98 63.20 62.82 61.58 60.06 57.61 55.32 52.96 50.92 50.79 52.02 54.27 56.52 59.62 62.26 64.87 67.28 69.59 71.31 71.77 70.97 70.22 69.25 68.15 67.39 67.37 65.94 65.62 65.94 66.65 68.90 69.62 70.00 69.70 68.92 67.97 67.00 65.76 65.07 64.35 63.45 62.28 60.78 58.95 56.84 54.35 52.87 52.60 53.51 54.47 55.35 55.98 55.71 55.80 55.72 55.61 55.26 55.40
58.45 58.81 59.37 60.03 60.70 61.35 61.96 62.32 62.75 62.98 62.96 62.53 62.21 61.94 61.85 62.00 62.30 62.91 63.02 62.82 62.23 61.56 60.46 59.06 57.36 55.47 53.64 52.23 52.08 53.33 54.51 56.79 59.59 61.99 64.36 66.48 68.41 69.86 70.10 70.09 69.72 69.01 68.09 67.51 66.92 67.01 66.84 66.84 68.12 68.67 68.93 68.96 68.60 67.92 67.07 66.18 64.92 64.15 63.35 62.44 61.33 60.00 58.46 56.48 54.94 53.96 53.39 53.75 54.45 55.13 55.93 55.20 55.36 55.40 55.42 55.05 55.14
58.15 58.83 59.20 59.66 60.14 60.61 60.82 61.20 61.48 61.62 61.61 61.28 61.13 61.01 61.02 61.17 61.40 61.94 62.01 61.86 61.41 60.95 60.02 58.81 57.37 55.81 54.36 54.03 53.34 53.98 55.20 56.90 59.12 61.78 63.87 65.72 67.39 68.70 68.99 69.24 68.99 68.70 67.98 67.53 67.16 67.40 67.19 68.44 68.27 68.21 68.36 68.12 67.65 66.98 66.19 65.37 64.12 63.36 62.59 61.74 60.77 59.65 58.10 56.80 55.68 54.95 54.25 54.41 54.70 55.16 55.83 55.18 55.17 55.26 55.33 54.92 54.97
58.19 58.36 58.62 58.94 59.63 59.65 59.93 60.15 59.92 60.02 60.04 60.01 60.03 60.02 60.10 60.27 60.50 61.04 61.14 61.07 60.78 60.53 59.79 58.79 57.55 56.21 55.51 54.72 54.35 54.74 55.73 57.16 58.88 61.40 63.25 65.10 66.51 67.66 68.14 68.55 68.48 68.40 67.91 67.51 67.36 66.34 66.26 68.72 68.35 68.02 67.66 67.44 66.85 66.13 65.35 64.57 63.35 62.67 62.00 61.29 60.49 59.29 58.28 57.28 56.43 55.63 55.33 55.06 55.14 55.41 55.70 55.21 55.34 55.44 55.57 54.91 54.93
58.19 58.28 58.42 58.59 58.80 58.97 58.62 58.75 58.83 58.86 58.86 58.85 58.85 58.98 59.11 59.33 59.61 59.88 60.37 60.44 60.54 60.29 59.77 58.95 57.86 57.11 56.02 55.24 55.02 55.17 56.04 57.33 58.71 60.87 62.44 63.99 65.66 66.55 67.14 67.65 68.30 68.38 67.79 67.72 67.60 67.02 66.92 67.25 68.41 67.87 67.30 66.65 66.16 65.37 64.56 63.78 62.62 62.05 61.53 61.01 60.14 59.41 58.61 57.82 57.14 56.42 56.10 56.00 55.97 55.51 55.66 55.36 55.45 55.51 54.82 54.89 54.14
58.16 58.17 58.22 58.29 58.34 58.36 58.34 58.28 57.81 57.76 57.73 57.73 57.76 57.85 58.09 58.37 58.73 59.09 59.69 59.91 60.22 60.20 59.94 59.32 58.75 57.55 56.36 55.45 55.16 55.29 56.15 57.40 58.70 60.75 62.21 63.64 65.26 66.09 66.88 67.24 68.02 67.92 67.75 67.80 67.79 67.27 67.20 67.46 68.47 67.77 67.01 66.21 65.36 64.69 63.81 63.01 61.91 61.48 61.17 60.62 60.21 59.67 59.04 58.39 57.62 57.12 56.79 56.62 56.24 55.89 55.94 56.03 55.61 55.63 54.87 54.37 54.32
58.11 58.06 58.02 57.98 57.92 57.82 57.68 57.48 57.24 56.72 56.65 56.67 56.71 56.79 56.98 57.40 57.86 58.34 59.05 59.43 59.95 60.21 60.27 60.30 59.37 57.99 56.53 55.35 54.91 55.12 56.12 57.28 58.72 60.72 62.18 63.45 64.13 65.82 66.60 67.28 67.54 67.84 67.75 67.89 66.96 67.54 67.52 67.71 67.15 67.72 66.81 65.87 64.91 63.93 63.14 62.24 61.17 60.95 60.68 60.62 60.45 60.08 59.54 58.95 58.23 57.74 57.08 56.83 56.69 56.26 56.23 56.24 56.29 54.92 54.36 54.37 54.29
58.06 57.94 57.84 57.72 57.57 57.37 57.12 56.79 56.40 56.03 55.92 55.73 55.77 55.79 55.93 56.39 56.97 57.62 58.17 59.09 59.65 60.18 61.03 61.16 60.15 58.41 56.61 54.87 54.09 54.60 55.86 57.28 58.83 60.46 61.85 62.96 64.03 65.73 66.58 66.04 66.68 67.02 67.04 67.99 67.04 67.31 68.29 67.91 67.48 66.59 65.66 64.71 64.62 63.59 62.46 61.53 60.41 60.29 60.56 60.78 60.86 60.36 59.80 59.19 58.62 57.97 57.57 57.29 57.09 56.97 56.49 56.44 56.42 55.00 53.16 53.04 52.94
57.68 57.84 57.68 57.50 57.28 57.02 56.69 56.29 55.80 55.25 54.72 54.83 54.87 54.84 54.67 55.24 55.89 56.67 57.30 58.84 59.56 60.17 60.93 61.58 60.44 58.49 56.59 54.79 53.68 54.81 56.09 57.37 58.79 60.67 62.01 63.05 64.12 63.98 65.42 66.01 66.64 66.99 67.00 67.25 67.03 67.34 68.42 68.04 67.47 66.52 65.56 64.57 63.60 62.57 62.03 60.77 59.16 59.55 59.97 60.77 61.03 60.81 60.21 59.61 58.92 58.39 57.99 57.68 57.44 57.26 56.41 56.27 55.67 54.24 53.14 52.99 52.87
57.61 57.45 57.55 57.33 57.07 56.76 56.40 55.98 55.51 54.53 54.39 54.39 54.39 54.40 54.27 54.69 55.24 55.82 56.59 57.64 58.89 59.61 60.25 60.53 59.84 58.44 56.92 55.63 55.06 55.34 56.51 57.88 59.22 61.03 62.30 62.25 63.23 64.22 65.52 66.07 66.68 66.99 66.97 67.18 67.37 67.03 68.06 67.67 67.30 66.42 65.52 64.60 63.68 62.72 61.48 60.77 59.66 59.74 60.26 61.02 61.13 60.95 60.49 59.96 59.29 58.78 58.36 58.00 57.71 57.48 56.54 56.34 55.42 54.20 53.09 52.92 52.78
57.55 56.60 56.45 57.21 56.92 56.60 56.23 55.83 54.71 54.42 54.23 54.14 54.10 54.11 53.93 54.22 54.64 55.12 56.26 56.84 57.93 58.57 59.05 59.44 59.08 58.26 57.40 56.61 56.40 56.47 57.37 58.58 59.80 60.45 61.68 62.59 63.52 64.47 65.14 66.22 66.75 67.01 66.95 67.09 67.18 66.68 67.64 67.26 66.25 66.30 65.51 64.70 63.60 62.77 61.97 60.69 60.92 60.34 60.39 60.45 60.40 61.08 60.70 59.46 58.90 59.10 58.65 58.26 57.92 56.90 56.60 55.04 55.36 53.27 52.99 52.81 52.66
56.70 56.55 56.37 56.16 55.91 55.64 56.13 54.92 54.61 54.34 54.12 53.97 53.88 53.47 53.56 53.75 54.03 54.78 55.52 56.03 56.96 57.67 58.09 58.27 58.14 58.15 57.74 57.45 57.44 57.49 57.94 58.44 59.50 61.10 62.19 63.05 64.09 64.85 65.45 66.48 66.92 67.08 66.75 66.96 67.03 66.32 66.21 66.37 65.92 65.51 65.17 64.49 63.82 63.16 62.26 61.71 61.72 60.61 60.44 60.71 60.52 60.20 60.02 59.60 59.06 59.34 58.88 58.45 56.75 56.31 55.92 54.97 54.65 53.15 52.89 52.65 52.50
56.68 56.52 56.32 56.09 55.83 55.54 55.24 54.93 54.54 54.27 54.09 53.90 53.22 53.17 53.17 53.24 53.81 54.07 54.42 55.58 56.08 56.59 57.02 57.51 57.62 57.59 57.52 58.05 57.84 58.01 58.74 59.15 60.15 61.71 62.78 63.62 64.64 65.35 65.88 66.23 67.15 67.20 66.91 66.85 66.83 66.67 65.82 66.01 65.31 64.88 64.42 64.59 64.06 63.27 62.79 62.36 61.50 61.17 60.86 60.54 60.70 60.31 58.59 57.99 57.37 58.61 57.80 57.26 56.75 56.28 55.26 54.37 53.99 52.36 51.53 51.32 51.24
56.68 56.50 56.29 56.05 55.77 55.48 55.17 54.86 54.63 54.28 54.01 53.78 51.98 51.88 51.83 53.15 53.19 53.32 53.06 53.41 55.18 55.72 56.23 55.85 57.20 57.44 57.66 57.95 57.57 58.07 59.02 59.74 60.78 62.34 63.35 64.41 65.29 65.98 66.43 66.65 66.49 66.43 67.03 66.73 66.42 67.34 65.50 65.31 64.99 64.64 64.30 64.80 63.97 63.63 63.30 62.64 62.31 61.71 61.29 60.82 60.01 59.13 58.53 57.90 57.26 56.67 56.12 55.49 54.90 54.33 53.63 52.97 52.54 52.17 51.89 50.84 50.69
