data/Validacao/H_Al.grd
DSAA
94	94
0.0000	100.0000
0.0000	100.0000
40.8282	99.6702
[rows 34 to 67 of 94, columns 0 to 76 of 94]
56.70 56.51 55.26 55.01 54.73 54.43 54.13 52.99 52.74 52.50 52.04 51.83 51.65 51.48 51.33 51.20 51.96 51.96 52.08 52.37 52.82 53.35 54.66 55.20 55.67 57.31 57.75 57.41 57.94 58.76 59.55 60.29 61.62 62.70 63.81 64.90 66.05 66.73 67.08 67.05 66.99 67.32 67.02 66.72 66.19 67.06 65.74 65.43 64.66 64.39 65.13 64.86 64.63 63.54 63.41 63.22 62.93 62.49 61.96 60.76 60.14 59.12 58.46 57.84 57.18 56.88 55.99 55.00 54.39 54.03 53.48 52.80 52.33 51.93 51.42 51.30 50.50
55.71 55.54 55.29 54.99 54.68 53.45 53.16 52.88 52.60 52.33 52.07 51.81 51.34 51.09 50.85 50.60 51.27 51.09 51.05 51.30 51.82 52.47 53.13 54.65 55.27 55.94 56.52 57.13 58.20 59.35 60.22 61.07 62.11 63.24 64.55 65.63 66.69 67.42 67.77 67.60 67.29 67.42 66.97 66.55 67.20 66.41 65.36 65.06 65.15 64.92 65.00 64.84 64.75 63.78 63.83 63.81 63.57 63.05 62.36 60.87 60.12 59.49 58.79 57.73 57.02 56.74 55.46 54.82 54.45 53.87 53.31 52.42 51.90 51.45 51.10 50.98 50.95
55.83 55.61 55.29 54.03 53.70 53.37 53.06 52.76 52.46 52.17 51.88 51.59 51.29 50.76 50.43 51.04 50.65 50.26 49.99 50.18 50.89 51.72 52.53 54.20 54.96 55.75 56.45 57.17 58.66 59.46 60.53 61.50 62.48 63.64 65.02 66.24 67.53 68.46 68.61 68.06 67.47 66.84 66.81 66.30 66.86 66.11 65.06 64.82 64.79 64.63 64.77 64.72 63.71 63.90 64.16 64.38 64.24 63.55 62.65 60.97 60.11 59.36 58.60 57.53 56.43 55.77 55.24 54.87 54.28 53.70 53.17 52.61 51.68 51.16 50.48 50.31 50.36
56.08 54.76 54.35 53.97 53.61 53.27 52.94 52.63 52.32 52.01 51.70 51.39 51.06 50.71 50.10 50.69 50.21 49.67 49.09 49.17 50.21 51.20 52.10 52.92 54.72 55.51 56.29 57.50 58.80 58.67 59.60 60.72 61.83 63.96 65.24 66.53 68.03 69.45 69.17 68.20 67.40 66.62 66.52 67.11 66.60 65.66 65.33 64.65 64.44 65.26 65.15 64.47 63.51 63.80 64.21 64.72 64.84 63.76 62.67 60.95 60.03 59.18 58.39 57.30 56.60 55.50 55.26 54.67 54.12 53.57 53.03 52.48 51.54 50.73 50.17 50.05 50.23
54.97 54.74 54.38 54.02 53.46 53.12 52.80 52.49 52.18 51.86 51.54 51.22 50.87 50.50 51.09 50.65 50.02 49.51 49.08 49.22 50.04 50.98 51.87 52.78 54.57 55.42 55.76 56.55 57.55 58.74 59.67 60.74 61.81 63.13 65.15 66.34 67.65 68.66 68.58 67.75 66.97 67.27 66.59 66.59 65.07 64.62 64.20 63.08 64.61 64.78 64.73 63.82 63.51 63.80 64.17 64.54 64.18 63.36 62.36 60.64 59.73 58.88 58.28 57.57 56.92 55.79 55.24 54.66 53.95 53.43 52.93 51.77 51.27 50.77 50.33 50.19 50.30
54.52 54.37 54.10 53.79 53.48 53.17 52.86 52.34 52.03 51.72 51.40 51.07 50.72 50.36 50.99 50.59 50.20 49.68 49.49 49.67 50.23 51.05 51.88 52.70 52.97 53.73 55.70 55.90 57.51 58.38 59.60 60.34 61.78 62.85 63.97 65.04 66.70 67.29 67.36 66.85 67.28 66.60 65.94 65.41 64.84 63.89 63.53 62.45 62.35 62.88 63.16 63.29 63.49 63.21 63.48 63.64 63.55 63.01 62.26 60.12 59.44 58.65 57.91 57.22 56.09 55.48 54.53 54.57 53.81 53.34 52.60 51.78 51.37 50.98 50.67 50.52 50.52
54.09 53.97 53.77 53.52 53.25 52.97 52.69 52.40 52.11 51.81 51.49 50.95 50.61 51.30 50.96 50.62 50.32 50.11 49.87 50.06 50.56 51.20 51.93 52.70 52.93 53.69 55.09 55.87 57.43 58.28 59.14 60.13 61.05 62.43 63.38 63.79 64.48 64.90 65.96 65.61 66.39 65.78 65.16 64.64 64.07 63.11 62.76 61.73 62.20 62.18 62.27 62.64 62.39 62.60 62.72 62.76 62.59 62.17 61.56 60.98 58.90 58.17 57.47 56.33 55.70 54.94 54.11 53.65 53.61 53.21 52.69 52.77 51.51 51.22 51.00 50.86 51.50
53.69 53.59 53.43 53.22 52.99 52.75 52.50 52.24 51.97 51.68 51.38 51.07 50.96 51.42 50.95 50.67 50.46 50.34 50.37 50.61 50.80 51.36 52.01 52.38 53.11 54.36 55.12 55.83 56.97 58.14 59.56 59.85 60.67 61.20 61.98 63.42 64.25 65.50 66.28 66.01 65.24 64.25 63.48 63.79 62.48 62.24 61.88 60.72 61.37 61.40 61.52 61.47 61.66 61.90 62.00 61.89 61.71 61.45 60.95 60.35 58.30 57.63 57.33 55.73 55.13 54.60 53.78 54.19 53.86 53.12 52.70 52.84 52.58 52.35 52.16 51.88 51.81
53.31 53.22 53.08 52.91 52.72 52.52 52.30 52.07 51.83 51.56 51.28 50.98 51.66 51.37 51.11 50.89 50.73 50.44 50.59 50.83 51.21 52.16 52.78 53.46 53.63 54.37 54.41 55.15 56.19 57.23 58.24 58.96 59.66 61.74 63.37 63.18 63.57 64.52 64.59 64.34 64.80 64.28 63.09 61.87 61.28 60.68 59.81 60.24 60.83 60.92 61.10 61.39 60.99 61.15 61.23 61.20 61.09 60.71 60.26 59.72 59.10 57.42 56.51 55.89 55.33 54.54 54.16 53.87 53.64 53.46 53.12 52.94 52.77 52.23 52.10 51.92 51.76
53.41 52.86 52.74 52.60 52.44 52.27 52.09 51.90 51.68 51.44 51.18 50.88 51.56 51.31 51.08 50.90 50.77 50.76 51.46 51.70 52.08 52.48 53.03 53.04 53.73 53.65 54.41 55.43 57.42 57.41 58.07 58.71 59.90 61.09 61.61 62.03 62.31 62.19 61.92 62.94 62.55 62.05 61.20 60.56 60.37 59.72 59.32 59.76 59.23 59.40 59.66 59.95 59.97 60.86 60.89 60.86 60.13 59.85 59.44 58.84 58.25 56.59 55.95 55.33 54.40 53.96 53.72 53.54 53.15 53.39 52.99 52.93 52.98 52.72 52.63 52.19 52.11
53.05 52.95 52.83 52.28 52.16 52.02 51.87 51.71 51.54 51.33 51.07 51.56 51.44 51.59 51.34 51.13 51.07 51.39 51.52 50.96 51.32 51.78 52.37 52.99 54.07 54.86 54.69 56.61 57.32 57.82 58.43 59.01 59.54 60.58 61.06 61.39 61.83 61.91 61.72 62.19 61.80 61.30 59.78 59.74 59.04 58.71 58.22 58.62 58.75 58.53 58.90 59.26 59.33 59.53 60.31 60.28 59.53 59.27 58.88 58.30 56.91 56.07 55.42 54.40 53.83 53.40 53.02 52.96 53.00 53.06 53.04 53.25 53.04 53.02 52.98 52.57 52.35
52.70 52.60 51.68 51.60 51.52 51.75 51.64 51.52 51.76 51.58 51.68 51.88 51.66 51.31 51.14 51.03 50.48 50.51 50.64 50.88 51.24 51.70 52.25 52.90 54.02 54.74 55.16 55.93 57.08 57.69 58.23 58.74 59.66 60.16 60.97 61.42 61.60 61.28 61.00 60.80 61.11 60.59 60.05 59.03 57.96 57.89 57.20 57.03 57.76 58.24 58.24 58.68 58.80 59.02 59.26 59.82 59.05 58.79 58.72 56.99 56.47 55.87 54.58 53.90 53.25 52.64 52.53 52.66 52.87 53.04 53.31 53.43 53.53 53.46 53.03 52.85 52.06
52.34 51.38 51.32 51.26 51.21 51.15 51.09 51.69 51.57 51.44 51.92 51.69 51.33 50.67 50.49 50.36 50.30 50.33 50.47 50.71 51.06 51.52 52.08 53.20 53.88 54.61 55.06 55.87 57.00 57.54 58.03 58.91 59.36 59.74 60.57 60.98 61.13 61.16 60.52 60.31 59.97 60.13 59.57 58.24 57.37 57.08 56.04 55.88 56.94 57.67 58.29 58.26 58.60 58.85 58.91 58.88 58.67 58.76 57.54 56.65 56.14 54.90 54.25 53.53 52.33 52.01 52.12 52.35 52.67 53.15 53.40 53.61 53.78 53.63 53.48 52.59 52.60
51.55 52.35 52.24 52.14 52.04 51.94 51.48 51.50 51.39 51.26 51.29 50.92 50.67 50.43 50.24 50.10 50.03 50.06 50.19 50.43 50.79 51.25 52.31 52.98 53.68 54.42 55.04 55.84 56.72 57.25 57.71 58.67 59.09 59.45 60.41 60.64 60.77 60.80 60.17 59.96 59.63 59.22 59.28 59.02 58.08 56.82 55.80 55.65 56.73 57.46 58.09 58.57 58.36 58.61 58.74 59.49 58.64 57.94 57.33 56.64 56.13 54.63 53.58 52.93 52.25 51.86 52.00 52.38 52.96 53.31 53.62 53.91 53.98 54.17 54.30 52.90 52.94
51.16 51.86 51.77 51.69 51.62 51.55 51.23 51.15 51.04 50.14 50.50 49.93 49.63 50.15 49.94 49.77 49.68 49.69 49.80 50.04 50.41 51.38 51.99 52.32 53.24 54.00 54.78 55.54 56.40 56.98 57.48 58.44 58.87 59.41 60.16 60.39 60.52 60.54 59.95 59.75 59.45 59.06 59.72 58.98 58.16 57.34 56.48 56.16 56.51 57.62 58.14 58.55 58.88 58.97 59.09 59.10 58.48 57.41 57.09 56.56 56.06 54.59 53.60 53.04 52.70 52.36 52.38 52.37 53.19 53.55 53.76 54.11 54.42 54.67 54.86 53.93 53.66
51.55 51.45 51.37 51.32 51.27 51.22 50.92 49.97 49.90 49.77 49.56 49.60 49.30 49.00 48.72 49.37 49.24 49.21 49.31 49.55 50.61 51.13 51.25 51.97 52.92 53.70 54.48 55.23 56.31 56.66 57.20 57.81 58.44 59.24 59.99 60.22 60.36 60.40 59.84 59.68 59.41 59.05 59.04 59.14 58.48 57.87 57.44 56.89 57.06 57.71 58.07 58.70 58.97 59.00 59.10 58.73 57.38 57.18 57.22 56.03 55.56 55.05 53.73 53.45 53.05 52.55 52.55 52.74 53.05 53.72 54.12 54.53 54.91 55.24 55.49 54.70 54.76
51.10 51.00 50.95 50.93 50.92 50.61 49.68 49.65 49.58 50.08 49.87 49.61 49.31 48.64 48.32 48.04 49.04 48.97 48.71 49.61 50.03 50.34 51.04 51.57 52.57 53.33 54.13 54.90 56.07 56.44 57.03 57.54 58.31 58.69 59.27 59.48 60.08 60.15 60.11 60.69 61.06 60.06 59.21 59.89 59.37 58.73 58.14 57.64 57.72 57.92 58.44 58.69 59.43 59.20 59.25 58.84 57.54 57.23 56.91 56.39 55.70 55.20 54.62 53.41 53.10 52.93 52.93 53.09 53.30 54.06 54.50 54.98 55.45 55.86 56.19 55.54 55.63
50.61 50.53 50.51 49.62 49.68 49.37 50.10 50.06 49.97 49.81 49.59 49.32 48.99 48.63 47.90 48.71 48.43 48.28 48.91 49.16 49.64 49.73 50.50 51.25 52.16 53.02 53.86 54.68 55.72 56.28 56.89 57.12 57.60 58.25 58.61 59.18 60.44 60.52 60.50 61.33 61.19 60.91 60.70 60.27 59.86 59.52 59.07 58.36 58.29 58.42 58.60 58.48 59.38 59.47 59.49 59.63 57.83 56.90 56.56 56.55 56.06 55.19 54.53 54.10 53.77 53.22 53.15 53.31 53.60 54.02 54.70 55.43 56.01 56.53 56.95 56.47 56.57
50.51 50.43 50.08 50.17 50.26 50.33 49.49 49.84 49.75 49.60 49.37 49.07 48.71 48.29 47.83 48.02 47.62 47.28 47.58 48.25 48.60 49.26 50.18 50.81 52.24 53.17 53.04 54.70 55.10 56.52 56.50 57.08 58.33 59.00 59.40 59.71 59.94 60.66 61.28 61.18 61.00 60.77 60.25 60.52 60.20 59.94 59.37 58.84 58.85 59.06 59.19 59.37 60.37 60.42 60.41 59.87 59.05 57.90 57.50 57.02 55.98 55.55 54.73 54.30 53.98 53.14 53.35 53.51 53.82 54.44 55.01 55.84 56.56 56.66 57.21 57.55 57.66
49.91 49.51 49.63 49.81 49.98 50.11 49.30 49.30 49.13 48.98 48.75 48.43 48.03 47.56 47.02 47.03 46.47 46.79 46.59 46.91 47.26 48.60 49.70 49.91 50.99 52.66 53.70 54.58 55.73 56.46 57.12 57.77 58.32 59.06 59.50 59.88 60.16 60.90 60.91 61.40 61.25 61.06 61.51 60.91 60.66 60.46 59.91 59.83 59.39 59.58 60.00 59.81 60.76 60.79 60.76 59.59 59.46 58.31 57.85 57.30 56.22 55.76 54.83 54.40 54.09 53.26 53.27 53.68 54.09 54.56 55.21 55.51 56.55 57.47 58.18 58.57 58.65
48.43 48.49 48.74 49.03 49.29 49.48 49.59 49.62 49.06 48.91 48.67 48.34 47.90 47.77 47.32 46.62 45.89 46.02 45.57 45.49 46.37 47.69 48.99 49.65 50.82 52.55 53.54 54.55 55.71 56.46 56.88 57.80 58.61 59.14 59.64 60.65 60.99 61.20 61.23 61.13 61.53 61.36 61.82 61.63 61.09 60.93 60.41 60.34 59.89 60.41 60.47 60.26 60.33 61.19 60.13 60.09 59.53 58.76 58.19 57.57 56.59 55.94 55.35 54.46 54.08 53.28 53.49 53.66 53.44 53.96 54.79 55.78 56.94 58.23 59.20 59.63 59.56
47.79 48.03 48.47 48.87 49.20 49.44 49.59 49.64 49.59 49.61 48.69 48.75 48.30 47.74 47.13 46.34 45.45 44.33 44.16 44.27 45.72 47.28 48.77 50.15 51.42 52.56 53.58 54.49 55.78 56.24 56.94 57.77 58.37 59.24 60.35 60.81 61.24 61.56 61.59 61.45 61.27 61.65 62.12 61.97 61.84 61.37 61.30 60.80 60.88 60.89 60.92 60.08 60.19 61.10 60.58 60.61 60.10 59.19 58.50 57.79 56.77 56.30 55.67 55.08 54.22 53.32 52.90 53.10 53.41 53.86 54.68 55.83 57.20 58.71 60.21 60.60 59.96
47.50 47.91 48.44 48.90 49.26 49.52 49.68 49.91 49.88 49.75 49.50 49.68 49.30 48.71 47.99 46.44 45.34 44.28 43.14 43.88 45.62 47.31 48.87 50.28 51.56 53.48 54.52 55.46 56.36 56.55 57.23 57.86 58.46 59.91 60.43 60.93 61.42 61.85 61.87 61.72 61.55 61.39 62.27 62.15 62.07 62.53 61.75 61.09 61.57 60.67 60.46 60.52 60.60 61.47 60.90 60.96 60.19 59.46 58.69 57.68 56.96 56.40 55.73 55.10 54.08 53.90 52.97 53.14 53.41 53.78 54.45 55.65 57.05 58.65 60.38 60.55 59.88
48.16 48.33 48.72 49.12 49.46 49.72 50.06 50.14 50.12 50.09 50.39 50.05 49.59 49.02 48.35 47.56 45.84 45.00 44.42 44.58 46.44 47.87 49.31 50.66 52.64 53.77 54.78 54.31 56.53 57.51 58.10 58.66 59.11 59.65 60.47 60.99 61.46 61.82 61.94 61.89 61.78 61.66 62.74 62.45 62.41 62.40 62.16 61.56 61.57 61.14 60.91 60.93 60.95 60.97 61.07 60.98 60.01 59.44 58.72 57.73 57.02 56.46 55.78 54.69 54.45 54.05 53.56 53.06 53.29 53.66 54.30 55.27 56.45 57.75 58.86 59.15 58.91
48.98 48.94 49.20 49.47 49.76 50.01 50.18 50.55 51.08 50.97 50.76 50.44 50.01 49.50 48.90 48.23 47.55 46.17 45.88 46.11 46.88 48.78 49.53 50.73 51.87 53.51 54.45 55.28 56.08 57.69 58.22 58.63 59.15 59.67 60.49 61.01 61.47 61.82 62.00 62.04 61.98 63.00 62.95 62.71 62.72 61.66 61.69 61.36 61.38 61.60 60.88 61.31 60.16 61.16 60.82 60.08 59.74 58.73 58.08 57.27 56.34 55.70 55.29 54.73 54.54 54.14 53.55 53.52 53.10 53.42 53.92 54.62 55.46 56.35 57.05 57.30 57.30
49.64 49.69 49.86 49.95 50.19 50.70 50.87 51.50 51.50 51.41 51.22 50.93 50.55 50.09 49.59 49.06 48.68 47.35 47.25 47.51 48.12 48.64 50.30 51.49 53.14 54.11 55.00 55.85 56.48 57.92 57.55 57.99 59.15 59.66 59.65 61.03 61.53 61.91 62.13 62.20 62.17 63.15 63.12 62.11 62.02 62.07 62.14 61.87 61.88 61.40 61.35 61.27 60.46 60.32 60.92 60.63 59.65 58.62 58.03 57.25 56.34 55.72 55.32 54.77 54.56 54.14 53.47 53.37 52.88 53.08 53.39 53.83 54.34 54.52 54.97 55.33 55.41
50.24 50.29 50.53 50.72 50.93 51.18 51.89 51.98 52.00 51.93 51.76 51.50 51.17 50.77 50.35 50.07 49.71 49.49 48.49 48.77 49.31 49.69 50.60 52.21 53.90 54.82 55.66 56.36 56.97 57.47 57.79 58.11 58.50 59.06 59.70 60.37 60.99 62.11 62.36 62.07 62.01 61.92 63.23 62.36 62.45 62.47 62.59 62.39 62.40 61.92 61.82 61.67 60.76 60.52 61.04 60.67 59.61 58.54 57.97 57.21 56.30 55.92 55.31 55.06 54.52 54.07 53.32 53.13 52.51 52.56 52.67 52.83 53.03 52.92 53.13 53.40 53.50
50.91 50.96 51.08 50.82 51.03 51.24 51.78 52.52 52.56 52.52 52.38 52.14 51.84 51.50 50.56 50.95 50.70 50.58 49.59 49.88 49.98 50.67 52.10 53.02 54.67 55.57 56.38 57.04 57.59 57.85 58.02 58.15 58.41 58.92 59.69 60.52 61.29 61.81 62.41 62.43 62.28 62.95 62.88 62.51 62.69 62.79 63.00 62.76 62.75 62.24 62.05 61.81 61.05 61.34 60.69 59.97 59.38 58.84 57.95 57.00 56.59 55.92 55.69 54.85 54.41 53.92 53.11 52.84 52.08 51.98 51.88 51.78 51.68 51.44 51.44 51.46 51.55
50.91 51.00 51.14 51.32 51.54 51.77 52.33 52.50 52.60 52.61 53.05 52.83 51.97 51.65 51.34 51.08 51.55 51.49 51.58 50.76 51.24 52.16 52.93 54.54 55.44 56.35 57.45 58.09 58.44 58.34 58.20 58.10 58.17 58.67 59.55 60.71 61.74 62.44 63.01 62.89 63.31 62.97 62.84 63.00 63.13 63.19 63.17 63.33 63.33 62.78 62.50 62.17 61.81 61.57 60.84 60.35 59.28 58.53 57.94 56.96 56.54 56.29 55.59 54.73 54.14 53.61 52.75 52.42 51.63 51.40 51.10 50.74 50.14 49.80 49.56 49.48 49.59
51.35 51.46 51.61 51.81 52.03 52.28 52.54 53.10 53.27 53.34 53.24 52.98 52.67 52.35 52.70 52.48 52.35 52.32 52.43 52.70 52.03 52.95 53.67 55.18 56.09 57.37 58.27 58.99 59.29 58.93 58.39 57.88 57.70 58.35 59.35 60.72 62.18 63.36 63.60 63.91 63.46 62.81 62.38 62.62 63.20 63.37 63.82 64.04 63.96 62.88 62.96 62.54 62.10 61.95 61.01 60.48 59.37 58.58 58.31 57.16 56.48 55.79 55.48 54.57 53.93 53.35 52.45 52.06 51.68 50.86 50.39 49.89 49.16 48.18 47.66 47.49 47.69
51.76 51.88 52.04 52.25 52.49 52.76 53.06 53.36 53.94 54.11 53.99 53.68 53.91 53.61 53.34 53.15 53.04 53.03 53.15 53.40 53.79 53.57 54.95 55.75 57.01 57.99 59.03 59.98 60.36 59.73 58.58 57.54 56.85 57.46 59.19 61.29 63.34 64.61 65.32 64.64 63.55 62.54 61.93 62.43 63.33 64.31 64.94 64.86 63.91 63.40 62.87 62.35 62.38 62.17 61.63 60.51 59.48 59.69 58.33 57.61 56.43 55.71 55.35 54.39 53.69 53.05 52.13 51.70 51.41 50.91 49.93 49.04 47.99 46.88 45.74 45.53 46.11
51.22 52.25 52.43 52.65 52.90 53.19 53.51 53.86 54.96 55.24 55.16 54.79 54.45 54.15 53.90 53.72 53.62 53.62 53.73 53.97 54.33 55.55 55.37 56.14 57.37 58.36 59.47 60.68 61.40 60.21 58.70 57.34 56.05 56.59 59.01 61.49 64.03 66.32 66.69 65.43 63.72 62.36 61.43 62.37 63.53 64.68 65.62 65.95 64.41 63.78 63.18 62.61 62.06 62.38 61.82 61.35 60.49 60.05 58.39 57.63 56.40 55.87 55.06 54.19 53.43 52.71 51.79 51.32 50.97 50.47 49.46 48.34 47.10 45.72 44.25 44.07 44.85
52.08 52.24 52.45 52.69 52.97 53.27 53.60 53.96 54.65 54.88 54.79 55.25 54.95 54.59 54.36 54.19 54.10 54.09 54.18 54.39 55.30 56.20 56.70 57.32 57.10 58.05 59.38 60.34 60.74 59.72 58.58 57.48 56.71 57.24 59.17 62.11 64.28 65.74 66.14 65.24 64.10 63.02 62.54 63.14 64.13 65.16 65.57 65.87 64.88 64.60 64.09 63.57 62.57 62.37 61.79 60.67 59.76 59.63 58.70 57.88 56.59 55.75 55.04 54.18 53.34 52.57 51.57 51.03 50.52 49.93 49.00 47.94 46.73 45.44 44.10 43.68 44.34
52.36 52.54 52.75 52.99 53.27 53.56 53.87 54.56 54.80 54.93 54.88 54.68 55.28 55.04 54.83 54.66 54.55 54.57 54.63 54.93 55.53 56.37 56.80 57.34 57.00 57.80 58.71 59.37 59.60 59.16 58.55 57.97 57.80 58.40 60.47 62.18 63.84 64.85 65.52 65.15 64.48 63.83 63.59 63.88 64.51 65.22 65.58 65.84 64.98 64.56 64.12 63.65 63.44 62.92 61.78 60.84 59.91 58.56 58.81 57.93 56.57 55.67 54.90 53.98 53.11 52.30 51.21 50.61 50.01 49.20 48.45 47.55 46.54 45.26 44.53 44.05 44.22
