data/Validacao/HLIFS.grd
DSAA
94	94
0.0000	100.0000
0.0000	100.0000
26999.2338	45809.2798
[rows 0 to 27 of 94, columns 0 to 62 of 94]
37478.67 37685.42 37941.40 38195.26 38445.25 38690.84 38931.63 38766.40 38966.39 39157.92 39339.95 39511.05 39669.16 39811.38 40013.62 40112.64 40179.56 40182.32 40169.67 40144.01 40114.81 40366.23 40296.49 40177.63 40013.42 39608.75 39342.06 39290.65 38954.04 38540.54 38172.73 37796.90 37473.96 37089.97 36681.87 36292.32 35901.73 35549.22 35698.45 35947.07 36188.99 36415.69 36687.06 36791.30 36967.23 37112.58 37227.35 37309.92 37128.73 37138.61 37051.61 37059.40 37055.72 37044.72 36893.45 36910.13 36904.72 36856.60 36736.83 36749.37 36712.84 36685.77 36667.96
37744.43 37906.66 38137.00 38382.43 38630.25 38876.72 39120.31 39360.22 39595.93 39441.54 39636.53 39822.89 39998.89 40161.77 40384.92 40509.61 40603.21 40633.49 40651.38 40642.97 40607.44 40816.56 40736.25 40602.31 40418.91 40192.28 39726.11 39610.37 39255.47 38886.37 38443.16 38059.01 37730.27 37348.20 36950.79 36583.34 36243.91 36015.54 36087.61 36273.42 36495.97 36717.56 36977.59 37093.08 37268.56 37410.08 37503.15 37572.77 37413.14 37315.94 37318.17 37304.07 37279.81 37249.92 37094.02 37084.69 37060.23 37013.00 36944.88 36896.82 36857.84 36830.82 36815.75
38059.48 38195.69 38390.56 38614.35 38850.32 39090.84 39332.29 39572.78 39811.34 40047.47 39940.38 40141.18 40335.37 40520.72 40767.69 40923.87 41051.86 41143.83 41170.81 41181.25 41144.20 41082.80 41215.62 41061.75 40854.44 40601.23 40623.41 39951.74 39577.36 39193.27 38738.52 38351.43 37970.91 37639.09 37289.45 36969.64 36706.86 36568.07 36599.02 36713.97 36892.86 37092.09 37329.89 37448.42 37619.06 37820.60 37822.09 37873.70 37902.17 37624.37 37597.86 37556.01 37506.45 37403.46 37364.33 37252.42 37211.67 37160.93 37122.87 37039.37 36999.58 36974.54 36964.71
38372.11 38498.99 38671.69 38875.08 39096.36 39327.38 39563.36 39801.52 40040.35 40279.25 40518.34 40758.26 40672.71 40881.53 41154.47 41347.52 41516.40 41649.60 41712.38 41744.66 41742.92 41645.98 41474.49 41551.64 41315.49 41312.49 40968.56 40459.75 39911.93 39613.42 39212.85 38663.70 38293.53 37982.78 37667.49 37396.07 37190.61 37079.29 37117.61 37197.45 37342.03 37518.24 37657.00 37850.29 38076.97 38198.63 38184.75 38213.60 38082.70 38055.97 37887.99 37812.09 37733.35 37614.92 37554.81 37423.93 37369.25 37328.28 37265.06 37210.21 37137.96 37116.19 37114.11
38680.26 38803.40 38963.00 39150.99 39358.76 39579.50 39808.40 40042.29 40279.26 40518.53 40760.56 41007.11 41260.71 41235.62 41535.53 41770.73 41987.63 42168.86 42272.94 42331.41 42339.04 42237.24 42049.60 42066.13 42049.72 41704.08 41322.95 40922.37 40248.92 39917.14 39510.29 39123.32 38626.29 38338.96 38057.18 37826.66 37662.43 37579.30 37619.47 37686.00 37811.98 37973.44 38098.51 38344.99 38504.01 38619.68 38679.23 38394.87 38448.75 38374.87 38276.07 38067.33 37906.52 37823.04 37745.48 37667.96 37534.42 37481.01 37408.12 37346.04 37303.24 37254.87 37534.86
38983.12 39104.74 39256.25 39433.09 39629.67 39840.80 40062.29 40290.92 40524.43 40761.68 41003.28 41252.18 41513.59 41793.48 42095.05 42181.77 42456.06 42695.78 42871.96 42962.54 42957.42 42849.96 42644.47 42543.10 42491.86 42101.40 41675.16 41234.98 40864.40 40207.73 39795.89 39414.45 39067.34 38690.28 38438.66 38241.79 38109.27 38087.76 38094.94 38160.71 38281.01 38437.96 38616.50 38799.15 38964.29 39081.17 39129.05 38922.51 38843.37 38708.29 38548.77 38331.76 38127.74 38024.80 37936.60 37851.07 37710.30 37642.02 37554.60 37479.98 37431.28 37624.98 37613.31
39280.14 39401.11 39547.21 39715.79 39903.27 40105.94 40320.38 40543.58 40772.82 41006.09 41243.36 41488.55 41750.13 42040.15 42369.43 42737.06 42910.31 43223.85 43461.81 43588.25 43590.58 43472.90 43428.05 43071.88 42619.71 42492.31 42010.92 41523.68 41062.91 40470.95 40056.53 39682.89 39351.93 39071.03 38798.65 38630.08 38523.73 38509.87 38537.37 38609.75 38733.44 39051.37 39074.17 39263.96 39447.49 39579.17 39459.40 39410.33 39266.42 39050.40 38812.36 38544.32 38398.28 38216.52 38129.52 38045.24 37920.83 37816.81 37707.92 37612.43 37762.93 37719.00 37698.65
38938.56 39691.40 39833.43 39995.48 40175.34 40370.53 40578.54 40796.75 41022.07 41250.64 41480.04 41714.26 41964.83 42251.35 42600.49 43022.29 43486.41 43743.12 44062.24 44236.76 44222.02 44246.98 43974.50 43596.40 43097.42 42860.86 42312.37 41770.17 41278.48 40848.64 40280.86 39918.36 39605.00 39345.62 39214.08 38984.30 38900.69 38892.60 38925.11 39024.15 39302.03 39455.91 39515.34 39720.37 39936.53 39910.75 40023.79 39946.46 39716.08 39392.55 38987.64 38720.65 38548.22 38457.68 38328.62 38258.71 38165.04 38013.77 37873.78 37928.30 37807.78 37774.57 37825.46
39180.75 39974.93 40113.38 40269.70 40442.69 40630.90 40832.79 41046.60 41269.63 41495.68 41715.20 41932.37 42160.65 42420.95 42769.38 43253.79 43809.07 44416.13 44667.11 44874.74 44928.51 44748.42 44472.73 44098.97 43546.61 42863.11 42557.85 41955.44 41432.47 41000.58 40643.64 40099.19 39800.15 39580.79 39467.47 39348.69 39230.10 39232.49 39276.23 39530.65 39655.81 39696.74 39920.42 40180.80 40400.24 40454.52 40632.93 40533.49 40178.65 39643.47 39202.06 38841.07 38664.09 38612.98 38607.71 38583.05 38413.42 38483.12 38255.02 38004.95 37847.85 37829.00 37938.94
39414.50 39624.90 40386.11 40536.80 40702.94 40883.96 41079.23 41288.06 41509.42 41739.92 41948.67 42149.73 42358.22 42577.34 42875.88 43445.41 44073.48 44742.87 45361.15 45552.94 45339.75 45106.44 44841.03 44542.10 43907.17 43126.83 42349.74 42073.77 41515.73 41106.27 40767.05 40253.98 39970.99 39810.47 39650.30 39575.78 39496.90 39486.13 39580.61 39825.02 39962.53 40113.94 40262.00 40533.87 40817.94 40916.60 41229.65 41119.57 40593.49 39959.18 39411.17 38909.31 38788.85 38798.98 38819.75 38823.94 38898.80 38656.53 38406.57 38134.03 37908.37 37914.31 38113.97
39639.52 39852.98 40073.78 40795.77 40954.48 41127.41 41314.66 41516.10 41730.84 41953.45 42164.13 42369.89 42584.73 42818.99 43143.33 43673.20 44272.84 45027.64 45537.34 45809.28 45697.69 45244.64 44962.63 44607.26 43995.34 43232.62 42456.98 42156.37 41537.34 41194.04 40854.83 40365.71 40096.02 39954.69 39813.37 39751.59 39683.90 39856.05 39905.17 40022.76 40179.27 40385.02 40529.01 40801.42 41080.37 41178.91 41430.55 41377.80 40763.68 40246.73 39716.39 39259.10 39087.70 39058.88 39285.53 39210.33 39100.93 38940.99 38610.75 38374.85 38200.76 38218.79 38406.64
39855.71 40071.72 40292.15 41046.18 41196.47 41360.00 41537.48 41729.26 41934.31 42148.45 42366.01 42589.61 42829.65 43105.36 43456.36 43906.52 44557.32 45006.57 45371.92 45555.24 45543.21 45379.64 45132.45 44457.96 43885.57 43196.18 42464.06 41736.48 41594.30 41246.18 40879.20 40429.60 40171.75 40048.60 39925.32 39814.48 39818.69 39974.25 40057.68 40176.31 40390.67 40596.64 40728.28 40986.37 41039.99 41294.28 41494.48 41378.96 40912.25 40504.84 40075.75 39712.77 39488.61 39602.01 39473.28 39357.26 39231.88 39106.85 38964.27 38852.86 38618.93 38652.59 38795.06
40063.14 40281.16 40500.28 40721.79 41428.84 41581.41 41747.46 41928.31 42124.46 42335.12 42559.41 42799.34 43061.23 43356.40 43901.83 44237.99 44601.19 44941.91 45220.75 45325.02 45312.79 45158.73 44897.60 44533.22 43717.41 43075.99 42387.85 41694.65 41565.75 41214.41 40867.23 40598.54 40194.82 40090.62 39941.34 39886.21 39970.33 40042.67 40141.89 40297.60 40442.24 40754.46 40870.41 41110.28 41148.25 41349.04 41432.91 41241.31 41040.26 40737.65 40401.75 40095.41 40092.45 39860.60 39683.58 39556.55 39403.83 39304.55 39212.10 39163.75 39183.86 39086.10 39217.31
40231.06 40450.33 40667.07 40883.40 41570.81 41715.05 41944.67 42113.02 42299.91 42507.53 42737.08 42989.12 43264.21 43782.45 44046.46 44332.95 44619.12 44871.50 45059.86 45111.75 45068.93 44908.36 44638.96 44268.64 43809.12 42907.22 42248.32 41581.56 41457.61 41126.41 40791.34 40535.98 40163.76 40080.94 39944.96 39908.39 39980.72 40063.35 40181.42 40337.67 40512.65 40867.13 40969.38 40985.26 41231.02 41405.61 41477.97 41321.54 41181.31 40954.48 41022.99 40669.40 40360.06 40103.73 39894.53 39747.91 39593.82 39474.01 39467.57 39471.00 39536.85 39669.84 39642.67
40419.80 40639.77 40852.19 41060.42 41268.75 41973.42 42112.34 42267.98 42457.23 42659.55 42892.29 43153.69 43675.32 43911.06 44157.82 44401.60 44624.84 44806.38 44916.26 44918.84 44822.89 44659.45 44381.57 44005.60 43543.89 43020.09 42060.09 41407.30 41367.47 40967.66 40651.74 40416.90 40256.56 40001.41 39916.53 39931.18 39955.25 40039.16 40127.47 40312.83 40505.21 40747.14 41113.10 41069.16 41306.21 41475.64 41554.56 41436.05 41338.20 41528.24 41212.89 40892.65 40589.92 40318.94 40087.50 39929.61 39777.57 39680.00 39711.79 39760.90 39868.25 40030.04 40238.13
40601.35 40821.40 41027.48 41225.41 41421.21 41620.02 42282.66 42417.78 42577.96 42774.06 43012.64 43547.59 43777.90 44019.44 44251.74 44458.16 44627.19 44754.26 44786.42 44744.11 44618.13 44423.40 44137.52 43753.85 43280.21 42740.02 42170.62 41181.63 40892.26 40742.47 40453.18 40246.99 40119.91 39880.82 39821.45 39822.27 39864.95 39929.91 40096.75 40296.72 40523.29 40770.95 40856.67 41136.64 41378.42 41558.12 41654.54 41582.30 41899.92 41661.55 41384.09 41086.84 40786.63 40501.08 40301.73 40081.90 39933.59 39860.21 39930.76 40025.41 40174.74 40368.60 40597.64
40775.95 40994.76 41191.28 41376.64 41558.96 41743.05 41932.96 42554.65 42687.63 42865.17 43103.35 43609.82 43864.83 44119.50 44342.28 44512.77 44629.51 44682.88 44663.87 44581.01 44427.27 44200.08 43911.27 43521.63 43027.00 42451.81 41843.45 41255.43 40586.89 40456.31 40205.13 40031.07 39923.62 39841.43 39689.49 39692.95 39748.57 39846.03 40020.82 40236.34 40470.96 40732.57 40859.91 41059.80 41443.74 41646.28 41649.84 41732.97 41995.36 41786.25 41537.48 41257.73 40954.10 40647.42 40426.29 40188.36 40043.27 39999.52 40041.09 40259.57 40453.83 40681.54 40933.97
40943.43 41156.88 41338.31 41510.10 41680.72 41852.48 42026.47 42687.66 42780.25 42922.79 43395.86 43653.84 43943.04 44221.65 44441.85 44597.99 44631.10 44616.53 44538.78 44419.08 44238.83 44024.53 43720.59 43319.40 42792.25 42161.21 41493.24 40849.97 40271.33 40129.85 39936.27 39782.83 39673.05 39640.71 39540.39 39540.85 39603.87 39725.81 39910.12 40145.39 40388.89 40665.29 40833.99 41056.51 41364.27 41727.44 41737.81 42053.73 42078.88 41885.94 41665.46 41407.85 41099.15 40768.39 40462.54 40236.97 40090.75 40089.10 40269.58 40471.62 40716.51 40963.71 41234.96
41100.63 41293.70 41455.48 41618.59 41784.51 41951.20 42226.35 42375.77 42519.86 42951.44 43388.93 43697.43 44066.03 44354.56 44568.74 44599.28 44560.11 44492.52 44397.80 44244.84 44035.66 43786.54 43498.63 43139.04 42554.72 41840.38 41108.65 40647.30 39851.05 40097.06 39987.88 39538.65 39448.21 39439.80 39387.06 39379.87 39352.84 39575.59 39681.63 40035.62 40284.10 40457.84 40775.19 41012.69 41600.78 41770.46 41862.41 42123.96 42113.70 41916.86 41734.53 41532.21 41201.73 40833.11 40495.99 40210.86 40068.25 40177.08 40372.55 40626.32 40923.93 41209.02 41485.37
41152.37 41344.14 41509.45 41678.82 41851.41 42023.89 42308.99 42458.38 42595.38 42916.35 43497.78 43812.89 44092.55 44355.63 44545.31 44523.58 44438.64 44330.05 44196.21 44015.04 43774.82 43503.95 43203.50 42849.17 42244.48 41514.93 40776.68 40238.47 39663.38 39586.96 39635.22 39450.82 39437.57 39469.29 39132.79 39423.39 39184.06 39625.45 39526.27 40112.42 40294.44 40272.01 40831.54 41017.58 41431.89 41708.74 41870.33 42028.20 42027.15 41855.75 41694.66 41523.11 41199.70 40840.62 40515.21 40237.18 40100.33 40241.55 40459.87 40733.47 41052.36 41349.81 41632.36
41071.42 41307.18 41510.74 41706.48 41900.68 42092.70 42280.19 42823.65 42932.55 43072.83 43680.83 43872.57 44077.35 44255.97 44376.25 44357.77 44262.85 44126.14 43953.49 43734.23 43470.16 43171.90 42821.66 42390.06 41810.74 41145.88 40461.36 39815.41 39497.65 39225.85 39079.12 39098.96 39083.37 39116.02 39150.80 39148.83 39251.75 39401.12 39603.36 39857.59 40062.84 40349.35 40579.42 40763.94 41068.30 41333.99 41585.75 41775.68 41821.04 41679.09 41520.42 41335.14 41076.59 40788.78 40524.31 40342.09 40241.77 40298.50 40533.17 40790.15 41084.79 41412.97 41729.31
40973.06 41234.83 41475.03 41704.78 41929.97 42151.53 42368.35 42900.73 43047.54 43211.26 43407.27 43973.78 44083.74 44166.93 44194.63 44151.90 44048.10 43896.31 43687.84 43438.17 43144.85 42807.72 42409.92 41941.75 41392.85 40785.96 40168.95 39594.85 39264.30 39005.17 38760.14 38779.80 38758.62 38790.73 38818.92 38890.86 39011.11 39169.99 39372.77 39609.22 39827.10 40100.73 40308.40 40480.81 40765.06 41021.36 41304.01 41437.97 41561.97 41441.22 41290.69 41110.82 40901.71 40683.76 40541.40 40379.13 40314.75 40358.70 40490.47 40808.77 41102.95 41413.57 41730.61
41384.12 41142.41 41413.49 41677.76 41938.31 42195.39 42794.99 42978.66 43154.97 43327.11 43496.97 44073.69 44096.29 44093.09 44050.02 43959.73 43823.51 43653.35 43417.80 43140.78 42819.45 42449.06 42023.73 41541.56 41005.85 40436.68 39869.09 39245.37 39011.17 38689.55 38491.28 38379.10 38454.67 38438.52 38505.92 38639.24 38770.04 38929.24 39130.93 39357.24 39584.05 39842.68 40024.61 40181.02 40422.21 40651.91 40822.23 41106.05 41284.33 41175.45 41038.09 40880.46 40711.90 40548.88 40467.76 40355.49 40319.74 40365.60 40566.74 40803.50 41079.69 41379.76 41691.55
41350.76 41594.72 41839.37 42085.22 41922.78 42592.61 42825.59 43047.53 43343.60 43505.31 43631.23 43717.66 44112.45 44028.91 43917.55 43776.29 43603.58 43412.73 43153.08 42852.59 42507.59 42111.33 41667.32 41176.43 40646.97 40098.13 39396.31 38856.14 38689.14 38399.41 38206.95 38099.36 38060.90 38155.61 38230.11 38389.14 38545.41 38719.62 38866.89 39090.20 39333.23 39553.62 39814.36 39857.17 40113.97 40326.78 40484.32 40723.13 40723.87 40902.56 40776.29 40639.73 40504.95 40385.56 40296.65 40279.51 40268.72 40322.74 40537.05 40760.94 41025.06 41317.40 41625.68
41304.12 41564.49 41832.66 42107.94 42815.24 43038.64 42950.42 43205.68 43427.84 43597.06 43699.11 43733.47 43711.34 43964.97 43786.87 43596.13 43389.17 43158.36 42900.53 42581.41 42214.70 41801.46 41343.59 40844.67 40314.22 39616.28 39044.16 38514.74 38178.40 38079.67 37904.22 37812.49 37764.46 37847.44 37985.33 38105.68 38251.03 38447.17 38655.94 38868.26 39102.28 39335.00 39435.41 39566.53 39811.63 40013.98 40163.38 40405.12 40403.24 40366.56 40511.64 40390.63 40282.93 40198.89 40146.89 40163.30 40174.78 40239.72 40467.98 40684.59 40941.46 41230.49 41184.05
41240.68 41516.16 41806.04 42567.44 42820.93 43084.01 43348.56 43600.13 43499.98 43686.71 43764.88 43739.31 43642.36 43506.64 43645.73 43411.09 43177.81 42930.35 42664.81 42332.56 41949.14 41522.50 41054.13 40547.38 39864.10 39272.13 38690.56 38154.97 37828.09 37734.14 37587.32 37522.17 37500.54 37594.87 37715.87 37838.13 37977.29 38191.64 38384.90 38625.74 38849.82 39079.39 39171.88 39406.53 39519.25 39717.56 39863.67 40107.31 40098.20 40056.29 39998.75 40135.07 40049.25 39996.16 39975.69 40020.03 40051.19 40198.81 40368.96 40580.49 40832.21 40790.64 41011.50
41157.19 41445.77 42247.08 42513.03 42798.89 43100.49 43410.75 43716.01 43986.50 43780.59 43831.67 43725.86 43540.66 43328.61 43122.78 43212.75 42967.16 42714.56 42449.45 42109.41 41711.59 41274.08 40799.60 40149.55 39563.90 38952.50 38345.04 37782.46 37452.58 37371.06 37268.96 37237.67 37245.71 37351.72 37438.44 37580.36 37751.51 37938.09 38121.78 38359.34 38599.48 38812.63 38910.38 39138.11 39237.08 39438.54 39600.51 39682.25 39812.83 39758.10 39691.51 39640.17 39628.30 39788.86 39797.26 39832.09 39911.51 40081.34 40253.19 40458.00 40388.68 40591.72 40820.21
41050.94 41876.42 42138.00 42426.92 42740.44 43074.96 43425.65 43784.66 44133.01 44393.16 44359.27 43660.00 43382.72 43096.35 42838.89 42651.20 42480.74 42510.91 42236.86 41908.32 41497.01 41050.46 40439.29 39902.19 39305.51 38670.28 38030.24 37798.81 37363.23 37365.93 37358.48 37391.16 37012.58 37510.71 37603.17 37693.11 37511.49 37688.93 37904.76 38228.22 38417.82 38630.04 38820.68 38873.22 39109.57 39309.80 39472.10 39544.90 39548.31 39477.70 39394.25 39330.65 39348.35 39413.61 39631.65 39678.13 39769.56 39964.13 40139.79 40022.03 40169.89 40368.38 40609.81
