data/Validacao/HLIFS.grd
DSAA
94	94
0.0000	100.0000
0.0000	100.0000
26999.2338	45809.2798
[rows 56 to 83 of 94, columns 0 to 62 of 94]
37422.86 37495.72 37537.11 37572.21 37597.62 37608.40 37599.18 37566.69 37501.59 37402.70 37267.89 37090.38 36851.14 36620.66 36360.74 36057.87 35765.43 35438.22 35107.84 35072.24 35268.87 35476.41 35674.54 35859.51 36028.64 36180.31 36309.70 36416.89 36773.73 36173.00 36381.80 36514.52 36622.89 36646.84 36697.62 36738.88 36773.57 36801.55 36801.10 36789.53 36776.98 36763.70 36596.22 36488.21 36373.93 36428.11 36275.50 36619.94 36461.15 36576.71 36498.08 36428.74 36342.72 36257.59 36096.96 35933.77 35817.14 35695.75 35537.99 35306.52 35078.71 34834.44 34482.66
36854.83 36924.60 36951.06 36958.77 36952.39 36930.65 36893.08 36831.32 36745.27 36553.98 36457.13 36298.50 36112.08 35899.68 35664.18 35409.89 35150.71 34883.88 34735.65 34661.83 34777.88 34950.41 35137.25 35320.12 35493.49 35648.80 35786.61 36161.47 36229.91 35652.35 35843.70 36008.45 36129.87 36248.56 36340.46 36395.59 36442.11 36477.42 36495.71 36502.02 36503.45 36502.19 36518.05 36249.05 36146.33 36034.69 36076.14 36363.55 36361.96 36313.46 36228.03 36154.90 36064.65 35918.53 35795.56 35635.34 35518.42 35359.13 35186.21 34938.57 34699.41 34451.85 34102.03
36386.01 36322.71 36336.91 36259.96 36228.05 36179.96 36115.55 36022.66 35966.59 35856.06 35725.40 35574.75 35404.74 35216.95 35014.49 34803.15 34593.74 34489.52 34327.01 34281.84 34360.84 34507.74 34710.46 34900.73 35089.66 35270.43 35438.35 35592.44 35961.86 35242.17 35438.18 35595.99 35743.24 35873.75 35987.10 36052.71 36108.75 36153.90 36186.99 36210.02 36226.49 36287.26 36255.50 36012.51 35922.99 36119.99 36023.72 36159.28 36204.65 36069.69 36106.55 35907.42 35873.05 35649.85 35617.70 35487.73 35315.84 35129.41 34875.87 34761.86 34484.84 34199.28 33855.92
35822.69 35822.70 35794.40 35619.90 35569.08 35490.41 35405.17 35358.26 35256.18 35141.14 35014.20 34875.99 34727.09 34568.83 34404.38 34240.09 34162.88 34027.00 33923.03 33900.60 33962.26 34146.75 34255.68 34432.51 34608.73 34779.50 34943.17 35280.21 35418.86 34853.66 35187.86 35372.86 35370.81 35510.32 35796.39 35716.98 35782.12 35837.66 35883.54 35920.92 35951.66 36014.06 35996.18 35984.79 35941.14 35871.09 35792.08 35910.15 35909.51 35907.96 35853.97 35782.88 35607.40 35487.40 35360.40 35205.73 35060.96 34891.64 34701.00 34523.91 34243.61 33979.11 33677.97
35267.04 35241.59 35101.34 35029.17 34939.18 34817.49 34771.35 34669.62 34558.60 34441.86 34321.99 34200.06 34076.06 33950.44 33825.64 33783.82 33647.72 33544.90 33519.70 33517.92 33576.92 33747.27 33883.16 33997.08 34166.74 34327.38 34670.05 34822.71 34914.88 34574.30 34779.34 34966.76 35137.32 35294.49 35415.47 35522.64 35617.17 35532.78 35590.06 35773.53 35815.16 35850.79 35743.44 35715.24 35654.08 35638.86 35577.39 35682.87 35686.03 35677.76 35628.08 35561.90 35371.19 35254.37 35132.91 34982.41 34837.54 34696.77 34509.46 34344.48 34066.34 33835.42 33573.21
34631.42 34579.78 34508.01 34489.60 34394.19 34282.34 34138.56 33994.04 33874.63 33757.35 33647.07 33544.87 33449.01 33357.87 33341.23 33239.98 33151.36 33092.72 33119.58 33137.40 33274.00 33365.75 33568.17 33714.33 33888.91 34044.13 34198.23 34348.67 34003.81 34223.44 34401.34 34590.00 34829.90 34982.52 35059.03 35175.11 35279.00 35436.93 35409.67 35467.87 35520.25 35684.03 35693.41 35636.97 35651.86 35260.78 35254.71 35187.77 35131.20 35032.86 35015.23 34902.81 35162.22 35062.63 34899.55 34791.43 34679.93 34519.39 34356.89 34125.65 33898.32 33647.02 33539.67
34132.49 34077.21 34001.85 33906.85 33793.56 33664.21 33489.72 33361.33 33232.16 33113.74 32988.00 32909.52 32947.11 32853.83 32771.91 32704.22 32738.85 32714.94 32724.35 32818.70 32894.07 33043.60 33162.85 33324.43 33467.85 33615.87 33251.40 33487.47 33712.71 33875.76 34080.28 34305.80 34479.46 34636.20 34783.77 34854.64 34966.12 35125.46 35116.75 35184.48 35372.00 35393.59 35416.54 35440.02 35322.09 35127.02 35145.60 35132.58 35018.41 34925.01 34911.76 34808.61 34687.77 34876.54 34743.65 34629.35 34518.17 34400.34 34236.55 34032.35 33839.33 33743.12 33545.43
33628.08 33551.71 33457.49 33345.34 33215.91 33070.59 32912.03 32719.65 32575.00 32449.94 32364.53 32393.50 32326.45 32272.08 32286.68 32253.72 32238.49 32246.41 32282.16 32348.40 32497.66 32681.79 32782.78 32942.13 33082.94 32711.00 32946.90 33172.67 33392.15 33560.24 33767.67 33990.36 34157.24 34338.06 34475.13 34651.72 34780.29 34838.33 34921.65 35070.79 35090.66 34961.18 35000.10 35069.40 35132.91 35185.31 35028.96 35026.85 34919.93 34850.90 34747.35 34725.22 34612.37 34498.25 34613.39 34505.16 34399.74 34292.87 34035.38 33953.18 33806.68 33660.72 33576.80
33141.53 33046.59 32935.96 32809.25 32666.53 32508.34 32335.94 32152.20 31944.33 31799.31 31814.02 31768.74 31779.50 31758.78 31745.79 31744.13 31758.43 31793.28 31852.28 31937.34 32092.97 32320.04 32453.41 32586.46 32207.48 32446.49 32673.75 32888.18 33101.05 33323.08 33533.93 33715.91 33877.67 34058.82 34217.57 34359.81 34481.47 34623.72 34768.73 34613.34 34701.11 34779.20 34827.40 34906.64 34979.97 35041.21 35125.00 34935.40 34820.21 34762.08 34739.06 34648.29 34546.36 34462.80 34350.41 34228.54 34302.32 34122.46 33981.29 33860.14 33789.24 33667.54 33617.21
32674.63 32563.81 32439.65 32301.66 32149.61 31983.56 31803.88 31611.40 31410.12 31209.21 31220.08 31220.39 31222.61 31227.63 31239.21 31261.71 31299.56 31356.72 31436.15 31539.27 31715.54 31864.35 32118.71 32259.58 31974.90 32213.71 32439.55 32647.16 32850.51 33091.73 33314.12 33497.81 33649.34 33827.65 34001.55 34147.12 33963.83 34368.89 34248.42 34340.77 34544.30 34620.41 34674.92 34767.80 34850.34 34917.24 35000.18 35063.91 34740.48 34687.76 34663.94 34578.01 34473.25 34436.86 34332.62 34065.26 34181.94 33731.48 33940.60 33830.67 33777.58 33667.91 33570.07
32228.60 32104.58 31969.93 31824.25 31667.37 31499.49 31315.41 31130.84 30944.59 30860.79 30730.81 30718.61 30726.44 30741.32 30767.53 30806.60 30862.03 30937.08 31034.20 31154.52 30669.21 30886.62 31154.41 31426.97 31800.42 32046.02 32250.06 32473.64 32696.34 32563.58 32809.96 33033.57 33234.60 33425.85 33609.19 33833.07 33957.55 34092.20 34173.34 34262.72 34331.59 34406.34 34481.46 34562.20 34637.37 34701.00 34912.93 34980.27 34866.45 34466.53 34394.00 34359.92 34318.16 34235.85 34149.54 34009.41 33862.63 33728.74 33634.56 33544.79 33501.31 33432.64 33385.26
31804.05 31669.34 31527.12 31377.18 31202.55 31039.03 30875.70 30834.78 30624.64 30452.51 30343.09 30281.30 30279.20 30296.72 30330.26 30380.44 30449.48 30425.13 30522.31 30419.77 30428.96 30653.00 30930.03 31214.03 31608.56 31869.09 31792.21 32068.26 32336.97 32562.16 32812.95 33041.14 33246.07 33431.59 33658.79 33790.18 33905.42 34031.41 34105.31 34186.47 34270.08 34340.20 34423.51 34508.12 34588.51 34659.18 34776.96 34841.24 34709.38 34454.13 34380.66 34340.98 34336.68 34259.04 34050.62 34043.75 33861.41 33727.06 33646.86 33556.75 33515.69 33446.93 33398.80
31401.09 31236.48 31089.52 30938.55 30783.81 30626.44 30620.41 30414.98 30230.12 30079.04 30017.95 29943.48 29869.61 29882.94 29917.06 29971.44 29982.95 30068.90 30181.26 29927.14 29880.98 30152.68 30448.59 30759.03 31076.75 31453.16 31753.61 32048.35 32332.89 32570.85 32830.08 33063.83 33269.64 33509.40 33643.74 33758.42 33858.84 33970.61 34043.59 34111.32 34193.93 34283.75 34378.76 34455.19 34543.24 34621.78 34686.48 34658.77 34661.95 34645.93 34365.13 34317.49 34331.85 34132.72 34041.22 33942.32 33842.96 33712.00 33611.68 33542.33 33460.67 33429.84 33370.62
30996.54 30846.59 30696.51 30546.06 30395.33 30245.47 30215.75 30111.36 29940.03 29796.08 29685.31 29608.46 29562.06 29495.29 29527.36 29558.32 29625.81 29720.27 29844.68 29710.30 29721.57 30007.17 30313.80 30643.08 30981.39 31323.11 31711.93 32027.05 32329.82 32584.94 32856.00 33096.87 33368.24 33517.14 33634.76 33728.29 33851.39 33900.82 33961.18 34026.59 34108.62 34203.51 34307.13 34414.19 34496.81 34585.48 34657.63 34617.52 34616.38 34592.29 34548.82 34401.16 34194.03 34103.04 34005.87 33904.43 33790.86 33677.58 33569.69 33470.99 33435.56 33374.95 33308.62
30634.88 30479.58 30328.39 30180.34 30182.66 30126.09 29937.75 29762.82 29606.33 29473.52 29368.16 29291.46 29242.31 29218.82 29219.83 29260.43 29328.04 29175.81 29329.29 29306.99 29575.94 29842.45 30164.38 30514.03 30874.42 31239.64 31689.77 31957.25 32286.30 32599.70 32980.23 33207.00 33392.20 33530.91 33626.59 33691.65 33785.57 33811.85 33857.53 33922.54 34005.52 34107.46 34222.29 34343.09 34461.98 34547.45 34629.53 34578.23 34570.98 34535.94 34479.68 34444.68 34153.05 34055.38 33952.34 33844.74 33739.32 33624.52 33506.23 33396.32 33299.27 33291.64 33216.55
30293.90 30288.19 30137.53 29992.86 29960.39 29774.89 29599.48 29437.21 29291.98 29167.63 29066.99 28991.40 28940.75 28914.33 28911.75 28922.18 28987.52 28903.91 29053.89 29083.07 29361.04 29674.73 29999.44 30370.04 30752.74 31141.96 31627.19 31985.14 32286.82 32617.78 32987.64 33231.03 33422.36 33548.95 33614.25 33639.76 33694.35 33691.86 33721.63 33786.49 33876.73 33988.81 34117.94 34256.15 34394.67 34522.01 34595.10 34539.89 34523.15 34472.65 34289.13 34322.72 34233.07 33986.78 33878.88 33766.09 33646.99 33530.83 33422.83 33299.21 33188.28 33120.02 33096.31
30121.29 29960.88 29816.38 29808.35 29626.18 29451.84 29286.94 29134.36 28997.49 28879.50 28782.79 28708.66 28657.40 28628.70 28622.34 28580.46 28541.98 28643.63 28788.28 28861.38 29154.52 29488.91 29850.80 30209.94 30613.08 31024.84 31546.09 31928.26 32253.48 32676.80 32979.36 33248.10 33456.11 33569.81 33590.79 33634.66 33564.12 33527.10 33541.94 33607.91 33715.62 33841.31 33987.24 34145.36 34308.22 34463.19 34560.60 34410.96 34469.97 34292.75 34176.52 34188.78 34100.13 34009.77 33782.99 33668.07 33550.56 33431.10 33292.70 33181.72 33053.56 32946.92 32885.10
29812.52 29656.57 29523.53 29495.90 29324.17 29158.35 29000.86 28854.87 28723.69 28610.22 28516.65 28444.21 28393.26 28350.49 28351.27 28370.81 28410.61 28380.05 28507.55 28617.44 28933.03 29291.20 29672.05 30059.41 30475.74 30902.17 31335.47 31803.25 32192.36 32609.76 32930.18 33235.59 33486.62 33575.11 33527.27 33425.92 33379.94 33302.58 33308.74 33377.37 33498.87 33649.87 33819.53 33999.54 34188.19 34380.54 34345.52 34376.79 34401.69 34169.45 34028.25 34022.70 33936.23 33840.63 33746.89 33642.59 33437.79 33311.11 33156.90 33041.60 32904.40 32783.60 32706.72
29526.06 29388.59 29391.71 29224.08 29058.00 28896.26 28742.23 28599.45 28471.28 28360.57 28269.41 28198.99 28180.16 28162.25 28161.67 28177.68 28209.71 28133.19 28133.33 28361.63 28716.40 29094.21 29485.36 29875.36 30297.57 30731.51 31177.36 31685.36 32088.44 32473.72 32786.32 33129.92 33472.19 33579.78 33414.99 33246.80 33101.93 33009.12 33029.62 33129.67 33265.68 33432.44 33619.37 33810.11 34020.36 34249.28 34285.84 34396.78 34153.62 33991.10 33830.92 33816.49 33809.66 33636.91 33578.65 33487.92 33389.41 33243.13 33079.12 32891.94 32739.79 32609.61 32524.91
29343.13 29363.22 29191.69 29023.03 28856.46 28694.45 28540.31 28397.61 28269.75 28159.63 28069.32 28036.72 28002.78 27987.17 27989.06 28007.53 28042.02 27999.52 27993.61 28222.16 28564.68 28935.48 29319.77 29674.85 30090.25 30516.85 30922.65 31372.24 31907.31 32230.51 32539.39 32870.40 33185.62 33283.32 33137.31 32972.51 32829.41 32746.04 32757.67 32853.88 32990.51 33159.90 33350.89 33550.00 33767.96 34003.04 34032.76 34072.00 33822.43 33732.40 33634.48 33626.83 33525.71 33485.42 33360.42 33267.40 33161.91 33013.81 32866.37 32710.93 32567.11 32436.04 32297.87
29449.55 29221.76 29024.81 28840.73 28663.73 28493.93 28333.77 28186.56 28055.76 27944.41 27918.37 27867.35 27836.85 27826.18 27834.44 27861.18 27907.54 27914.33 28053.46 28122.60 28423.00 28764.05 29126.60 29459.41 29855.65 30298.05 30702.79 31041.45 31573.24 31891.67 32189.76 32467.54 32686.89 32761.03 32711.22 32607.75 32556.26 32477.26 32478.93 32548.56 32674.20 32835.53 33027.07 33228.31 33442.60 33658.88 33636.75 33688.98 33496.63 33468.62 33342.82 33345.95 33250.22 33189.28 33091.65 33001.54 32890.50 32756.14 32632.51 32465.13 32347.52 32185.02 32149.99
29356.55 29116.32 28899.11 28696.99 28505.33 28323.46 28153.27 27998.02 27861.50 27747.12 27756.35 27707.70 27682.26 27678.83 27696.28 27734.45 27730.72 27846.64 27998.97 28011.09 28285.02 28595.06 28930.96 29286.67 29651.74 30020.45 30389.84 30689.97 31204.87 31495.42 31761.24 31992.17 32163.38 32247.32 32247.00 32273.19 32188.93 32141.50 32150.01 32216.07 32334.71 32485.46 32664.29 32861.86 33068.39 33269.24 33391.71 33296.69 33119.73 33026.12 33014.85 33036.66 32950.76 32907.97 32817.44 32720.80 32611.54 32490.17 32382.74 32235.69 32103.08 31998.96 31986.53
29283.93 29035.66 28803.71 28585.06 28377.46 28180.87 27997.38 27830.77 27685.63 27676.02 27602.63 27557.19 27538.43 27544.12 27572.32 27602.51 27704.81 27782.87 27938.23 27884.69 28138.14 28491.70 28792.69 29066.74 29392.53 29725.73 29983.50 30319.56 30817.26 31073.47 31305.62 31502.12 31647.87 31731.87 31758.71 31750.11 31775.79 31752.97 31772.36 31838.80 31950.92 32097.26 32272.44 32466.86 32669.19 32865.30 32986.41 32757.31 32741.56 32681.33 32587.11 32711.46 32637.82 32554.38 32531.86 32437.19 32331.23 32216.13 32137.26 31998.97 31870.03 31772.89 31711.50
29232.20 28977.77 28734.33 28501.11 28277.61 28064.71 27865.18 27683.79 27639.37 27531.03 27456.16 27415.21 27405.15 27421.68 27447.89 27538.86 27648.66 27779.52 27934.50 27814.45 28070.47 28326.28 28597.90 28832.30 29127.45 29423.25 29645.47 29942.81 30228.97 30645.45 30848.47 31020.46 31150.65 31233.61 31273.88 31286.53 31334.81 31328.91 31358.67 31430.53 31540.45 31686.27 31861.25 32056.65 32261.10 32425.65 32599.99 32362.46 32369.17 32334.74 32264.83 32361.62 32318.53 32244.83 32245.49 32156.13 32055.33 31945.95 31832.85 31747.11 31629.87 31533.81 31471.90
29202.24 28942.87 28690.07 28444.03 28205.19 27975.06 27757.04 27687.69 27535.40 27419.09 27346.27 27316.48 27322.67 27356.69 27387.08 27485.78 27600.45 27732.05 27919.73 28070.71 27926.59 28159.52 28403.27 28653.37 28867.29 29125.31 29306.05 29565.59 29818.84 30224.20 30404.93 30560.27 30680.12 30760.28 30804.53 30824.92 30882.47 30885.34 30923.35 31000.10 31114.27 31262.46 31440.75 31642.34 31821.90 32024.60 32212.40 31986.51 32011.90 31997.93 31948.00 32056.13 32094.97 32037.06 31974.46 31882.37 31787.76 31683.88 31555.25 31505.67 31387.05 31285.52 31213.23
29195.00 28931.93 28671.58 28414.48 28161.41 28015.49 27801.12 27599.64 27423.69 27291.69 27218.63 27201.76 27225.23 27275.05 27378.32 27483.87 27601.10 27730.41 27830.64 27984.75 28150.94 27995.46 28213.39 28386.13 28612.41 28833.31 28975.09 29196.52 29418.98 29640.94 29986.12 30132.25 30245.59 30321.58 30362.95 30379.92 30390.49 30436.73 30481.49 30566.76 30687.36 30838.07 30996.85 31202.75 31423.60 31642.12 31845.84 31635.91 31676.80 31678.93 31645.16 31754.97 31715.57 31756.03 31703.97 31631.24 31532.59 31413.05 31304.48 31189.63 31148.88 31036.79 30872.53
29211.39 28946.05 28680.08 28473.57 28238.74 28002.05 27766.30 27537.22 27328.06 27169.32 27098.75 27105.56 27152.03 27249.82 27351.02 27460.01 27576.62 27655.90 27787.73 27928.11 28075.84 27838.68 28033.42 28177.93 28373.40 28477.06 28662.19 28842.64 29034.54 29245.85 29603.72 29747.79 29857.85 29929.32 29963.70 29968.79 29961.54 29996.56 30048.24 30153.09 30281.59 30405.37 30583.56 30807.81 31051.43 31288.73 31272.40 31393.04 31369.25 31383.19 31478.88 31473.00 31444.32 31492.48 31431.54 31385.85 31274.53 31175.49 31070.23 30954.78 30924.97 30800.69 30596.39
29252.04 28986.14 28755.88 28517.64 28273.35 28024.06 27771.21 27517.26 27268.42 27056.29 26999.23 27048.08 27117.57 27244.83 27349.02 27456.98 27521.65 27637.21 27758.37 27884.65 28014.82 28146.76 27868.27 27988.78 28158.47 28233.02 28382.51 28517.33 28670.68 28890.35 29106.47 29419.57 29527.92 29595.78 29623.43 29615.52 29580.45 29579.93 29655.44 29795.53 29907.51 30031.02 30194.34 30452.99 30724.00 30977.02 30968.92 31045.02 31110.75 31139.20 31210.62 31213.96 31194.69 31249.93 31196.65 31129.65 31051.04 30958.23 30857.55 30743.32 30626.44 30514.91 30351.14
