data/Validacao/HLIFS.grd
DSAA
94	94
0.0000	100.0000
0.0000	100.0000
26999.2338	45809.2798
[rows 28 to 55 of 94, columns 0 to 62 of 94]
40973.65 41721.98 41998.14 42305.33 42639.76 42996.97 43372.15 43760.20 44154.56 44519.10 44550.31 44202.44 43832.21 43444.58 43038.07 42836.26 42644.25 41992.42 41792.38 41634.21 41189.81 40936.32 40461.74 39964.31 39428.99 38826.81 38211.01 37640.21 37152.70 37057.38 37252.63 37257.49 37299.69 37428.52 37511.61 37588.28 37699.84 37868.78 37812.49 37998.17 38174.27 38380.19 38513.53 38731.10 38878.43 39083.32 39264.39 39340.97 39431.21 39351.09 39253.82 39161.58 39220.73 39324.58 39368.09 39464.37 39826.33 39631.90 40075.68 40216.83 40360.63 40594.46 40890.47
40760.62 41059.55 41827.22 42148.39 42496.98 42865.49 43244.98 43623.09 43974.65 44370.99 44333.63 44082.89 43757.23 43407.68 43019.57 42772.37 42549.48 42313.89 42183.19 41926.36 41238.12 40794.53 40329.55 39837.49 39352.94 38787.92 38215.72 37719.92 37320.58 37285.54 37253.31 37255.08 37277.17 37386.30 37450.31 37539.90 37637.15 37761.45 37965.92 38101.75 37942.93 38143.45 38282.72 38494.12 38689.41 38759.53 39014.63 39100.45 39230.58 39176.99 39114.59 39076.31 39139.87 39231.89 39334.75 39710.60 39792.58 39947.71 40079.96 40222.32 40382.91 40603.72 40856.23
40522.81 41112.10 41453.89 41960.74 42319.50 42692.13 43063.94 43414.43 43886.49 44057.51 44057.89 43902.63 43654.52 43366.27 42996.09 42923.41 42691.18 42330.94 41972.53 41642.92 41447.64 40994.21 40502.48 39764.00 39334.02 38820.63 38450.14 37896.85 37545.84 37470.33 37375.29 37319.54 37306.17 37402.64 37443.01 37484.24 37558.97 37664.70 37782.10 37988.39 38119.51 38270.65 38066.55 38272.19 38460.72 38519.47 38784.35 38883.43 38827.07 39038.12 39018.18 39018.23 39099.49 39448.91 39545.90 39551.10 39672.27 39893.68 40030.57 40241.43 40437.32 40641.82 40850.82
40542.43 40851.90 41205.10 41591.35 41996.53 42404.27 42861.32 43382.53 43639.21 43793.22 43820.57 43727.47 43545.28 43419.06 43181.97 42941.27 42699.38 42331.39 41913.05 41584.78 41344.00 41019.46 40543.34 40057.67 39563.83 38958.33 38612.18 38226.54 37774.00 37682.48 37463.40 37446.74 37398.08 37436.49 37442.65 37453.18 37511.15 37583.88 37682.88 37888.29 38007.94 38151.64 38245.00 38424.37 38283.75 38308.41 38470.02 38573.52 38655.16 38856.19 39194.80 39272.20 39376.97 39512.37 39446.95 39564.75 39705.20 39819.74 39990.56 40304.81 40470.88 40649.48 40775.47
40251.93 40567.83 40936.16 41341.09 41762.91 42180.75 42573.32 42918.20 43430.84 43586.09 43695.76 43661.36 43577.45 43404.95 43195.96 42966.00 42616.86 42325.59 42017.33 41692.25 41354.18 40997.25 40620.92 40174.89 39716.04 39414.16 38997.41 38453.03 38131.97 37833.68 37650.71 37593.36 37505.38 37502.31 37469.93 37444.90 37471.29 37517.76 37597.88 37708.55 37913.00 38052.25 38172.73 38327.79 38127.54 38301.45 38298.67 38412.94 38787.72 38916.66 39039.59 39321.97 39444.86 39382.46 39489.21 39611.41 39757.26 39869.76 40043.15 40226.21 40544.93 40706.75 40659.70
39939.08 40264.73 40656.20 41089.25 41536.65 41973.15 42376.31 42725.70 43017.45 43511.70 43600.08 43599.28 43193.89 43051.32 42863.19 42916.19 42640.58 42344.85 41757.19 41442.30 41398.72 41069.10 40726.01 40091.45 40059.91 39659.03 39274.28 38915.81 38493.79 38126.78 37842.82 37759.85 37643.28 37597.53 37512.40 37470.72 37447.28 37464.57 37526.28 37628.14 37820.19 37980.40 38061.35 38260.25 38409.18 38533.01 38599.22 38593.43 38762.96 38918.39 39067.52 39104.50 39337.72 39436.64 39547.98 39525.98 39662.38 39939.01 40117.00 40301.78 40353.45 40327.33 40706.45
39606.26 39948.65 40338.26 40784.27 41236.25 41665.79 42051.21 42419.82 42701.51 42901.84 43151.54 43171.66 43115.36 42994.28 42821.21 42608.37 42301.83 42013.43 41711.87 41406.72 41100.74 40789.46 40589.92 40194.34 39800.49 39938.29 39578.85 39139.39 38817.96 38330.22 38096.69 37971.82 37751.83 37611.45 37595.48 37403.96 37438.31 37422.24 37467.32 37476.68 37623.56 37836.24 37996.11 38148.31 38380.22 38496.92 38793.26 38941.67 38771.60 38949.18 38980.81 39122.28 39275.00 39321.43 39432.01 39557.01 39699.01 39856.72 40023.56 40262.48 40413.79 40330.47 40421.49
39229.05 39577.57 40038.11 40539.23 41032.96 41499.30 41932.22 42301.19 42595.81 42809.23 42938.91 42986.97 43079.55 42972.01 42807.76 42597.76 42280.78 41984.50 41678.34 41383.02 41103.73 40827.16 40541.27 40320.88 39958.30 39597.01 39262.36 38941.90 39167.05 38474.65 38248.17 38102.65 37915.49 37737.45 37593.33 37436.60 37315.47 37257.17 37305.49 37418.25 37576.45 37798.92 37961.96 38114.94 38241.79 38312.60 38862.56 39021.35 38584.57 38772.05 38996.27 39153.33 39318.32 39353.46 39467.34 39594.28 39742.09 39911.61 40091.53 40072.35 40167.54 40352.50 40439.54
38825.76 39238.30 39792.59 40336.04 40896.35 41410.10 41864.41 42249.14 42556.44 42781.24 42921.93 42980.69 42963.16 42991.05 42830.57 42565.35 42289.66 41979.52 41656.60 41368.69 41127.63 40891.25 40641.48 40471.52 40137.40 39799.88 39486.15 39180.28 39357.97 39041.04 38512.43 38262.68 38110.22 37898.88 37713.98 37505.49 37318.16 37199.50 37253.45 37393.13 37569.35 37744.84 37964.79 38116.31 38240.37 38222.21 38780.18 38828.08 38587.99 38790.29 39028.60 39199.36 39285.77 39398.93 39514.48 39638.50 39790.25 39979.66 40179.43 40116.29 40214.65 40286.40 40326.86
38447.58 38970.38 39639.60 40276.09 40866.53 41401.41 41871.71 42269.07 42586.57 42819.69 42967.12 43031.09 43017.18 42933.51 42894.48 42620.97 42339.80 42018.42 41666.90 41378.28 41191.98 40990.86 40770.65 40532.75 40230.99 39905.32 39578.17 39407.26 39718.23 38647.62 38451.79 38289.93 38093.83 38128.63 37886.63 37638.40 37390.28 37169.92 37262.11 37437.50 37621.25 37793.48 38009.41 38065.81 38172.58 38226.35 38325.29 38426.01 38647.83 38930.75 39111.22 39261.53 39340.56 39462.42 39582.78 39702.18 39849.65 39803.18 39984.06 40170.40 40271.88 40346.61 40386.22
38490.76 39003.88 39655.43 40301.71 40937.66 41478.89 41957.20 42362.60 42686.93 42924.77 43074.33 43137.92 43121.65 43034.58 42846.97 42623.67 42437.09 42123.21 41796.07 41523.30 41324.23 41131.45 40928.09 40635.08 40444.89 40139.46 39975.76 39691.58 39507.05 39252.01 38991.61 38513.40 38310.60 38135.01 38119.15 37858.17 37608.28 37420.28 37461.63 37588.02 37744.10 37818.73 37942.04 38110.75 38375.10 38540.60 38638.71 38861.38 39141.45 38981.76 39174.67 39191.74 39245.69 39348.68 39450.06 39553.55 39682.61 39863.72 40048.03 40239.98 40346.98 40427.06 40478.17
38846.83 39284.23 39849.30 40451.77 41041.92 41592.87 42086.38 42526.97 42855.42 43094.66 43241.66 43298.77 43273.38 43176.60 42974.45 42746.32 42482.37 42273.81 41979.27 41718.52 41499.42 41237.15 41032.71 40824.37 40742.46 40476.60 40248.43 40041.65 39797.83 39529.83 39280.47 39022.46 38590.87 38375.31 38155.88 37947.00 37924.33 37771.20 37768.53 37821.05 37843.01 37939.17 38036.82 38294.45 38443.41 38564.76 38726.61 38948.42 39105.35 39227.16 39069.01 39215.87 39366.30 39378.09 39492.98 39616.31 39761.07 39920.74 40085.12 40319.17 40452.06 40535.72 40580.04
39180.38 39596.05 40109.14 40670.44 41237.72 41780.37 42274.93 42701.78 43044.51 43291.19 43436.50 43509.11 43466.23 43322.22 43127.52 42889.29 42624.11 42349.30 42154.10 41899.83 41616.68 41407.01 41210.57 41018.42 40981.93 40738.56 40569.54 40333.15 40100.64 39836.45 39558.92 39321.61 39033.96 38635.82 38421.17 38278.54 38115.29 38012.39 38038.31 38021.94 38033.76 38091.82 38160.32 38424.26 38560.25 38676.02 38831.57 39049.28 39186.84 39257.45 39334.47 39239.27 39338.23 39451.40 39527.96 39666.81 39818.62 39982.91 40152.64 40353.81 40540.08 40637.99 40697.58
39480.93 39893.23 40381.73 40917.44 41468.82 42007.22 42506.78 42943.13 43293.70 43540.51 43674.68 43699.44 43565.42 43460.97 43292.22 43035.71 42761.41 42485.96 42224.24 41926.06 41767.07 41562.54 41377.79 41305.68 41160.07 40963.36 40747.56 40632.15 40353.05 40152.92 39866.19 39627.44 39331.52 38922.13 38709.24 38511.55 38368.96 38212.08 38243.30 38193.16 38185.14 38234.86 38471.30 38569.54 38620.93 38800.72 38948.67 38962.42 39222.18 39287.34 39360.25 39239.77 39352.18 39476.44 39603.81 39691.70 39851.36 40068.93 40244.45 40417.45 40619.93 40739.43 41046.40
39742.51 40158.51 40637.75 41161.69 41707.21 42249.55 42762.54 43217.58 43584.03 43834.03 43952.22 43943.41 43822.30 43616.43 43360.06 43076.81 42785.72 42414.18 42270.14 42025.57 41813.58 41645.81 41477.47 41327.89 41364.42 41185.55 41008.10 40805.49 40683.97 40411.53 40189.53 39884.67 39574.65 39126.86 38919.27 38731.28 38568.46 38436.22 38446.74 38381.74 38375.13 38373.39 38536.89 38603.59 38732.68 38857.22 38934.55 39121.97 39175.23 39230.98 39296.20 39384.32 39354.86 39473.36 39602.17 39744.40 39969.96 40078.13 40264.45 40453.96 40603.39 40973.69 41155.98
39650.43 40380.89 40858.13 41378.91 41926.61 42481.18 43018.18 43505.98 43903.41 44165.00 44261.51 44201.70 44015.66 43749.99 43445.28 43127.16 42785.25 42486.31 42232.01 41994.79 41794.92 41646.32 41504.11 41460.46 41388.95 41378.51 41241.94 41137.20 40952.57 40760.25 40460.48 40134.57 39795.21 39328.41 39106.73 38909.85 38746.45 38589.56 38503.05 38551.63 38504.59 38489.36 38610.39 38723.97 38831.07 38938.64 39033.90 39166.87 39192.93 39284.37 39338.17 39406.88 39339.75 39386.79 39606.93 39748.34 39905.70 40077.95 40264.45 40463.04 40657.83 41034.71 41260.15
39797.59 40257.85 40767.97 41548.43 42101.43 42672.59 43242.15 43779.64 44233.61 44526.17 44592.45 44441.89 44174.93 43845.64 43421.22 43085.70 42738.81 42445.30 42168.83 42009.03 41815.99 41665.46 41567.01 41519.97 41555.28 41485.85 41510.34 41397.41 41227.65 41013.69 40682.94 40325.37 39972.91 39631.85 39255.35 39054.74 38849.25 38718.41 38632.44 38690.05 38625.90 38594.45 38725.88 38821.70 38948.75 39012.48 39100.55 39196.30 39232.85 39270.04 39303.07 39354.55 39282.47 39392.51 39533.27 39670.05 39838.52 40012.73 40206.41 40418.04 40715.48 41036.70 41315.21
39889.09 40350.14 41010.51 41554.20 42132.97 42790.40 43391.55 43989.49 44568.53 44932.71 44912.60 44668.07 44263.99 43808.35 43381.29 42978.30 42706.90 42381.93 42101.50 41868.89 41685.59 41551.25 41463.87 41455.78 41553.47 41559.27 41628.64 41609.43 41537.16 41246.25 40859.74 40462.30 40075.89 39732.04 39353.23 39119.59 38954.18 38805.33 38656.63 38601.12 38658.25 38633.24 38774.13 38886.91 38954.60 39132.24 39200.53 39238.13 39217.34 39225.11 39233.55 39265.30 39187.43 39284.70 39409.81 39543.33 39720.93 39891.61 40056.31 40411.59 40618.17 40848.50 41289.57
39921.36 40532.07 41025.14 41558.11 42128.09 42731.59 43364.51 44082.42 44726.00 45284.72 45200.03 44702.47 44162.19 43744.44 43284.07 42861.26 42481.32 42148.87 41867.61 41640.04 41467.20 41348.59 41282.40 41425.74 41426.61 41481.83 41649.42 41747.65 41776.81 41384.54 40928.17 40493.28 40103.20 39755.97 39373.74 39147.74 38983.75 38852.62 38699.43 38637.98 38604.89 38661.07 38800.59 38872.69 38951.39 39109.86 39198.44 39223.60 39175.10 39134.14 39115.94 39134.00 39088.68 39208.83 39258.02 39382.78 39549.09 39663.71 39985.37 40212.20 40421.78 40747.85 41111.09
39966.05 40388.46 40863.87 41375.77 41922.72 42502.75 43259.17 43814.14 44455.02 45010.15 44924.65 44472.59 43943.34 43437.28 42965.36 42534.24 42149.53 41816.15 41538.03 41317.73 41156.09 41052.21 41139.13 41154.45 41179.15 41258.62 41410.01 41578.88 41640.75 41253.28 40799.32 40406.77 40032.59 39699.92 39297.72 39111.51 38954.80 38827.85 38690.42 38626.19 38587.89 38642.17 38781.79 38904.28 38950.43 39014.48 39090.55 39103.25 39041.64 38986.82 38954.45 38817.79 38906.80 39008.90 39135.40 39289.18 39255.44 39545.13 39705.51 39869.52 40075.74 40379.67 40823.61
39871.26 40346.44 40792.10 41266.36 41767.12 42290.38 42891.56 43427.78 43913.16 44213.99 44172.21 43858.35 43419.20 42965.58 42511.27 42089.31 41710.45 41382.62 41111.61 40900.94 40751.54 40835.40 40745.64 40742.14 40810.10 40906.11 41023.69 41118.94 41136.96 40887.42 40539.30 40196.60 39864.39 39542.91 39179.77 39011.81 38868.40 38750.25 38630.53 38566.38 38524.79 38583.46 38776.32 38780.40 38807.34 38849.89 38876.82 38879.37 38839.28 38783.61 38744.91 38611.78 38671.31 38764.33 38845.73 38947.41 38933.87 39206.59 39329.61 39488.06 39656.17 39912.62 40262.63
39776.55 40162.88 40570.49 40997.50 41440.32 41892.09 42408.59 42822.30 43158.68 43340.60 43304.99 43093.30 42737.67 42336.12 41930.72 41536.25 41170.28 40852.37 40591.34 40392.43 40212.71 40156.05 40260.12 40279.42 40349.42 40433.79 40520.91 40571.90 40534.36 40423.81 40165.22 39809.12 39568.69 39335.73 38996.42 38853.31 38728.33 38623.03 38522.56 38461.10 38418.05 38482.94 38552.98 38613.14 38619.34 38634.93 38647.63 38621.21 38584.87 38553.77 38518.75 38367.42 38413.19 38491.65 38550.91 38605.40 38703.06 38764.88 38872.86 39108.98 39212.87 39327.31 39563.14
39569.32 39920.12 40282.89 40655.08 41032.07 41378.20 41829.66 42139.24 42367.18 42396.11 42358.47 42180.67 41903.10 41611.34 41239.53 40877.12 40511.51 40218.47 39983.77 39755.98 39653.21 39704.31 39674.00 39738.38 39811.69 39885.77 39952.73 39985.84 39968.11 39931.44 39695.12 39470.36 39207.61 38966.57 38672.64 38541.12 38554.28 38470.88 38401.54 38401.45 38320.37 38394.50 38367.86 38400.75 38390.21 38360.41 38387.23 38360.37 38328.15 38292.75 38247.54 38217.22 38151.50 38157.62 38198.99 38250.68 38323.94 38396.41 38427.93 38523.62 38621.37 38660.20 38777.31
39315.53 39626.57 39939.82 40242.07 40547.42 40927.95 41101.23 41325.61 41477.28 41531.57 41474.73 41312.18 41066.50 40767.65 40479.71 40106.31 39778.34 39492.00 39226.04 39082.29 39009.95 39047.40 39037.66 39075.75 39223.82 39298.82 39363.83 39350.50 39391.70 39391.67 39248.42 39101.89 38919.10 38489.06 38391.52 38287.19 38308.77 38225.09 38150.78 38107.84 38109.47 38080.91 38193.97 38165.49 38147.89 38136.05 38095.79 38087.71 38042.85 38002.21 37962.92 37920.08 37818.32 37828.36 37842.86 37878.96 37894.04 37980.28 37966.22 37959.31 37936.91 37931.89 37956.69
38997.66 39270.03 39504.50 39767.10 40016.93 40247.20 40410.70 40585.29 40671.55 40679.55 40601.47 40440.54 40210.31 39930.60 39632.68 39320.32 39015.83 38714.76 38451.38 38317.69 38375.63 38364.16 38395.05 38485.34 38537.95 38639.20 38657.30 38804.24 38776.84 38869.13 38818.63 38692.38 38628.31 38235.36 38171.66 38102.37 38031.98 37982.23 37871.44 37827.83 37790.39 37759.09 37679.84 37927.77 37901.80 37880.15 37842.44 37801.08 37760.64 37702.87 37658.20 37495.86 37509.86 37495.07 37479.75 37536.01 37633.97 37507.33 37451.22 37385.32 37312.43 37215.91 37135.96
38666.18 38861.29 39078.13 39278.49 39462.55 39625.37 39729.43 39817.56 39835.89 39808.62 39713.31 39551.64 39331.88 39067.00 38772.66 38489.41 38180.03 37849.54 37629.05 37454.67 37539.44 37551.74 37626.29 37757.90 37880.72 38044.90 38114.30 38193.50 38320.16 38324.17 38298.93 38323.75 38223.20 37867.68 37836.04 37795.78 37750.56 37647.67 37609.02 37594.87 37563.19 37534.86 37442.36 37664.23 37632.54 37604.03 37564.53 37540.12 37469.58 37403.75 37194.98 37189.97 37188.45 37149.28 37104.60 37208.31 37155.63 37097.78 37020.12 36825.67 36688.78 36528.64 36284.62
38221.71 38410.98 38567.81 38706.50 38830.08 38934.51 39012.33 39054.59 39048.92 38989.93 38875.97 38707.65 38489.79 38233.91 37921.62 37618.50 37310.82 36962.30 36713.73 36595.37 36636.44 36834.63 36960.76 37080.94 37229.21 37412.11 37532.53 37597.12 37762.03 37790.19 37852.99 37869.83 37478.17 37489.42 37485.79 37402.79 37394.48 37378.94 37354.81 37325.15 37318.62 37294.87 37189.96 37079.33 37355.26 37323.01 37285.52 37256.83 37180.59 36918.06 36912.63 36889.45 36850.89 36809.61 36880.05 36774.26 36662.80 36588.09 36480.04 36347.10 36174.38 35884.84 35598.71
37854.20 37984.14 38075.53 38155.76 38224.82 38277.58 38307.35 38307.02 38269.98 38191.91 38061.25 37890.83 37674.98 37421.63 37085.08 36782.71 36463.29 36151.21 35841.87 35731.61 35943.52 36112.03 36286.69 36454.74 36610.03 36801.70 36937.83 37052.78 37223.30 37342.39 37355.76 36949.17 37038.76 37106.37 37053.58 37075.86 37091.34 37098.32 37086.62 37064.80 37041.83 37042.71 36929.28 36824.16 36713.87 37040.50 37005.76 36947.63 36658.86 36657.75 36641.35 36727.19 36650.77 36576.48 36446.35 36358.82 36190.74 36109.57 35979.70 35817.48 35607.30 35326.57 35003.61
