data/Validacao/K.grd
DSAA
94	94
0.0000	100.0000
0.0000	100.0000
0.7742	2.4654
[rows 38 to 75 of 94, columns 0 to 83 of 94]
1.17 1.13 1.09 1.07 1.03 1.03 1.02 1.02 1.02 1.02 1.02 1.02 1.02 1.02 1.09 1.09 1.10 1.10 1.10 1.10 1.10 1.10 1.10 1.12 1.12 1.12 1.13 1.13 1.12 1.12 1.12 1.14 1.14 1.24 1.29 1.35 1.44 1.55 1.51 1.40 1.34 1.31 1.29 1.30 1.29 1.28 1.27 1.28 1.31 1.31 1.32 1.35 1.40 1.46 1.57 1.75 1.82 1.64 1.48 1.38 1.33 1.31 1.29 1.29 1.29 1.23 1.24 1.24 1.28 1.29 1.30 1.37 1.40 1.44 1.51 1.50 1.43 1.39 1.42 1.41 1.39 1.30 1.30 1.29
1.11 1.10 1.08 1.06 1.05 1.05 1.05 1.02 1.02 1.02 1.02 1.02 1.02 1.02 1.09 1.09 1.09 1.10 1.10 1.10 1.10 1.12 1.12 1.12 1.11 1.11 1.13 1.11 1.12 1.12 1.12 1.11 1.22 1.23 1.26 1.34 1.36 1.40 1.40 1.36 1.32 1.30 1.29 1.25 1.25 1.27 1.27 1.28 1.28 1.32 1.33 1.34 1.36 1.43 1.49 1.57 1.60 1.54 1.46 1.36 1.32 1.30 1.29 1.29 1.23 1.23 1.25 1.29 1.29 1.29 1.34 1.37 1.38 1.41 1.43 1.43 1.40 1.42 1.41 1.40 1.39 1.38 1.41 1.41
1.08 1.07 1.06 1.06 1.05 1.05 1.05 1.04 1.04 1.04 1.04 1.02 1.02 1.09 1.09 1.09 1.09 1.09 1.10 1.10 1.12 1.12 1.12 1.12 1.11 1.11 1.11 1.11 1.12 1.12 1.12 1.11 1.11 1.23 1.24 1.26 1.33 1.34 1.32 1.30 1.31 1.29 1.28 1.25 1.25 1.27 1.26 1.28 1.32 1.32 1.32 1.33 1.39 1.42 1.43 1.46 1.47 1.45 1.42 1.39 1.31 1.30 1.29 1.23 1.23 1.28 1.29 1.30 1.34 1.34 1.35 1.37 1.37 1.38 1.39 1.39 1.42 1.41 1.41 1.48 1.38 1.37 1.40 1.46
1.06 1.06 1.06 1.05 1.05 1.05 1.04 1.04 1.04 1.04 1.04 1.04 1.05 1.11 1.09 1.09 1.09 1.09 1.09 1.11 1.12 1.12 1.12 1.13 1.13 1.14 1.14 1.11 1.13 1.12 1.14 1.11 1.11 1.23 1.23 1.31 1.32 1.32 1.34 1.33 1.43 1.38 1.23 1.25 1.38 1.26 1.26 1.28 1.31 1.32 1.32 1.37 1.38 1.39 1.41 1.40 1.40 1.40 1.38 1.37 1.30 1.29 1.28 1.28 1.27 1.27 1.29 1.34 1.34 1.34 1.34 1.36 1.36 1.37 1.37 1.41 1.41 1.48 1.48 1.47 1.49 1.49 1.46 1.45
1.05 1.05 1.05 1.05 1.05 1.04 1.04 1.04 1.03 1.03 1.03 1.03 1.11 1.11 1.11 1.11 1.11 1.12 1.11 1.11 1.11 1.15 1.15 1.15 1.14 1.14 1.14 1.14 1.13 1.12 1.19 1.19 1.20 1.30 1.32 1.42 1.42 1.30 1.40 1.39 1.38 1.38 1.34 1.39 1.39 1.35 1.35 1.37 1.28 1.28 1.29 1.29 1.37 1.38 1.38 1.39 1.39 1.37 1.36 1.35 1.36 1.28 1.29 1.28 1.28 1.32 1.33 1.33 1.34 1.34 1.38 1.38 1.38 1.43 1.43 1.47 1.54 1.54 1.54 1.56 1.53 1.52 1.52 1.51
1.07 1.05 1.05 1.05 1.04 1.04 1.04 1.03 1.02 1.02 1.02 1.03 1.10 1.11 1.11 1.11 1.14 1.14 1.17 1.17 1.17 1.15 1.15 1.15 1.15 1.13 1.13 1.19 1.19 1.18 1.19 1.19 1.31 1.42 1.42 1.42 1.43 1.40 1.39 1.37 1.36 1.36 1.35 1.35 1.38 1.36 1.36 1.38 1.36 1.37 1.37 1.38 1.43 1.34 1.34 1.34 1.35 1.35 1.35 1.38 1.37 1.29 1.28 1.27 1.27 1.27 1.30 1.31 1.35 1.37 1.42 1.43 1.38 1.44 1.44 1.54 1.54 1.54 1.63 1.62 1.55 1.53 1.52 1.51
1.07 1.07 1.07 1.04 1.04 1.04 1.03 1.02 1.00 0.99 1.00 1.05 1.09 1.12 1.14 1.16 1.16 1.17 1.17 1.17 1.17 1.17 1.18 1.17 1.21 1.19 1.19 1.17 1.17 1.27 1.28 1.29 1.30 1.40 1.42 1.42 1.42 1.42 1.39 1.36 1.36 1.36 1.34 1.34 1.33 1.35 1.34 1.36 1.37 1.36 1.37 1.37 1.42 1.42 1.33 1.33 1.35 1.35 1.34 1.37 1.33 1.28 1.26 1.26 1.23 1.22 1.28 1.30 1.33 1.40 1.42 1.44 1.44 1.44 1.44 1.54 1.54 1.63 1.56 1.55 1.53 1.51 1.48 1.45
1.07 1.07 1.06 1.06 1.05 1.03 1.02 1.00 0.99 0.96 0.99 1.06 1.10 1.14 1.15 1.16 1.17 1.17 1.17 1.17 1.17 1.17 1.17 1.17 1.22 1.21 1.27 1.24 1.22 1.24 1.27 1.29 1.30 1.40 1.42 1.42 1.42 1.42 1.42 1.42 1.39 1.39 1.36 1.34 1.34 1.33 1.31 1.31 1.34 1.39 1.36 1.37 1.42 1.42 1.31 1.33 1.34 1.34 1.32 1.33 1.32 1.31 1.27 1.23 1.17 1.17 1.20 1.26 1.36 1.39 1.42 1.43 1.44 1.50 1.50 1.54 1.56 1.56 1.56 1.54 1.52 1.48 1.41 1.33
1.07 1.06 1.06 1.05 1.05 1.04 1.03 1.01 0.95 0.86 0.94 1.03 1.11 1.14 1.16 1.16 1.17 1.17 1.17 1.17 1.17 1.17 1.17 1.22 1.21 1.20 1.25 1.19 1.13 1.20 1.25 1.28 1.30 1.31 1.42 1.42 1.42 1.42 1.42 1.42 1.42 1.39 1.36 1.35 1.33 1.31 1.24 1.24 1.34 1.38 1.41 1.37 1.39 1.39 1.31 1.31 1.34 1.32 1.28 1.33 1.32 1.28 1.25 1.20 1.13 0.98 1.09 1.27 1.35 1.45 1.48 1.49 1.49 1.50 1.50 1.57 1.56 1.56 1.55 1.54 1.51 1.46 1.35 1.16
1.11 1.09 1.09 1.09 1.09 1.08 1.06 1.04 0.97 0.88 0.92 1.05 1.11 1.14 1.16 1.16 1.17 1.17 1.17 1.17 1.17 1.17 1.22 1.22 1.21 1.20 1.26 1.20 1.13 1.20 1.25 1.28 1.30 1.31 1.42 1.42 1.42 1.42 1.42 1.42 1.42 1.39 1.36 1.39 1.36 1.31 1.24 1.24 1.34 1.38 1.41 1.43 1.38 1.39 1.39 1.29 1.34 1.28 1.28 1.32 1.32 1.36 1.32 1.25 1.13 1.01 1.13 1.27 1.41 1.45 1.48 1.49 1.59 1.59 1.63 1.57 1.57 1.56 1.56 1.54 1.51 1.46 1.35 1.17
1.11 1.14 1.14 1.13 1.13 1.12 1.12 1.09 1.05 1.02 1.05 1.08 1.11 1.15 1.16 1.17 1.17 1.17 1.17 1.17 1.17 1.22 1.22 1.21 1.32 1.31 1.28 1.25 1.22 1.24 1.26 1.29 1.30 1.31 1.42 1.42 1.42 1.42 1.42 1.42 1.42 1.39 1.40 1.39 1.37 1.35 1.31 1.33 1.36 1.39 1.41 1.43 1.44 1.40 1.41 1.41 1.34 1.30 1.30 1.32 1.32 1.37 1.33 1.28 1.26 1.21 1.25 1.37 1.43 1.46 1.57 1.58 1.59 1.63 1.63 1.55 1.57 1.56 1.56 1.55 1.52 1.48 1.42 1.34
1.14 1.14 1.14 1.14 1.13 1.13 1.13 1.12 1.10 1.09 1.09 1.11 1.13 1.14 1.15 1.17 1.17 1.17 1.17 1.17 1.23 1.23 1.21 1.21 1.32 1.32 1.30 1.29 1.29 1.30 1.31 1.32 1.31 1.31 1.42 1.42 1.42 1.42 1.42 1.42 1.42 1.39 1.42 1.40 1.39 1.37 1.36 1.37 1.38 1.40 1.41 1.43 1.44 1.40 1.40 1.42 1.41 1.41 1.33 1.39 1.39 1.38 1.34 1.37 1.34 1.37 1.38 1.41 1.44 1.56 1.58 1.59 1.63 1.63 1.63 1.55 1.55 1.56 1.56 1.55 1.54 1.51 1.48 1.45
1.14 1.14 1.14 1.14 1.13 1.15 1.14 1.14 1.13 1.15 1.15 1.16 1.16 1.15 1.15 1.16 1.22 1.22 1.17 1.23 1.23 1.25 1.25 1.21 1.33 1.35 1.35 1.34 1.31 1.32 1.34 1.34 1.33 1.33 1.37 1.46 1.43 1.43 1.43 1.47 1.46 1.42 1.43 1.42 1.42 1.42 1.39 1.41 1.41 1.42 1.42 1.42 1.45 1.47 1.47 1.42 1.41 1.46 1.46 1.40 1.39 1.38 1.36 1.45 1.44 1.43 1.44 1.45 1.56 1.58 1.58 1.63 1.63 1.63 1.63 1.56 1.56 1.55 1.56 1.56 1.55 1.54 1.52 1.51
1.13 1.13 1.14 1.15 1.15 1.15 1.17 1.17 1.17 1.17 1.17 1.17 1.17 1.18 1.16 1.22 1.22 1.22 1.28 1.28 1.28 1.25 1.28 1.38 1.36 1.36 1.36 1.37 1.34 1.34 1.35 1.37 1.37 1.40 1.40 1.40 1.49 1.49 1.49 1.48 1.50 1.50 1.47 1.47 1.47 1.46 1.43 1.46 1.42 1.42 1.42 1.45 1.47 1.47 1.47 1.49 1.51 1.50 1.51 1.52 1.52 1.43 1.46 1.46 1.45 1.46 1.56 1.56 1.57 1.58 1.66 1.63 1.63 1.63 1.63 1.56 1.56 1.56 1.56 1.60 1.56 1.56 1.55 1.55
1.16 1.16 1.18 1.18 1.18 1.18 1.18 1.18 1.17 1.17 1.17 1.18 1.18 1.18 1.19 1.23 1.24 1.25 1.31 1.31 1.29 1.41 1.41 1.41 1.43 1.43 1.43 1.43 1.38 1.40 1.37 1.37 1.38 1.43 1.43 1.43 1.42 1.48 1.51 1.52 1.52 1.52 1.53 1.48 1.48 1.48 1.48 1.49 1.49 1.49 1.49 1.51 1.53 1.52 1.52 1.54 1.53 1.51 1.52 1.52 1.52 1.47 1.47 1.47 1.46 1.48 1.57 1.57 1.58 1.66 1.66 1.63 1.63 1.53 1.53 1.53 1.54 1.56 1.61 1.61 1.61 1.60 1.60 1.59
1.15 1.17 1.17 1.18 1.18 1.18 1.18 1.18 1.21 1.21 1.21 1.21 1.21 1.21 1.22 1.27 1.27 1.31 1.32 1.34 1.44 1.42 1.42 1.44 1.44 1.45 1.43 1.43 1.40 1.40 1.40 1.40 1.40 1.43 1.43 1.42 1.42 1.44 1.45 1.51 1.52 1.52 1.53 1.48 1.49 1.48 1.48 1.48 1.49 1.49 1.51 1.50 1.52 1.51 1.50 1.49 1.50 1.46 1.47 1.51 1.52 1.47 1.50 1.50 1.47 1.49 1.49 1.59 1.65 1.66 1.66 1.57 1.62 1.53 1.53 1.53 1.54 1.60 1.60 1.62 1.62 1.62 1.61 1.62
1.17 1.18 1.19 1.20 1.21 1.21 1.22 1.22 1.21 1.21 1.21 1.21 1.21 1.27 1.27 1.27 1.28 1.35 1.35 1.44 1.44 1.44 1.44 1.44 1.44 1.45 1.45 1.43 1.40 1.40 1.42 1.40 1.43 1.43 1.42 1.44 1.43 1.42 1.43 1.44 1.51 1.52 1.53 1.53 1.49 1.49 1.49 1.49 1.50 1.51 1.51 1.50 1.49 1.50 1.44 1.45 1.42 1.43 1.46 1.48 1.54 1.47 1.47 1.50 1.50 1.49 1.55 1.59 1.59 1.61 1.59 1.58 1.57 1.54 1.53 1.53 1.54 1.60 1.62 1.63 1.67 1.67 1.64 1.67
1.11 1.14 1.18 1.20 1.21 1.21 1.22 1.22 1.22 1.23 1.21 1.27 1.27 1.28 1.29 1.29 1.30 1.41 1.43 1.43 1.43 1.44 1.44 1.44 1.44 1.45 1.45 1.45 1.40 1.42 1.42 1.47 1.47 1.43 1.45 1.44 1.41 1.39 1.40 1.43 1.45 1.52 1.53 1.53 1.53 1.49 1.49 1.47 1.52 1.51 1.51 1.47 1.46 1.46 1.41 1.34 1.32 1.37 1.44 1.47 1.54 1.50 1.51 1.51 1.53 1.55 1.56 1.58 1.60 1.63 1.62 1.60 1.57 1.56 1.52 1.53 1.58 1.61 1.65 1.68 1.70 1.68 1.69 1.70
1.08 1.13 1.17 1.20 1.21 1.21 1.22 1.23 1.23 1.23 1.23 1.30 1.32 1.32 1.32 1.29 1.41 1.41 1.41 1.42 1.43 1.44 1.44 1.44 1.45 1.44 1.44 1.44 1.44 1.47 1.47 1.47 1.47 1.46 1.45 1.43 1.40 1.36 1.39 1.43 1.45 1.46 1.46 1.46 1.46 1.53 1.45 1.46 1.49 1.47 1.47 1.47 1.46 1.46 1.40 1.31 1.24 1.35 1.43 1.52 1.54 1.50 1.51 1.51 1.48 1.49 1.52 1.54 1.57 1.61 1.64 1.61 1.58 1.55 1.53 1.54 1.58 1.61 1.66 1.72 1.68 1.65 1.66 1.70
1.14 1.16 1.18 1.20 1.21 1.21 1.23 1.23 1.23 1.26 1.32 1.32 1.32 1.32 1.32 1.32 1.41 1.41 1.41 1.41 1.44 1.44 1.44 1.44 1.44 1.44 1.44 1.39 1.44 1.49 1.49 1.49 1.50 1.49 1.45 1.44 1.42 1.41 1.42 1.44 1.45 1.46 1.46 1.46 1.46 1.46 1.45 1.46 1.46 1.47 1.48 1.47 1.46 1.45 1.42 1.37 1.35 1.39 1.43 1.53 1.55 1.51 1.51 1.48 1.47 1.47 1.55 1.54 1.56 1.58 1.59 1.57 1.55 1.56 1.55 1.59 1.61 1.61 1.64 1.66 1.65 1.64 1.64 1.71
1.18 1.19 1.20 1.22 1.23 1.23 1.24 1.26 1.32 1.32 1.32 1.32 1.32 1.32 1.32 1.32 1.32 1.41 1.41 1.41 1.41 1.44 1.39 1.39 1.39 1.41 1.41 1.41 1.41 1.49 1.49 1.50 1.50 1.50 1.46 1.45 1.44 1.44 1.44 1.45 1.46 1.46 1.46 1.47 1.47 1.42 1.42 1.40 1.42 1.47 1.40 1.47 1.39 1.46 1.39 1.41 1.40 1.43 1.51 1.49 1.54 1.54 1.41 1.42 1.46 1.47 1.56 1.57 1.55 1.55 1.56 1.55 1.54 1.57 1.57 1.60 1.62 1.60 1.61 1.63 1.63 1.62 1.69 1.70
1.20 1.20 1.21 1.23 1.23 1.26 1.26 1.32 1.32 1.32 1.32 1.32 1.32 1.32 1.32 1.32 1.32 1.41 1.41 1.41 1.41 1.43 1.41 1.39 1.41 1.41 1.41 1.41 1.41 1.49 1.47 1.47 1.50 1.50 1.45 1.46 1.46 1.46 1.46 1.47 1.48 1.47 1.47 1.45 1.43 1.42 1.42 1.40 1.40 1.40 1.40 1.40 1.40 1.39 1.41 1.40 1.43 1.45 1.46 1.50 1.54 1.54 1.41 1.41 1.46 1.46 1.56 1.56 1.60 1.60 1.60 1.60 1.60 1.58 1.58 1.61 1.62 1.69 1.70 1.70 1.70 1.71 1.69 1.69
1.21 1.21 1.24 1.24 1.25 1.26 1.32 1.32 1.32 1.32 1.32 1.32 1.32 1.32 1.32 1.31 1.31 1.31 1.41 1.41 1.41 1.43 1.43 1.41 1.41 1.41 1.45 1.45 1.41 1.47 1.47 1.46 1.46 1.45 1.45 1.45 1.46 1.48 1.48 1.45 1.46 1.46 1.49 1.46 1.45 1.43 1.42 1.40 1.39 1.40 1.40 1.40 1.40 1.40 1.42 1.42 1.45 1.47 1.47 1.51 1.54 1.41 1.41 1.45 1.45 1.45 1.56 1.56 1.59 1.60 1.60 1.60 1.60 1.58 1.59 1.62 1.62 1.69 1.70 1.71 1.71 1.71 1.70 1.70
1.24 1.24 1.25 1.28 1.28 1.28 1.34 1.32 1.32 1.32 1.32 1.32 1.32 1.32 1.34 1.31 1.31 1.31 1.41 1.41 1.43 1.43 1.45 1.45 1.45 1.45 1.45 1.45 1.50 1.50 1.46 1.46 1.45 1.45 1.45 1.46 1.48 1.48 1.47 1.48 1.50 1.50 1.50 1.48 1.45 1.46 1.44 1.42 1.42 1.41 1.43 1.43 1.40 1.41 1.47 1.45 1.52 1.52 1.48 1.45 1.51 1.52 1.44 1.45 1.50 1.50 1.55 1.55 1.58 1.59 1.59 1.60 1.60 1.65 1.66 1.66 1.67 1.71 1.71 1.72 1.73 1.73 1.72 1.72
1.28 1.28 1.28 1.28 1.28 1.28 1.34 1.35 1.35 1.35 1.32 1.32 1.35 1.34 1.34 1.34 1.35 1.35 1.35 1.45 1.45 1.45 1.45 1.45 1.45 1.45 1.49 1.49 1.48 1.50 1.49 1.47 1.44 1.44 1.46 1.47 1.50 1.52 1.52 1.54 1.56 1.58 1.58 1.55 1.51 1.47 1.42 1.41 1.40 1.40 1.42 1.43 1.43 1.41 1.48 1.48 1.52 1.49 1.49 1.45 1.51 1.44 1.43 1.44 1.43 1.43 1.53 1.53 1.57 1.57 1.58 1.59 1.64 1.66 1.67 1.68 1.69 1.73 1.74 1.75 1.76 1.77 1.81 1.82
1.28 1.28 1.28 1.28 1.28 1.28 1.29 1.35 1.35 1.35 1.35 1.35 1.35 1.35 1.35 1.35 1.35 1.35 1.35 1.35 1.45 1.45 1.45 1.47 1.47 1.49 1.49 1.49 1.48 1.49 1.48 1.45 1.43 1.44 1.45 1.51 1.57 1.59 1.61 1.62 1.66 1.75 1.74 1.67 1.56 1.45 1.39 1.37 1.38 1.38 1.40 1.42 1.43 1.51 1.48 1.48 1.52 1.49 1.47 1.52 1.51 1.51 1.43 1.43 1.41 1.40 1.50 1.51 1.51 1.54 1.55 1.62 1.66 1.68 1.71 1.72 1.72 1.79 1.81 1.81 1.81 1.85 1.88 1.93
1.28 1.28 1.28 1.28 1.28 1.28 1.29 1.30 1.36 1.36 1.36 1.35 1.35 1.35 1.35 1.35 1.35 1.35 1.35 1.35 1.45 1.45 1.47 1.47 1.49 1.49 1.49 1.49 1.49 1.47 1.46 1.41 1.36 1.37 1.45 1.54 1.64 1.72 1.72 1.73 1.81 1.98 2.05 1.85 1.63 1.46 1.32 1.29 1.32 1.36 1.38 1.39 1.43 1.51 1.51 1.56 1.52 1.55 1.47 1.47 1.51 1.51 1.42 1.41 1.38 1.35 1.44 1.48 1.53 1.51 1.53 1.59 1.66 1.72 1.77 1.78 1.81 1.83 1.88 1.93 1.95 1.91 1.98 2.10
1.26 1.28 1.28 1.28 1.28 1.29 1.29 1.30 1.36 1.38 1.38 1.36 1.36 1.35 1.35 1.35 1.35 1.35 1.35 1.35 1.45 1.47 1.47 1.47 1.49 1.49 1.49 1.49 1.49 1.47 1.45 1.39 1.28 1.28 1.42 1.55 1.71 1.89 1.84 1.79 1.89 2.20 2.47 2.00 1.67 1.44 1.22 1.19 1.29 1.35 1.38 1.39 1.40 1.51 1.51 1.57 1.55 1.55 1.47 1.47 1.51 1.43 1.41 1.41 1.36 1.29 1.39 1.46 1.51 1.46 1.43 1.56 1.65 1.74 1.86 1.88 1.84 1.85 1.93 2.05 2.01 1.99 2.04 2.29
1.28 1.28 1.28 1.28 1.28 1.29 1.29 1.30 1.35 1.36 1.36 1.36 1.35 1.35 1.35 1.35 1.35 1.35 1.35 1.35 1.51 1.52 1.52 1.52 1.53 1.53 1.49 1.49 1.49 1.50 1.48 1.43 1.37 1.37 1.47 1.57 1.69 1.78 1.77 1.76 1.84 2.04 2.15 1.91 1.66 1.47 1.30 1.26 1.31 1.38 1.40 1.41 1.47 1.51 1.52 1.56 1.59 1.57 1.53 1.53 1.57 1.57 1.48 1.46 1.42 1.37 1.47 1.52 1.52 1.50 1.52 1.59 1.67 1.74 1.82 1.82 1.83 1.84 1.90 1.96 1.95 1.96 2.03 2.17
1.28 1.28 1.28 1.28 1.28 1.28 1.29 1.34 1.34 1.35 1.34 1.35 1.35 1.35 1.35 1.35 1.35 1.37 1.37 1.39 1.51 1.52 1.52 1.52 1.53 1.53 1.52 1.52 1.51 1.51 1.50 1.47 1.45 1.46 1.50 1.56 1.63 1.65 1.66 1.68 1.73 1.79 1.81 1.73 1.60 1.49 1.40 1.38 1.38 1.39 1.41 1.41 1.49 1.50 1.54 1.56 1.59 1.51 1.53 1.53 1.58 1.57 1.49 1.47 1.46 1.45 1.54 1.55 1.56 1.59 1.59 1.63 1.67 1.73 1.76 1.76 1.76 1.81 1.83 1.85 1.86 1.90 1.94 1.99
1.28 1.28 1.28 1.28 1.28 1.28 1.28 1.29 1.29 1.35 1.35 1.36 1.36 1.36 1.36 1.35 1.37 1.37 1.37 1.51 1.54 1.54 1.56 1.56 1.55 1.53 1.52 1.52 1.52 1.52 1.51 1.50 1.50 1.50 1.52 1.55 1.58 1.58 1.60 1.60 1.62 1.65 1.65 1.60 1.55 1.49 1.45 1.41 1.41 1.42 1.42 1.42 1.50 1.52 1.52 1.54 1.59 1.51 1.51 1.53 1.53 1.50 1.49 1.49 1.48 1.48 1.58 1.59 1.63 1.63 1.63 1.65 1.70 1.71 1.73 1.72 1.73 1.74 1.78 1.79 1.80 1.84 1.86 1.88
1.30 1.30 1.30 1.30 1.30 1.28 1.28 1.35 1.35 1.35 1.35 1.35 1.36 1.36 1.36 1.36 1.36 1.36 1.40 1.51 1.54 1.54 1.56 1.56 1.55 1.55 1.52 1.52 1.52 1.53 1.52 1.52 1.52 1.52 1.53 1.54 1.53 1.54 1.56 1.54 1.56 1.57 1.57 1.55 1.51 1.49 1.47 1.43 1.43 1.43 1.43 1.41 1.52 1.52 1.52 1.52 1.51 1.51 1.51 1.51 1.57 1.50 1.50 1.49 1.49 1.56 1.60 1.60 1.65 1.65 1.66 1.66 1.67 1.70 1.71 1.69 1.70 1.74 1.75 1.76 1.76 1.77 1.78 1.79
1.30 1.30 1.30 1.30 1.30 1.29 1.29 1.29 1.30 1.30 1.30 1.30 1.36 1.36 1.36 1.36 1.36 1.42 1.42 1.44 1.46 1.56 1.56 1.56 1.55 1.55 1.55 1.56 1.53 1.53 1.53 1.52 1.52 1.53 1.53 1.53 1.51 1.52 1.53 1.51 1.52 1.52 1.52 1.52 1.51 1.48 1.48 1.44 1.44 1.44 1.43 1.48 1.52 1.52 1.52 1.52 1.48 1.51 1.51 1.51 1.51 1.50 1.50 1.50 1.49 1.49 1.61 1.62 1.67 1.67 1.68 1.67 1.67 1.67 1.66 1.68 1.69 1.72 1.73 1.74 1.74 1.75 1.76 1.76
1.30 1.30 1.30 1.30 1.29 1.29 1.29 1.29 1.29 1.29 1.29 1.29 1.30 1.36 1.36 1.36 1.42 1.43 1.43 1.46 1.46 1.56 1.56 1.56 1.55 1.55 1.55 1.54 1.55 1.55 1.52 1.52 1.52 1.52 1.52 1.52 1.49 1.49 1.50 1.51 1.49 1.49 1.50 1.50 1.50 1.49 1.47 1.45 1.44 1.44 1.46 1.54 1.53 1.52 1.51 1.51 1.44 1.48 1.50 1.51 1.51 1.48 1.50 1.49 1.49 1.53 1.60 1.62 1.68 1.70 1.70 1.69 1.66 1.64 1.63 1.64 1.66 1.69 1.71 1.72 1.73 1.73 1.74 1.74
1.30 1.30 1.30 1.29 1.29 1.29 1.29 1.29 1.29 1.29 1.29 1.29 1.30 1.38 1.39 1.42 1.43 1.44 1.48 1.48 1.47 1.46 1.55 1.54 1.55 1.55 1.54 1.53 1.54 1.52 1.52 1.51 1.51 1.51 1.51 1.48 1.47 1.46 1.47 1.48 1.47 1.47 1.48 1.48 1.49 1.50 1.48 1.47 1.46 1.47 1.47 1.54 1.53 1.52 1.50 1.49 1.42 1.47 1.48 1.50 1.43 1.43 1.47 1.48 1.47 1.51 1.59 1.62 1.68 1.72 1.72 1.69 1.64 1.59 1.55 1.59 1.62 1.67 1.70 1.72 1.73 1.73 1.73 1.73
1.30 1.30 1.29 1.29 1.29 1.29 1.29 1.29 1.29 1.29 1.29 1.29 1.38 1.39 1.39 1.43 1.44 1.47 1.52 1.52 1.49 1.47 1.55 1.55 1.54 1.55 1.54 1.53 1.51 1.50 1.51 1.50 1.49 1.48 1.49 1.48 1.43 1.41 1.42 1.45 1.47 1.47 1.48 1.47 1.49 1.50 1.50 1.49 1.47 1.48 1.47 1.54 1.52 1.51 1.49 1.43 1.40 1.45 1.47 1.50 1.43 1.43 1.47 1.45 1.45 1.45 1.56 1.63 1.72 1.81 1.83 1.74 1.63 1.52 1.42 1.46 1.55 1.64 1.70 1.73 1.74 1.73 1.72 1.72
1.30 1.30 1.29 1.29 1.29 1.29 1.29 1.29 1.29 1.29 1.29 1.29 1.38 1.39 1.39 1.40 1.45 1.51 1.57 1.59 1.52 1.48 1.55 1.55 1.54 1.55 1.53 1.50 1.46 1.48 1.49 1.49 1.46 1.45 1.47 1.46 1.41 1.32 1.37 1.43 1.45 1.45 1.44 1.48 1.50 1.53 1.54 1.53 1.51 1.49 1.47 1.53 1.56 1.51 1.50 1.40 1.37 1.45 1.49 1.51 1.45 1.45 1.46 1.43 1.40 1.35 1.50 1.63 1.76 1.93 2.02 1.81 1.62 1.43 1.19 1.26 1.47 1.60 1.70 1.76 1.75 1.73 1.72 1.71
1.30 1.30 1.29 1.29 1.29 1.29 1.29 1.29 1.29 1.29 1.29 1.35 1.35 1.36 1.36 1.44 1.46 1.49 1.56 1.57 1.52 1.48 1.46 1.45 1.45 1.53 1.51 1.49 1.48 1.51 1.49 1.49 1.46 1.46 1.47 1.46 1.42 1.35 1.38 1.43 1.45 1.45 1.45 1.48 1.50 1.53 1.54 1.55 1.55 1.49 1.54 1.59 1.58 1.55 1.48 1.40 1.38 1.42 1.49 1.51 1.45 1.45 1.50 1.48 1.46 1.39 1.46 1.62 1.75 1.90 1.97 1.80 1.62 1.45 1.24 1.27 1.48 1.60 1.68 1.74 1.74 1.73 1.72 1.71
