data/Validacao/K.grd
DSAA
94	94
0.0000	100.0000
0.0000	100.0000
0.7742	2.4654
[rows 0 to 37 of 94, columns 0 to 83 of 94]
0.87 0.92 0.96 0.99 1.00 1.00 1.01 1.03 1.03 1.03 1.03 1.03 1.04 1.04 1.05 1.08 1.14 1.28 1.51 1.57 1.32 1.17 1.10 1.07 1.05 1.11 1.11 1.16 1.16 1.16 1.16 1.16 1.18 1.18 1.21 1.23 1.27 1.33 1.32 1.29 1.27 1.26 1.29 1.31 1.30 1.30 1.25 1.25 1.23 1.23 1.24 1.24 1.23 1.20 1.16 1.08 1.02 1.12 1.18 1.20 1.22 1.23 1.23 1.23 1.23 1.23 1.18 1.18 1.18 1.15 1.14 1.11 1.09 1.05 0.99 1.00 1.05 1.12 1.14 1.15 1.14 1.14 1.14 1.14
0.92 0.94 0.97 0.99 1.00 1.00 1.01 1.01 1.01 1.03 1.03 1.03 1.03 1.04 1.05 1.08 1.13 1.24 1.37 1.39 1.27 1.15 1.10 1.07 1.05 1.04 1.11 1.16 1.16 1.16 1.16 1.16 1.18 1.18 1.21 1.23 1.25 1.29 1.30 1.28 1.27 1.26 1.29 1.31 1.30 1.30 1.25 1.25 1.23 1.24 1.24 1.24 1.23 1.21 1.18 1.13 1.10 1.15 1.17 1.21 1.22 1.23 1.23 1.23 1.23 1.22 1.18 1.18 1.18 1.15 1.14 1.11 1.09 1.07 1.03 1.06 1.10 1.13 1.14 1.13 1.14 1.14 1.14 1.14
0.96 0.97 0.98 0.99 1.00 1.01 1.01 1.01 1.01 1.01 1.03 1.03 1.03 1.04 1.04 1.06 1.10 1.15 1.21 1.22 1.18 1.13 1.08 1.06 1.05 1.04 1.04 1.16 1.16 1.16 1.16 1.16 1.17 1.20 1.21 1.22 1.23 1.25 1.28 1.27 1.26 1.26 1.29 1.30 1.30 1.25 1.25 1.25 1.24 1.24 1.24 1.24 1.23 1.22 1.20 1.18 1.17 1.19 1.20 1.21 1.22 1.23 1.23 1.23 1.22 1.22 1.22 1.18 1.15 1.15 1.14 1.11 1.10 1.09 1.11 1.11 1.12 1.14 1.13 1.13 1.14 1.14 1.14 1.14
0.99 0.99 0.99 1.00 1.00 1.01 1.01 1.01 1.01 1.01 1.01 1.01 1.03 1.03 1.04 1.05 1.06 1.09 1.13 1.13 1.12 1.10 1.08 1.05 1.04 1.04 1.04 1.11 1.16 1.16 1.16 1.16 1.16 1.20 1.20 1.21 1.21 1.22 1.26 1.26 1.26 1.25 1.30 1.30 1.24 1.24 1.24 1.25 1.25 1.25 1.25 1.25 1.24 1.24 1.23 1.21 1.21 1.21 1.22 1.23 1.23 1.23 1.23 1.22 1.22 1.22 1.22 1.22 1.15 1.15 1.15 1.12 1.11 1.14 1.13 1.13 1.14 1.13 1.13 1.13 1.14 1.14 1.14 1.14
1.00 1.00 1.00 1.00 1.01 1.01 1.01 1.01 1.01 1.01 1.01 1.01 1.01 1.03 1.03 1.03 1.04 1.05 1.08 1.08 1.08 1.07 1.06 1.04 1.04 1.04 1.04 1.04 1.16 1.16 1.16 1.16 1.20 1.20 1.20 1.20 1.21 1.21 1.26 1.26 1.25 1.25 1.30 1.24 1.24 1.24 1.24 1.26 1.25 1.26 1.26 1.25 1.25 1.25 1.24 1.23 1.23 1.23 1.23 1.23 1.24 1.23 1.22 1.23 1.23 1.23 1.23 1.23 1.15 1.15 1.15 1.15 1.12 1.15 1.14 1.14 1.13 1.13 1.13 1.14 1.14 1.14 1.14 1.13
1.00 1.00 1.01 1.01 1.01 1.01 1.01 1.01 1.01 1.01 1.01 1.01 1.01 1.00 1.00 1.02 1.02 1.02 1.03 1.06 1.05 1.05 1.05 1.05 1.03 1.03 1.03 1.04 1.09 1.15 1.16 1.16 1.16 1.20 1.20 1.20 1.20 1.24 1.25 1.25 1.25 1.25 1.21 1.24 1.24 1.23 1.23 1.24 1.25 1.26 1.27 1.28 1.27 1.26 1.25 1.25 1.24 1.23 1.24 1.24 1.24 1.23 1.23 1.23 1.24 1.24 1.23 1.23 1.23 1.16 1.15 1.15 1.15 1.15 1.15 1.13 1.13 1.14 1.14 1.14 1.14 1.13 1.13 1.13
1.01 1.01 1.01 1.01 1.01 1.01 1.01 1.01 1.01 1.01 1.01 1.01 1.00 1.00 0.99 0.99 1.00 1.00 1.00 1.03 1.03 1.03 1.03 1.03 1.03 1.02 1.03 1.03 1.08 1.15 1.15 1.16 1.18 1.18 1.20 1.20 1.20 1.24 1.25 1.25 1.25 1.19 1.20 1.23 1.23 1.22 1.23 1.23 1.25 1.27 1.29 1.31 1.31 1.29 1.27 1.26 1.24 1.24 1.24 1.24 1.23 1.24 1.24 1.24 1.25 1.25 1.25 1.24 1.23 1.16 1.16 1.15 1.15 1.16 1.14 1.14 1.14 1.14 1.14 1.14 1.13 1.13 1.12 1.12
1.02 1.01 1.01 1.01 1.01 1.01 1.01 1.02 1.02 1.02 1.02 1.01 0.99 0.98 0.97 0.97 0.97 0.98 0.97 0.97 1.00 1.00 1.00 0.99 1.00 1.00 1.02 1.02 1.07 1.08 1.15 1.15 1.18 1.18 1.20 1.20 1.20 1.24 1.23 1.25 1.19 1.19 1.20 1.23 1.21 1.20 1.19 1.20 1.24 1.29 1.34 1.37 1.36 1.33 1.29 1.26 1.24 1.24 1.24 1.24 1.24 1.25 1.26 1.26 1.28 1.29 1.28 1.26 1.20 1.19 1.16 1.19 1.18 1.14 1.14 1.14 1.14 1.14 1.14 1.13 1.13 1.12 1.11 1.09
1.02 1.01 1.01 1.01 1.01 1.01 1.02 1.02 1.03 1.04 1.03 1.01 0.98 0.95 0.93 0.94 0.95 0.92 0.92 0.91 0.96 0.97 0.95 0.93 0.95 0.99 1.00 1.02 1.06 1.07 1.08 1.14 1.14 1.18 1.19 1.20 1.20 1.24 1.23 1.19 1.19 1.20 1.20 1.18 1.19 1.16 1.12 1.13 1.21 1.31 1.42 1.50 1.46 1.38 1.32 1.28 1.24 1.21 1.22 1.24 1.25 1.26 1.27 1.29 1.32 1.35 1.33 1.25 1.22 1.20 1.21 1.19 1.19 1.14 1.14 1.14 1.14 1.14 1.14 1.13 1.13 1.11 1.08 1.05
1.02 1.02 1.01 1.01 1.01 1.01 1.02 1.02 1.04 1.06 1.05 1.01 0.98 0.92 0.87 0.91 0.93 0.89 0.83 0.84 0.92 0.95 0.91 0.83 0.89 0.97 1.01 1.01 1.03 1.06 1.07 1.13 1.14 1.18 1.18 1.20 1.21 1.20 1.23 1.19 1.19 1.20 1.19 1.17 1.14 1.13 1.01 1.02 1.19 1.33 1.50 1.72 1.58 1.42 1.33 1.27 1.21 1.21 1.22 1.25 1.27 1.28 1.28 1.31 1.37 1.46 1.36 1.27 1.22 1.20 1.21 1.19 1.19 1.14 1.14 1.14 1.14 1.14 1.14 1.13 1.11 1.09 1.07 1.01
1.02 1.02 1.02 1.01 1.01 1.01 1.02 1.02 1.04 1.05 1.04 1.01 0.98 0.93 0.90 0.92 0.93 0.92 0.87 0.86 0.91 0.95 0.93 0.87 0.91 0.97 1.01 1.01 1.02 1.06 1.08 1.14 1.14 1.18 1.18 1.20 1.21 1.18 1.17 1.17 1.20 1.20 1.19 1.18 1.15 1.14 1.05 1.07 1.20 1.32 1.47 1.62 1.54 1.41 1.31 1.26 1.23 1.23 1.22 1.25 1.26 1.27 1.28 1.30 1.36 1.39 1.34 1.26 1.22 1.20 1.22 1.21 1.20 1.14 1.14 1.14 1.14 1.14 1.14 1.12 1.11 1.10 1.07 1.04
1.02 1.02 1.02 1.01 1.01 1.01 1.01 1.02 1.02 1.03 1.02 1.01 0.99 0.97 0.95 0.95 0.96 0.95 0.93 0.93 0.95 0.96 0.95 0.96 0.97 1.00 1.02 1.03 1.03 1.07 1.08 1.14 1.14 1.18 1.18 1.19 1.21 1.18 1.18 1.17 1.20 1.20 1.19 1.18 1.18 1.15 1.15 1.17 1.23 1.30 1.38 1.44 1.42 1.35 1.30 1.26 1.24 1.23 1.23 1.24 1.25 1.25 1.26 1.28 1.31 1.29 1.27 1.24 1.21 1.23 1.22 1.21 1.20 1.14 1.14 1.14 1.14 1.14 1.12 1.12 1.11 1.10 1.10 1.08
1.02 1.02 1.02 1.02 1.01 1.01 1.01 1.01 1.02 1.02 1.01 1.01 1.00 0.99 0.98 0.98 0.98 0.98 0.98 0.97 0.98 0.98 0.98 0.98 1.01 1.03 1.04 1.04 1.04 1.08 1.08 1.09 1.15 1.18 1.19 1.19 1.14 1.18 1.18 1.17 1.18 1.20 1.20 1.19 1.20 1.19 1.18 1.22 1.25 1.29 1.32 1.35 1.33 1.31 1.28 1.26 1.24 1.23 1.23 1.24 1.24 1.24 1.25 1.26 1.27 1.23 1.23 1.21 1.20 1.22 1.21 1.21 1.20 1.19 1.14 1.14 1.14 1.12 1.12 1.12 1.11 1.13 1.12 1.11
1.01 1.01 1.01 1.01 1.00 1.00 1.01 1.01 1.01 1.01 1.01 1.01 1.00 1.00 1.00 1.00 1.00 0.99 1.00 1.00 1.00 1.00 1.00 1.00 1.01 1.04 1.05 1.05 1.05 1.09 1.09 1.09 1.15 1.18 1.19 1.19 1.15 1.18 1.17 1.17 1.18 1.20 1.20 1.22 1.21 1.21 1.21 1.25 1.26 1.28 1.28 1.29 1.29 1.28 1.27 1.25 1.25 1.24 1.23 1.23 1.23 1.23 1.24 1.24 1.24 1.20 1.20 1.19 1.22 1.21 1.21 1.21 1.19 1.19 1.14 1.14 1.12 1.12 1.12 1.12 1.14 1.13 1.13 1.13
1.01 1.01 1.01 1.01 1.01 1.00 1.00 1.00 1.01 1.01 1.01 1.00 1.01 1.01 1.01 1.01 1.01 1.01 1.01 1.01 1.01 1.02 1.02 1.02 1.02 1.02 1.05 1.06 1.09 1.09 1.09 1.09 1.09 1.13 1.14 1.17 1.17 1.18 1.20 1.19 1.19 1.19 1.21 1.22 1.23 1.23 1.23 1.26 1.27 1.27 1.27 1.28 1.28 1.27 1.27 1.25 1.25 1.24 1.23 1.23 1.23 1.23 1.23 1.23 1.23 1.23 1.24 1.24 1.21 1.21 1.21 1.21 1.20 1.13 1.14 1.12 1.12 1.12 1.12 1.13 1.14 1.14 1.14 1.13
1.00 1.00 1.00 1.01 1.01 1.01 1.00 1.00 1.00 1.00 1.00 1.01 1.01 1.01 1.01 1.01 1.01 1.02 1.02 1.02 1.02 1.02 1.02 1.02 1.02 1.03 1.03 1.05 1.10 1.09 1.09 1.09 1.04 1.14 1.14 1.13 1.14 1.18 1.19 1.19 1.19 1.19 1.21 1.23 1.24 1.25 1.25 1.26 1.28 1.28 1.28 1.28 1.28 1.27 1.26 1.26 1.26 1.25 1.23 1.22 1.22 1.21 1.21 1.21 1.22 1.22 1.18 1.18 1.20 1.21 1.20 1.20 1.19 1.17 1.17 1.11 1.12 1.12 1.12 1.14 1.14 1.14 1.14 1.14
0.99 0.99 1.00 1.00 1.01 1.01 1.01 0.99 0.99 0.99 0.99 1.00 1.01 1.01 1.01 1.01 1.02 1.03 1.03 1.03 1.03 1.03 1.03 1.02 1.03 1.03 1.03 1.04 1.10 1.09 1.09 1.04 1.04 1.08 1.15 1.14 1.15 1.19 1.20 1.19 1.20 1.20 1.22 1.24 1.25 1.27 1.30 1.30 1.30 1.30 1.29 1.29 1.29 1.29 1.28 1.28 1.27 1.26 1.24 1.22 1.20 1.20 1.20 1.20 1.20 1.20 1.16 1.17 1.20 1.20 1.20 1.24 1.16 1.15 1.15 1.15 1.11 1.11 1.12 1.14 1.14 1.14 1.14 1.14
0.96 0.97 0.98 1.00 1.00 1.01 1.01 0.99 0.98 0.97 0.99 1.00 1.00 1.01 1.01 0.97 0.97 0.98 1.04 1.04 1.03 1.00 0.99 0.99 1.02 1.03 1.04 1.04 1.05 1.04 1.04 1.04 1.08 1.09 1.15 1.15 1.16 1.21 1.21 1.20 1.20 1.20 1.22 1.25 1.27 1.33 1.37 1.35 1.34 1.32 1.32 1.33 1.33 1.32 1.32 1.31 1.31 1.28 1.24 1.21 1.18 1.17 1.17 1.18 1.17 1.17 1.18 1.18 1.19 1.24 1.24 1.24 1.15 1.13 1.11 1.11 1.09 1.11 1.12 1.13 1.14 1.14 1.14 1.14
0.90 0.93 0.97 0.99 1.00 1.01 0.96 0.95 0.94 0.95 0.96 0.99 0.95 0.97 0.98 0.98 0.98 0.99 1.06 1.06 1.02 1.00 1.00 1.00 1.00 1.00 1.01 1.05 1.07 1.03 1.02 1.04 1.08 1.09 1.15 1.16 1.23 1.24 1.26 1.21 1.20 1.22 1.22 1.26 1.28 1.37 1.47 1.46 1.39 1.36 1.37 1.40 1.37 1.34 1.34 1.37 1.38 1.31 1.25 1.19 1.12 1.12 1.15 1.16 1.14 1.10 1.14 1.16 1.19 1.24 1.24 1.23 1.14 1.10 1.04 1.05 1.07 1.10 1.11 1.13 1.14 1.14 1.14 1.11
0.86 0.90 0.93 0.95 0.95 0.96 0.96 0.95 0.94 0.93 0.93 0.94 0.96 0.97 0.98 0.98 0.98 0.99 1.03 1.04 1.02 1.00 1.00 1.00 1.00 1.00 1.01 1.05 1.09 1.04 1.02 1.08 1.11 1.12 1.15 1.20 1.24 1.26 1.26 1.23 1.24 1.27 1.25 1.28 1.28 1.35 1.47 1.49 1.41 1.37 1.37 1.42 1.38 1.34 1.34 1.38 1.43 1.31 1.25 1.19 1.11 1.11 1.15 1.16 1.19 1.14 1.18 1.20 1.23 1.18 1.18 1.17 1.14 1.10 1.02 1.04 1.11 1.13 1.11 1.12 1.13 1.13 1.11 1.11
0.91 0.92 0.94 0.95 0.96 0.96 0.96 0.97 0.96 0.96 0.94 0.95 0.96 0.97 0.97 0.97 0.97 0.98 1.01 1.01 1.00 1.00 0.99 0.99 0.99 1.00 1.00 1.01 1.08 1.08 1.08 1.08 1.11 1.12 1.12 1.20 1.21 1.24 1.23 1.22 1.24 1.24 1.25 1.28 1.30 1.36 1.40 1.43 1.40 1.38 1.38 1.35 1.34 1.32 1.32 1.38 1.38 1.35 1.24 1.20 1.17 1.23 1.25 1.26 1.24 1.25 1.23 1.22 1.24 1.18 1.18 1.17 1.15 1.12 1.10 1.10 1.12 1.14 1.15 1.12 1.13 1.13 1.11 1.11
0.94 0.94 0.95 0.95 0.96 0.96 0.96 0.98 0.97 0.97 0.97 0.95 0.96 0.96 0.97 0.97 0.97 0.99 0.99 0.99 0.99 0.99 0.99 0.99 0.99 0.99 1.00 1.00 1.08 1.08 1.09 1.08 1.11 1.11 1.11 1.19 1.20 1.22 1.22 1.21 1.24 1.24 1.25 1.27 1.28 1.32 1.41 1.41 1.37 1.36 1.35 1.35 1.35 1.34 1.36 1.36 1.35 1.34 1.32 1.30 1.29 1.28 1.28 1.28 1.28 1.31 1.30 1.32 1.27 1.27 1.18 1.18 1.16 1.15 1.14 1.14 1.14 1.15 1.16 1.12 1.13 1.11 1.11 1.11
0.95 0.95 0.95 0.96 0.96 0.96 0.98 0.98 0.98 0.98 0.98 0.96 0.96 0.96 0.96 0.96 0.97 0.98 0.98 0.98 0.98 0.99 0.99 0.99 0.99 0.99 0.99 1.03 1.08 1.09 1.09 1.09 1.07 1.11 1.11 1.19 1.19 1.22 1.21 1.21 1.24 1.24 1.24 1.26 1.35 1.36 1.36 1.38 1.34 1.33 1.33 1.33 1.33 1.33 1.34 1.34 1.34 1.33 1.33 1.32 1.31 1.31 1.31 1.31 1.34 1.35 1.33 1.34 1.28 1.28 1.28 1.28 1.17 1.17 1.16 1.15 1.15 1.16 1.13 1.13 1.14 1.11 1.11 1.11
0.96 0.96 0.96 0.96 0.96 0.98 0.98 0.98 1.00 1.00 1.00 1.00 0.96 0.96 0.96 0.96 0.96 0.98 0.98 0.98 0.98 0.99 0.99 0.98 0.98 0.98 1.05 1.05 1.09 1.09 1.09 1.09 1.09 1.12 1.12 1.19 1.16 1.16 1.23 1.23 1.23 1.22 1.24 1.34 1.34 1.34 1.34 1.36 1.35 1.32 1.31 1.31 1.31 1.31 1.31 1.33 1.33 1.32 1.33 1.32 1.32 1.32 1.32 1.32 1.30 1.30 1.32 1.34 1.28 1.28 1.28 1.28 1.18 1.27 1.23 1.16 1.16 1.13 1.13 1.14 1.14 1.14 1.11 1.12
0.96 0.96 0.96 0.96 0.97 0.97 1.00 1.00 1.00 1.00 1.00 1.00 1.00 0.96 0.96 0.96 0.96 0.96 0.98 0.98 0.99 0.99 0.98 0.98 0.98 1.04 1.04 1.04 1.05 1.08 1.08 1.09 1.10 1.13 1.13 1.13 1.12 1.17 1.23 1.23 1.31 1.31 1.32 1.33 1.33 1.33 1.32 1.34 1.33 1.33 1.29 1.29 1.29 1.29 1.29 1.31 1.31 1.31 1.32 1.32 1.32 1.32 1.30 1.31 1.31 1.28 1.29 1.29 1.28 1.28 1.28 1.28 1.26 1.26 1.24 1.24 1.13 1.13 1.14 1.14 1.14 1.14 1.09 1.09
0.96 0.96 0.96 0.97 0.97 0.97 0.98 0.98 1.01 1.02 1.01 1.01 1.00 0.99 0.96 0.96 0.96 0.97 0.98 0.98 0.99 0.99 0.98 0.98 1.03 1.03 1.03 1.03 1.04 1.07 1.08 1.08 1.10 1.13 1.13 1.13 1.12 1.17 1.17 1.23 1.31 1.32 1.32 1.31 1.32 1.31 1.30 1.31 1.31 1.31 1.30 1.26 1.26 1.27 1.27 1.29 1.29 1.30 1.31 1.31 1.31 1.30 1.30 1.30 1.30 1.28 1.28 1.29 1.27 1.29 1.29 1.29 1.26 1.26 1.24 1.23 1.23 1.23 1.12 1.14 1.14 1.14 1.15 1.10
0.96 0.96 0.97 0.97 0.97 0.98 0.98 0.99 1.01 1.04 1.03 1.02 1.00 0.99 0.98 0.95 0.96 0.97 1.00 1.00 1.00 0.99 0.97 1.02 1.02 1.02 1.02 1.02 1.02 1.06 1.07 1.09 1.10 1.13 1.13 1.13 1.15 1.17 1.17 1.25 1.32 1.32 1.31 1.31 1.31 1.29 1.27 1.26 1.27 1.27 1.26 1.24 1.25 1.24 1.24 1.24 1.25 1.27 1.29 1.30 1.28 1.29 1.29 1.30 1.29 1.27 1.28 1.27 1.27 1.27 1.26 1.26 1.26 1.21 1.23 1.23 1.23 1.12 1.13 1.13 1.13 1.14 1.13 1.10
0.96 0.97 0.97 0.97 0.97 0.98 0.99 1.00 1.03 1.07 1.05 1.03 1.00 0.97 0.96 0.97 0.99 0.99 1.01 1.03 1.01 0.99 1.01 0.99 0.99 1.01 1.01 1.01 1.00 1.04 1.07 1.09 1.10 1.15 1.15 1.16 1.15 1.17 1.25 1.26 1.26 1.26 1.32 1.30 1.29 1.25 1.20 1.19 1.23 1.23 1.19 1.14 1.18 1.23 1.21 1.18 1.18 1.23 1.27 1.27 1.26 1.27 1.28 1.29 1.28 1.23 1.24 1.25 1.27 1.27 1.26 1.26 1.26 1.21 1.19 1.19 1.19 1.20 1.20 1.20 1.20 1.14 1.16 1.18
0.98 0.97 0.97 0.97 0.97 0.98 0.99 1.01 1.05 1.12 1.10 1.04 1.00 0.96 0.93 0.95 0.97 1.00 1.04 1.07 1.05 1.03 1.00 0.95 0.98 1.01 1.01 0.99 0.96 1.01 1.07 1.10 1.11 1.15 1.15 1.16 1.16 1.17 1.26 1.26 1.26 1.26 1.26 1.25 1.28 1.23 1.14 1.13 1.21 1.22 1.16 1.05 1.14 1.22 1.24 1.18 1.11 1.21 1.21 1.22 1.22 1.24 1.26 1.26 1.24 1.22 1.24 1.25 1.26 1.26 1.24 1.24 1.21 1.20 1.20 1.20 1.20 1.20 1.20 1.20 1.20 1.21 1.22 1.24
0.98 0.98 0.97 0.97 0.97 0.98 0.99 1.00 1.03 1.07 1.06 1.03 1.00 0.98 0.95 0.96 0.97 0.99 1.02 1.04 1.05 1.04 1.01 0.99 1.01 1.02 1.02 1.01 1.01 1.07 1.10 1.10 1.11 1.15 1.15 1.17 1.17 1.25 1.27 1.27 1.26 1.26 1.26 1.25 1.23 1.22 1.21 1.20 1.23 1.24 1.20 1.16 1.20 1.25 1.26 1.21 1.17 1.19 1.22 1.23 1.23 1.25 1.26 1.26 1.24 1.24 1.24 1.25 1.26 1.26 1.24 1.24 1.23 1.20 1.20 1.20 1.20 1.20 1.20 1.20 1.20 1.22 1.20 1.22
0.98 0.99 0.99 0.97 0.97 0.98 0.98 0.99 1.02 1.03 1.03 1.01 1.00 0.99 0.96 0.98 0.99 0.99 1.05 1.06 1.05 1.04 1.03 1.02 1.04 1.04 1.05 1.04 1.04 1.10 1.12 1.11 1.12 1.13 1.16 1.17 1.17 1.25 1.25 1.27 1.28 1.28 1.26 1.25 1.24 1.24 1.27 1.26 1.22 1.27 1.26 1.25 1.28 1.27 1.23 1.25 1.25 1.21 1.23 1.24 1.25 1.27 1.27 1.27 1.27 1.25 1.25 1.26 1.26 1.24 1.24 1.24 1.23 1.20 1.20 1.20 1.20 1.20 1.20 1.22 1.22 1.18 1.19 1.19
0.99 0.99 0.99 0.99 0.99 0.99 0.98 1.01 1.01 1.01 1.01 1.00 1.00 0.99 0.98 0.98 0.99 1.05 1.05 1.05 1.08 1.05 1.04 1.04 1.03 1.05 1.07 1.07 1.06 1.12 1.12 1.12 1.13 1.16 1.16 1.17 1.25 1.25 1.25 1.28 1.28 1.28 1.26 1.27 1.28 1.26 1.25 1.24 1.24 1.31 1.30 1.29 1.30 1.30 1.29 1.29 1.29 1.28 1.28 1.25 1.25 1.25 1.26 1.28 1.28 1.26 1.26 1.26 1.23 1.23 1.23 1.24 1.24 1.20 1.20 1.20 1.20 1.20 1.21 1.21 1.23 1.17 1.18 1.22
0.99 0.99 0.99 0.99 0.99 0.99 0.99 0.99 1.00 1.00 1.01 1.01 0.99 0.99 0.99 0.99 1.05 1.06 1.06 1.09 1.09 1.08 1.08 1.04 1.04 1.06 1.06 1.08 1.13 1.12 1.13 1.13 1.13 1.16 1.17 1.18 1.26 1.26 1.26 1.26 1.29 1.28 1.28 1.27 1.28 1.28 1.27 1.26 1.25 1.25 1.25 1.32 1.32 1.31 1.32 1.32 1.32 1.30 1.30 1.30 1.26 1.26 1.26 1.26 1.26 1.29 1.23 1.23 1.23 1.23 1.24 1.26 1.26 1.25 1.20 1.25 1.22 1.21 1.21 1.21 1.17 1.17 1.22 1.22
1.00 1.00 1.00 1.00 0.99 0.99 0.99 0.99 1.00 1.01 1.01 1.01 1.03 1.03 1.02 1.06 1.06 1.06 1.09 1.09 1.09 1.09 1.09 1.09 1.07 1.07 1.07 1.07 1.08 1.14 1.09 1.14 1.13 1.17 1.23 1.27 1.27 1.28 1.28 1.27 1.30 1.29 1.30 1.28 1.29 1.28 1.29 1.26 1.26 1.26 1.27 1.28 1.33 1.34 1.35 1.35 1.35 1.33 1.32 1.31 1.26 1.28 1.26 1.26 1.26 1.25 1.22 1.22 1.24 1.24 1.27 1.25 1.26 1.26 1.32 1.27 1.27 1.27 1.27 1.27 1.26 1.21 1.26 1.26
1.02 1.01 1.04 1.04 1.03 1.03 1.03 1.02 1.02 1.02 1.03 1.03 1.03 1.03 1.03 1.03 1.10 1.10 1.10 1.10 1.10 1.09 1.09 1.09 1.09 1.07 1.07 1.08 1.08 1.10 1.10 1.14 1.16 1.16 1.17 1.27 1.30 1.31 1.30 1.31 1.30 1.31 1.30 1.30 1.29 1.28 1.27 1.27 1.27 1.27 1.29 1.29 1.31 1.35 1.38 1.40 1.40 1.39 1.37 1.28 1.27 1.28 1.28 1.25 1.25 1.28 1.22 1.23 1.24 1.27 1.27 1.26 1.27 1.30 1.33 1.35 1.29 1.28 1.31 1.31 1.31 1.26 1.26 1.26
1.08 1.07 1.06 1.04 1.04 1.02 1.02 1.02 1.02 1.02 1.02 1.02 1.03 1.03 1.03 1.03 1.10 1.10 1.10 1.10 1.10 1.10 1.10 1.10 1.10 1.10 1.10 1.10 1.08 1.12 1.12 1.15 1.16 1.17 1.27 1.30 1.33 1.36 1.37 1.34 1.32 1.32 1.31 1.30 1.31 1.31 1.27 1.27 1.28 1.28 1.29 1.30 1.33 1.38 1.43 1.49 1.51 1.47 1.41 1.35 1.32 1.25 1.24 1.28 1.25 1.29 1.23 1.24 1.27 1.27 1.27 1.27 1.33 1.35 1.37 1.38 1.37 1.33 1.32 1.31 1.36 1.35 1.26 1.26
1.13 1.10 1.07 1.04 1.03 1.03 1.02 1.02 1.02 1.02 1.02 1.02 1.02 1.03 1.03 1.10 1.10 1.10 1.10 1.10 1.10 1.10 1.10 1.10 1.10 1.10 1.10 1.10 1.10 1.10 1.12 1.12 1.16 1.18 1.28 1.33 1.41 1.48 1.46 1.39 1.34 1.30 1.31 1.30 1.31 1.32 1.29 1.28 1.28 1.28 1.30 1.31 1.37 1.42 1.51 1.65 1.70 1.59 1.47 1.37 1.33 1.31 1.29 1.28 1.26 1.26 1.23 1.26 1.27 1.27 1.30 1.31 1.35 1.39 1.47 1.46 1.42 1.39 1.35 1.34 1.36 1.36 1.30 1.30
1.21 1.14 1.08 1.05 1.03 1.03 1.02 1.02 1.02 1.02 1.02 1.02 1.02 1.02 1.03 1.10 1.10 1.10 1.10 1.10 1.10 1.10 1.10 1.10 1.12 1.12 1.12 1.12 1.10 1.15 1.15 1.14 1.15 1.26 1.29 1.36 1.48 1.67 1.57 1.42 1.35 1.31 1.31 1.31 1.30 1.32 1.32 1.30 1.30 1.31 1.32 1.32 1.37 1.44 1.57 1.83 2.02 1.70 1.50 1.38 1.33 1.31 1.30 1.25 1.25 1.26 1.26 1.26 1.28 1.29 1.30 1.31 1.36 1.46 1.56 1.54 1.44 1.40 1.36 1.35 1.30 1.30 1.30 1.29
