data/Validacao/Mg.grd
DSAA
94	94
0.0000	100.0000
0.0000	100.0000
5.6111	31.1329
[rows 0 to 33 of 94, columns 0 to 76 of 94]
12.68 12.17 11.59 11.17 10.86 10.63 10.47 10.63 10.57 10.53 10.53 10.54 10.58 10.64 10.83 10.95 11.13 11.35 11.69 11.75 11.36 11.09 10.88 10.73 10.63 10.78 10.76 10.67 10.70 10.82 10.89 10.99 11.07 11.24 11.49 11.81 12.25 12.72 12.48 12.03 11.69 11.45 11.37 11.30 11.22 11.16 11.00 10.98 11.10 11.08 11.13 11.11 11.08 11.06 11.09 11.09 11.03 11.07 11.14 11.23 11.28 11.33 11.38 11.56 11.62 11.70 12.07 12.18 12.32 12.40 12.63 13.13 13.50 13.99 14.60 14.57 14.09
12.17 11.91 11.47 11.10 10.81 10.60 10.45 10.35 10.29 10.51 10.51 10.53 10.57 10.63 10.80 10.91 11.06 11.23 11.43 11.44 11.19 10.97 10.78 10.64 10.55 10.50 10.68 10.61 10.64 10.69 10.84 10.94 11.03 11.20 11.44 11.73 12.07 12.32 12.24 11.93 11.65 11.44 11.37 11.30 11.23 11.18 11.03 11.01 11.13 11.18 11.16 11.13 11.09 11.05 11.17 11.08 11.02 11.02 11.15 11.15 11.20 11.24 11.29 11.48 11.55 11.50 12.00 12.12 12.27 12.35 12.58 13.06 13.40 13.81 14.29 14.21 13.89
11.59 11.47 11.22 10.95 10.72 10.53 10.40 10.31 10.25 10.23 10.48 10.51 10.55 10.61 10.76 10.84 10.93 11.03 11.08 11.05 10.91 10.67 10.62 10.51 10.44 10.40 10.41 10.52 10.56 10.62 10.78 10.88 11.01 11.12 11.32 11.54 11.76 11.87 11.88 11.72 11.54 11.38 11.34 11.30 11.25 10.89 11.07 11.06 10.68 11.23 11.20 11.16 11.11 11.18 11.10 11.07 11.00 10.97 11.00 11.05 11.09 11.13 11.18 11.37 11.32 11.41 11.52 12.04 12.10 12.27 12.48 12.93 13.20 13.47 13.77 13.77 13.62
11.15 11.09 10.94 10.76 10.59 10.44 10.33 10.25 10.20 10.19 10.21 10.25 10.52 10.58 10.71 10.75 10.78 10.80 10.77 10.71 10.55 10.42 10.30 10.33 10.28 10.28 10.28 10.52 10.45 10.78 10.87 10.79 10.92 11.02 11.17 11.34 11.48 11.57 11.59 11.51 11.40 11.30 11.35 11.29 10.95 10.93 11.12 11.12 10.88 10.88 11.26 11.21 11.14 11.18 11.07 11.03 10.94 10.91 10.88 10.87 10.94 10.98 11.04 11.11 11.20 11.30 11.42 11.55 11.99 12.16 12.35 12.76 12.97 13.29 13.40 13.42 13.35
10.84 10.80 10.70 10.58 10.45 10.33 10.24 10.17 10.14 10.14 10.17 10.23 10.30 10.56 10.67 10.67 10.64 10.59 10.49 10.40 10.24 10.14 10.05 10.10 10.09 10.10 10.12 10.17 10.32 10.64 10.75 10.86 10.70 10.90 11.03 11.16 11.26 11.33 11.36 11.33 11.28 11.23 11.31 10.99 10.98 10.99 11.00 11.11 11.00 11.00 10.98 11.28 11.32 11.19 11.04 10.89 10.83 10.77 10.71 10.68 10.69 10.77 10.84 10.93 11.04 11.17 11.30 11.44 11.87 12.04 12.21 12.38 12.76 13.04 13.13 13.16 13.22
10.61 10.57 10.51 10.42 10.32 10.22 10.14 10.07 10.04 10.06 10.12 10.21 10.32 10.40 10.43 10.62 10.52 10.38 10.24 10.03 9.92 9.83 9.77 9.74 9.85 9.88 9.93 9.99 10.24 10.48 10.61 10.74 10.88 10.79 10.90 11.01 11.09 11.23 11.20 11.20 11.18 11.16 10.90 11.00 11.02 11.06 11.10 11.11 11.14 11.16 11.14 11.21 11.39 11.20 10.99 10.78 10.67 10.57 10.48 10.43 10.42 10.50 10.59 10.71 10.85 11.00 11.15 11.31 11.47 11.90 12.06 12.22 12.53 12.85 12.92 13.06 13.06
10.44 10.41 10.36 10.28 10.20 10.11 10.03 9.96 9.92 9.94 10.04 10.19 10.36 10.49 10.53 10.43 10.43 10.18 9.94 9.69 9.57 9.49 9.45 9.44 9.46 9.61 9.69 9.78 9.99 10.29 10.45 10.62 10.76 10.90 10.79 10.89 10.96 11.10 11.07 11.09 11.10 10.82 10.88 11.02 11.08 11.15 11.33 11.28 11.33 11.37 11.38 11.41 11.23 11.23 10.92 10.62 10.47 10.29 10.17 10.09 10.06 10.11 10.27 10.44 10.62 10.80 10.98 11.16 11.34 11.77 11.93 12.08 12.38 12.69 12.87 12.91 12.93
10.49 10.29 10.24 10.18 10.10 10.01 9.92 9.82 9.76 9.77 9.91 10.16 10.44 10.67 10.73 10.56 10.22 9.97 9.60 9.31 9.18 9.13 9.09 9.07 9.13 9.32 9.44 9.55 9.75 9.93 10.29 10.49 10.66 10.81 10.88 10.80 10.87 11.01 10.88 11.02 10.74 10.78 10.88 11.04 11.14 11.35 11.47 11.48 11.56 11.64 11.77 11.71 11.47 11.07 10.83 10.40 10.10 9.94 9.80 9.67 9.60 9.67 9.87 10.14 10.36 10.57 10.79 11.01 11.20 11.37 11.82 12.14 12.26 12.68 12.75 12.80 12.83
10.41 10.20 10.16 10.10 10.02 9.93 9.82 9.69 9.56 9.52 9.72 10.10 10.55 10.96 11.11 10.79 10.23 9.66 9.14 8.82 8.72 8.78 8.72 8.66 8.77 8.98 9.20 9.30 9.47 9.72 9.99 10.38 10.58 10.74 10.81 10.90 10.89 10.94 10.82 10.64 10.69 10.79 10.87 11.07 11.21 11.46 11.63 11.70 11.79 11.97 12.12 12.14 11.79 11.21 10.64 10.03 9.69 9.50 9.37 9.23 9.04 9.13 9.48 9.84 10.10 10.33 10.59 10.85 11.09 11.28 11.61 12.05 12.17 12.59 12.66 12.72 12.75
10.35 10.32 10.10 10.04 9.97 9.87 9.75 9.59 9.40 9.19 9.48 10.04 10.61 11.23 11.64 11.01 10.23 9.49 8.67 8.26 8.44 8.55 8.45 8.22 8.46 8.81 9.01 9.11 9.18 9.57 9.92 10.32 10.54 10.66 10.77 10.86 10.60 10.89 10.77 10.60 10.66 10.83 10.96 11.08 11.25 11.52 11.79 11.91 11.93 12.13 12.40 12.69 12.12 11.31 10.59 9.79 9.20 9.24 9.16 8.93 8.46 8.59 9.20 9.64 9.92 10.09 10.42 10.75 11.01 11.21 11.54 11.98 12.10 12.52 12.60 12.65 12.69
10.32 10.29 10.24 10.01 9.94 9.84 9.72 9.57 9.40 9.27 9.51 10.00 10.54 11.08 11.35 10.87 10.16 9.37 8.68 8.37 8.45 8.55 8.47 8.35 8.53 8.84 9.05 9.18 9.28 9.63 9.95 10.34 10.54 10.65 10.75 10.83 10.57 10.71 10.83 10.88 10.73 10.81 10.94 11.06 11.23 11.50 11.74 11.86 11.94 12.08 12.32 12.48 12.02 11.30 10.54 9.83 9.35 9.30 9.24 9.02 8.66 8.76 9.25 9.65 9.91 10.12 10.42 10.73 10.98 11.17 11.51 11.64 11.92 12.46 12.54 12.60 12.64
10.31 10.27 10.23 10.00 9.93 9.84 9.74 9.62 9.52 9.50 9.67 9.98 10.35 10.66 10.75 10.49 9.94 9.42 8.95 8.71 8.69 8.68 8.66 8.73 8.85 9.06 9.24 9.38 9.58 9.85 10.10 10.42 10.58 10.66 10.75 10.50 10.55 10.68 10.72 10.84 10.70 10.78 10.91 11.03 11.30 11.44 11.53 11.66 11.77 11.87 11.97 11.95 11.67 11.14 10.61 10.11 9.78 9.65 9.49 9.31 9.25 9.30 9.55 9.83 10.06 10.29 10.53 10.77 10.98 11.33 11.49 11.61 11.88 12.42 12.50 12.55 12.60
10.31 10.28 10.23 10.16 9.94 9.86 9.77 9.68 9.63 9.64 9.74 9.93 10.15 10.31 10.24 10.08 9.78 9.44 9.19 8.98 8.94 8.91 8.92 8.98 9.16 9.32 9.49 9.64 9.87 10.12 10.29 10.42 10.66 10.70 10.47 10.50 10.33 10.65 10.69 10.79 10.96 10.75 10.88 10.98 11.24 11.35 11.45 11.50 11.56 11.61 11.63 11.57 11.32 11.03 10.69 10.43 10.15 10.05 9.88 9.73 9.63 9.76 9.88 10.05 10.23 10.44 10.63 10.82 11.00 11.33 11.48 11.60 11.86 11.94 12.45 12.51 12.56
10.32 10.29 10.24 10.17 9.77 9.70 9.80 9.73 9.68 9.69 9.75 9.85 9.97 9.93 9.93 9.83 9.65 9.43 9.29 9.15 9.13 9.11 9.14 9.21 9.34 9.58 9.76 9.92 10.15 10.38 10.49 10.57 10.75 10.76 10.50 10.51 10.33 10.62 10.71 10.76 10.92 10.72 10.84 11.09 11.18 11.27 11.34 11.35 11.37 11.37 11.28 11.22 11.11 10.96 10.78 10.67 10.48 10.30 10.25 10.10 10.00 9.96 10.15 10.25 10.38 10.54 10.70 10.86 11.18 11.34 11.47 11.59 11.84 11.92 12.41 12.48 12.66
10.36 10.33 10.27 10.20 10.11 9.89 9.81 9.74 9.69 9.68 9.70 9.75 9.68 9.72 9.71 9.64 9.53 9.40 9.33 9.24 9.18 9.24 9.29 9.38 9.53 9.72 10.02 10.21 10.54 10.65 10.71 10.74 10.74 10.43 10.40 10.59 10.58 10.58 10.70 10.74 10.80 10.88 10.71 11.06 11.15 11.23 11.27 11.25 11.22 11.09 11.03 10.99 10.95 10.93 10.89 10.91 10.80 10.65 10.60 10.42 10.27 10.19 10.17 10.38 10.46 10.57 10.76 10.91 11.19 11.34 11.47 11.59 11.68 11.85 12.26 12.61 12.67
10.43 10.39 10.32 10.23 10.13 10.03 9.81 9.72 9.66 9.62 9.61 9.51 9.54 9.55 9.54 9.49 9.43 9.41 9.32 9.26 9.23 9.30 9.36 9.48 9.67 9.92 10.19 10.57 10.79 10.96 10.96 10.92 10.62 10.51 10.45 10.45 10.41 10.61 10.59 10.64 10.86 10.95 11.08 11.05 11.15 11.23 11.26 11.20 11.03 10.91 10.81 10.77 10.81 10.92 11.12 11.20 11.17 11.02 10.92 10.67 10.46 10.33 10.27 10.27 10.44 10.52 10.67 10.81 11.17 11.33 11.47 11.59 11.87 12.07 12.13 12.54 12.61
10.52 10.47 10.38 10.27 10.15 10.03 9.91 9.68 9.59 9.52 9.49 9.39 9.40 9.40 9.39 9.36 9.33 9.33 9.27 9.23 9.22 9.29 9.35 9.49 9.74 10.09 10.48 10.82 11.23 11.31 11.24 10.90 10.76 10.48 10.49 10.44 10.37 10.51 10.50 10.56 10.79 10.91 11.05 11.17 11.17 11.28 11.38 11.22 10.98 10.75 10.56 10.50 10.63 10.92 11.32 11.58 11.64 11.46 11.12 10.87 10.56 10.36 10.28 10.26 10.29 10.46 10.61 10.77 11.15 11.32 11.47 11.81 11.97 12.04 12.10 12.16 12.54
10.66 10.58 10.44 10.30 10.16 10.02 9.87 9.62 9.48 9.38 9.26 9.27 9.27 9.26 9.24 9.27 9.26 9.23 9.20 9.17 9.17 9.14 9.18 9.31 9.72 10.22 10.78 11.30 11.69 11.70 11.48 11.11 10.75 10.56 10.52 10.43 10.32 10.38 10.37 10.47 10.72 10.86 11.02 11.16 11.31 11.36 11.49 11.34 10.98 10.60 10.25 10.12 10.39 10.93 11.54 12.11 12.29 11.98 11.47 10.93 10.49 10.30 10.23 10.22 10.22 10.34 10.54 10.85 11.08 11.51 11.68 11.81 11.96 12.02 12.07 12.12 12.47
10.84 10.69 10.50 10.32 10.16 10.00 9.86 9.67 9.46 9.19 9.13 9.17 9.20 9.16 9.11 9.16 9.18 9.16 9.11 9.08 9.10 9.11 9.10 9.15 9.57 10.23 10.97 11.83 12.39 12.06 11.54 11.27 10.86 10.63 10.55 10.43 10.24 10.19 10.22 10.39 10.65 10.84 10.98 11.14 11.24 11.45 11.71 11.56 11.00 10.48 9.93 9.56 10.03 10.87 11.77 12.72 13.17 12.51 11.72 11.01 10.39 10.11 10.12 10.13 10.15 10.16 10.42 10.80 11.07 11.51 11.69 11.82 11.96 12.00 12.02 12.09 12.41
10.85 10.66 10.43 10.23 10.06 9.89 9.83 9.64 9.41 9.12 9.09 9.14 9.15 9.11 9.06 9.12 9.16 9.15 9.09 9.07 9.11 9.13 9.13 9.15 9.61 10.30 11.07 11.97 12.56 12.09 11.63 11.08 10.70 10.45 10.42 10.29 10.24 10.09 10.19 10.30 10.42 10.72 10.71 10.94 11.17 11.40 11.69 11.54 10.95 10.39 9.82 9.38 9.94 10.85 11.81 12.83 13.38 12.62 11.81 11.08 10.42 10.16 10.19 10.20 10.15 10.18 10.51 10.87 11.15 11.43 11.60 11.73 11.98 12.02 12.03 12.10 12.20
10.62 10.52 10.36 10.18 10.02 9.86 9.70 9.52 9.36 9.23 9.14 9.16 9.17 9.16 9.14 9.17 9.20 9.20 9.16 9.16 9.19 9.23 9.28 9.44 9.83 10.38 11.00 11.59 11.95 11.75 11.40 11.05 10.70 10.47 10.34 10.32 10.19 10.21 10.20 10.32 10.40 10.50 10.63 10.83 10.98 11.13 11.15 11.09 10.74 10.34 10.00 9.89 10.22 10.87 11.61 12.28 12.55 12.23 11.71 11.16 10.70 10.43 10.36 10.34 10.33 10.51 10.77 11.03 11.25 11.51 11.66 11.77 12.02 12.07 12.11 12.17 12.50
10.44 10.37 10.25 10.11 9.97 9.82 9.67 9.51 9.38 9.28 9.24 9.19 9.20 9.22 9.23 9.26 9.27 9.24 9.24 9.25 9.28 9.37 9.47 9.66 9.98 10.40 10.85 11.25 11.55 11.43 11.16 10.98 10.68 10.46 10.34 10.34 10.23 10.29 10.33 10.35 10.38 10.44 10.53 10.69 10.76 10.83 10.73 10.57 10.52 10.31 10.16 10.17 10.42 10.86 11.37 11.78 11.95 11.82 11.51 11.17 10.86 10.66 10.57 10.54 10.53 10.80 10.98 11.13 11.26 11.39 11.73 11.82 12.09 12.14 12.19 12.24 12.61
10.22 10.25 10.16 10.04 9.90 9.76 9.60 9.47 9.35 9.28 9.25 9.19 9.22 9.26 9.30 9.32 9.34 9.29 9.30 9.32 9.36 9.46 9.58 9.78 10.06 10.41 10.76 11.07 11.33 11.16 11.03 10.84 10.72 10.51 10.34 10.36 10.25 10.34 10.38 10.36 10.36 10.36 10.42 10.52 10.57 10.57 10.55 10.23 10.30 10.23 10.21 10.30 10.51 10.83 11.18 11.45 11.58 11.53 11.38 11.17 10.97 10.83 10.76 10.74 11.02 11.06 11.23 11.32 11.41 11.50 11.57 11.65 11.95 12.21 12.26 12.65 12.72
10.11 10.06 9.97 9.86 9.84 9.67 9.52 9.38 9.46 9.37 9.34 9.37 9.22 9.29 9.34 9.38 9.39 9.34 9.34 9.35 9.39 9.50 9.63 9.83 10.11 10.43 10.62 10.87 11.10 11.11 11.00 10.83 10.63 10.55 10.38 10.37 10.33 10.24 10.45 10.40 10.31 10.31 10.36 10.38 10.32 10.27 10.22 10.04 10.03 10.09 10.17 10.32 10.53 10.78 11.04 11.27 11.37 11.36 11.29 11.17 11.05 10.97 10.93 10.93 11.08 11.11 11.43 11.52 11.56 11.61 11.66 11.70 12.00 12.03 12.36 12.75 12.82
10.04 9.99 9.90 9.79 9.68 9.53 9.65 9.46 9.31 9.21 9.20 9.27 9.38 9.30 9.39 9.43 9.44 9.42 9.35 9.35 9.42 9.49 9.62 9.83 10.12 10.34 10.70 10.98 11.05 11.22 11.09 10.89 10.75 10.52 10.43 10.27 10.24 10.40 10.45 10.38 10.33 10.25 10.27 10.18 10.05 9.93 9.85 9.69 9.75 9.88 10.07 10.27 10.50 10.75 10.98 11.19 11.29 11.29 11.26 11.18 11.10 11.07 11.19 11.24 11.31 11.45 11.48 11.49 11.71 11.73 11.74 11.76 12.05 12.08 12.54 12.82 12.76
10.01 9.95 9.86 9.77 9.62 9.44 9.24 9.03 9.06 8.93 8.95 9.09 9.30 9.49 9.44 9.50 9.48 9.43 9.34 9.32 9.36 9.42 9.55 9.76 9.99 10.42 10.88 11.26 11.38 11.49 11.28 11.01 10.82 10.55 10.44 10.27 10.23 10.39 10.29 10.35 10.27 10.24 10.13 9.95 9.75 9.54 9.40 9.26 9.41 9.64 9.89 10.19 10.46 10.73 10.99 11.20 11.31 11.33 11.27 11.19 11.14 11.24 11.31 11.43 11.55 11.72 11.74 11.70 11.73 11.84 11.83 11.83 12.11 12.14 12.61 12.50 12.56
10.00 9.93 9.87 9.74 9.58 9.37 9.12 8.82 8.53 8.49 8.56 8.85 9.19 9.49 9.67 9.59 9.53 9.43 9.29 9.24 9.27 9.32 9.40 9.53 9.93 10.50 11.14 11.72 11.95 11.93 11.56 11.24 10.90 10.58 10.35 10.27 10.30 10.38 10.27 10.18 10.31 10.15 9.99 9.74 9.44 9.09 8.81 8.82 9.00 9.37 9.73 10.07 10.40 10.74 11.04 11.29 11.43 11.42 11.31 11.21 11.22 11.26 11.41 11.62 11.84 12.05 12.04 12.00 11.89 11.80 11.90 11.88 11.88 12.23 12.64 12.56 12.62
10.02 9.98 9.88 9.74 9.57 9.33 9.03 8.65 8.19 7.79 7.96 8.59 9.11 9.54 9.79 9.81 9.69 9.41 9.24 9.15 9.18 9.21 9.17 9.29 9.78 10.54 11.41 12.33 12.85 12.53 11.91 11.39 10.94 10.73 10.48 10.38 10.27 10.35 10.26 10.39 10.31 10.13 10.07 9.57 9.33 8.76 8.17 8.16 8.59 9.14 9.60 9.99 10.36 10.73 11.11 11.47 11.66 11.54 11.35 11.25 11.15 11.22 11.46 11.78 12.15 12.46 12.37 12.13 12.02 11.90 11.98 11.95 11.94 12.29 12.61 12.65 12.71
10.00 10.03 9.93 9.79 9.60 9.36 9.03 8.61 8.05 7.40 7.74 8.49 9.09 9.58 9.91 9.85 9.69 9.51 9.24 9.06 9.12 9.13 9.11 9.10 9.69 10.57 11.54 12.64 13.48 12.66 11.98 11.48 11.05 10.70 10.45 10.34 10.18 10.31 10.47 10.35 10.26 10.08 9.87 9.54 9.22 8.55 7.67 7.67 8.47 9.11 9.59 9.97 10.35 10.74 11.07 11.52 11.85 11.65 11.39 11.21 11.07 11.17 11.48 11.84 12.34 12.78 12.56 12.24 12.01 11.86 11.76 11.71 11.92 12.39 12.68 12.72 12.77
10.10 10.03 10.02 9.88 9.69 9.45 9.14 8.76 8.33 8.08 8.21 8.69 9.18 9.57 9.81 9.82 9.71 9.55 9.38 9.14 9.19 9.21 9.23 9.36 9.82 10.53 11.34 12.11 12.54 12.28 11.72 11.34 10.95 10.62 10.38 10.53 10.38 10.28 10.37 10.25 10.23 10.06 9.87 9.57 9.18 8.80 8.29 8.29 8.70 9.22 9.66 10.03 10.35 10.69 11.03 11.35 11.58 11.48 11.33 11.20 11.14 11.24 11.47 11.79 12.19 12.44 12.39 12.19 12.01 11.89 11.81 11.77 12.23 12.47 12.76 12.80 12.84
10.24 10.52 10.41 10.01 9.82 9.59 9.33 9.03 8.92 8.72 8.77 9.02 9.33 9.60 9.75 9.87 9.82 9.63 9.46 9.41 9.27 9.29 9.37 9.58 9.94 10.44 10.95 11.41 11.65 11.64 11.32 11.10 10.79 10.73 10.52 10.44 10.30 10.20 10.10 10.20 10.15 10.01 9.92 9.68 9.40 9.24 8.98 8.98 9.18 9.47 9.81 10.12 10.35 10.66 10.82 11.18 11.29 11.38 11.33 11.25 11.16 11.26 11.43 11.84 12.07 12.12 12.13 12.06 11.97 11.89 11.85 12.30 12.32 12.68 12.86 12.89 12.93
10.79 10.71 10.60 10.43 10.24 10.01 9.55 9.54 9.33 9.20 9.21 9.33 9.51 9.75 9.86 9.90 9.89 9.71 9.58 9.55 9.60 9.41 9.49 9.65 9.90 10.23 10.61 10.90 11.00 11.11 11.00 11.05 10.82 10.58 10.40 10.32 10.21 10.10 10.01 10.13 10.11 10.02 10.06 9.78 9.68 9.65 9.53 9.44 9.58 9.84 9.93 10.17 10.39 10.60 10.89 11.03 11.09 11.21 11.21 11.21 11.24 11.32 11.52 11.75 11.91 11.89 11.93 11.93 11.85 11.84 11.85 12.39 12.44 12.81 12.85 13.02 13.03
11.05 10.98 10.84 10.66 10.45 10.22 10.00 9.79 9.65 9.55 9.49 9.54 9.76 9.86 9.93 9.96 9.80 9.79 9.77 9.72 9.73 9.77 9.85 9.69 9.87 10.03 10.25 10.51 10.72 10.77 10.67 10.80 10.63 10.42 10.25 10.18 10.07 9.97 9.90 9.85 10.06 10.01 9.98 9.90 9.89 9.81 9.92 9.82 9.82 9.96 10.13 10.24 10.40 10.67 10.79 10.89 10.93 11.07 11.11 11.14 11.20 11.28 11.68 11.80 11.93 11.89 11.74 11.78 11.81 11.85 12.41 12.97 13.06 13.37 13.34 13.50 13.43
11.41 11.32 11.15 10.92 10.68 10.44 10.21 10.02 9.83 9.76 9.72 9.73 10.26 10.30 10.32 9.84 9.85 9.85 10.14 10.15 9.83 9.86 9.93 10.21 9.77 9.90 10.03 10.13 10.37 10.62 10.47 10.49 10.45 10.26 10.15 10.03 9.89 9.79 9.74 9.73 10.04 10.05 10.10 10.01 10.14 9.94 10.15 9.99 10.06 10.15 10.26 10.32 10.55 10.64 10.71 10.88 10.93 10.95 11.00 11.06 11.36 11.86 11.64 11.75 11.86 12.44 12.27 12.35 12.23 12.33 13.31 13.32 13.45 13.57 13.77 13.82 13.78
