data/Validacao/Mg.grd
DSAA
94	94
0.0000	100.0000
0.0000	100.0000
5.6111	31.1329
[rows 34 to 67 of 94, columns 0 to 76 of 94]
11.90 11.78 11.90 11.61 11.32 11.05 10.82 10.73 10.57 10.47 10.45 10.42 10.41 10.41 10.40 10.39 10.23 10.20 10.19 10.20 10.24 10.30 10.16 10.24 10.34 9.80 9.87 10.14 10.16 10.34 10.27 10.32 10.37 10.21 10.02 9.92 9.66 9.55 9.53 9.67 9.80 10.06 10.12 10.16 10.28 10.10 10.20 10.23 10.23 10.29 10.30 10.37 10.43 10.72 10.74 10.75 10.79 10.85 10.93 11.20 11.30 11.85 11.97 12.20 12.31 12.55 12.23 12.65 12.77 13.25 13.40 13.46 13.65 13.79 14.28 14.32 14.01
12.83 12.66 12.29 11.89 11.53 11.32 11.07 10.87 10.72 10.61 10.54 10.49 10.51 10.49 10.47 10.43 10.25 10.22 10.19 10.20 10.26 10.34 10.43 10.26 10.33 10.26 10.31 10.35 10.01 10.22 10.22 10.37 10.24 10.06 9.87 9.68 9.44 9.29 9.31 9.45 9.67 10.00 10.13 10.22 10.27 10.37 10.34 10.38 10.52 10.56 10.38 10.42 10.43 10.68 10.64 10.60 10.62 10.70 10.82 11.52 11.69 11.80 11.93 12.20 12.30 12.53 12.53 12.65 13.14 13.30 13.49 13.85 14.22 14.46 14.63 14.65 14.50
13.62 13.28 12.68 12.21 11.78 11.44 11.17 10.97 10.81 10.70 10.62 10.57 10.53 10.55 10.51 10.31 10.27 10.21 10.15 10.16 10.25 10.35 10.45 10.27 10.32 10.23 10.26 10.27 10.00 9.97 10.12 10.03 10.14 9.95 9.72 9.47 9.10 8.83 8.93 9.23 9.56 9.79 10.15 10.28 10.36 10.67 10.54 10.69 10.64 10.66 10.45 10.46 10.73 10.65 10.54 10.42 10.39 10.53 10.71 11.44 11.65 11.94 12.08 12.18 12.60 12.71 12.51 13.00 13.14 13.32 13.49 13.78 14.40 14.77 15.30 15.28 15.02
14.52 13.80 12.97 12.33 11.85 11.49 11.22 11.01 10.85 10.74 10.66 10.60 10.56 10.53 10.54 10.34 10.28 10.20 10.10 10.09 10.24 10.37 10.47 10.55 10.39 10.43 10.46 10.31 9.95 10.63 10.56 10.62 10.46 9.91 9.64 9.34 8.86 8.31 8.60 9.10 9.52 9.80 10.19 10.35 10.46 10.77 10.82 10.79 10.81 10.56 10.56 10.50 10.76 10.65 10.49 10.27 10.15 10.60 10.94 11.50 11.74 11.92 12.06 12.32 12.43 12.68 12.84 12.97 13.07 13.26 13.51 13.83 14.48 15.20 15.68 15.59 15.14
14.17 13.76 13.15 12.63 11.82 11.47 11.20 10.99 10.84 10.72 10.65 10.60 10.56 10.54 10.34 10.32 10.31 10.25 10.18 10.19 10.30 10.41 10.50 10.63 10.40 10.43 10.64 10.64 10.47 10.55 10.48 10.60 10.45 10.25 9.66 9.39 8.98 8.63 8.80 9.20 9.60 9.89 10.09 10.43 10.62 10.71 10.71 10.95 10.73 10.65 10.63 11.20 11.34 11.15 10.90 10.60 10.45 10.70 10.98 11.53 11.75 11.91 12.31 12.43 12.54 12.25 12.69 12.82 13.02 13.21 13.46 14.46 14.74 15.09 15.42 15.37 15.03
13.43 13.24 12.85 12.45 12.10 11.81 11.57 10.92 10.77 10.66 10.59 10.55 10.53 10.52 10.34 10.33 10.32 10.32 10.30 10.32 10.39 10.52 10.60 10.66 10.59 10.62 10.64 10.47 10.47 10.43 10.48 10.44 10.48 10.30 10.07 9.85 9.31 9.16 9.23 9.46 9.78 10.01 10.20 10.34 10.45 10.76 10.81 11.05 11.06 11.46 11.35 11.28 11.19 11.29 11.11 10.94 10.96 11.09 11.29 11.62 12.03 12.18 12.30 12.39 12.10 12.19 12.68 12.82 13.02 13.20 13.82 14.34 14.58 14.81 14.98 14.95 14.76
12.88 12.75 12.51 12.22 11.93 11.67 11.44 11.25 11.11 11.00 10.94 10.46 10.46 10.30 10.32 10.34 10.35 10.36 10.40 10.43 10.53 10.59 10.65 10.70 10.62 10.64 10.49 10.49 10.48 10.44 10.39 10.48 10.37 10.40 10.22 10.16 10.05 9.95 9.76 9.91 9.99 10.17 10.33 10.47 10.58 10.88 10.93 11.16 11.58 11.55 11.51 11.38 11.61 11.49 11.44 11.33 11.30 11.35 11.46 11.81 12.09 12.19 12.27 11.96 12.02 12.38 12.69 12.81 13.37 13.54 13.78 14.30 14.38 14.53 14.62 14.60 14.82
12.47 12.37 12.19 11.97 11.72 11.48 11.26 11.06 10.91 10.80 10.76 10.76 10.74 10.67 10.28 10.34 10.38 10.41 10.45 10.54 10.62 10.66 10.71 10.91 10.94 10.67 10.68 10.52 10.51 10.47 10.54 10.52 10.44 10.79 10.67 10.52 10.32 10.28 10.00 10.09 10.44 10.63 10.52 10.61 11.05 11.02 11.08 11.70 11.69 11.66 11.61 11.82 11.74 11.77 11.68 11.57 11.54 11.79 11.85 11.92 12.15 12.20 11.99 12.01 12.04 12.10 12.55 13.23 13.39 13.40 13.64 14.15 14.29 14.40 14.45 14.70 14.62
12.16 12.07 11.93 11.73 11.51 11.27 11.03 10.81 10.63 10.51 10.49 10.53 10.46 10.57 10.68 10.77 10.84 10.89 10.57 10.61 10.65 10.73 10.76 10.79 10.70 10.71 10.94 10.93 10.81 10.84 10.86 10.80 10.74 10.74 10.62 10.80 10.75 10.55 10.56 10.64 10.54 10.67 10.84 11.15 11.26 11.31 11.95 11.92 11.66 11.62 11.56 11.62 11.98 11.91 11.84 11.79 12.01 11.98 11.99 12.01 11.96 11.95 12.04 12.02 12.02 12.66 12.88 13.03 13.21 13.40 14.03 14.19 14.32 14.55 14.58 14.79 15.02
12.10 11.85 11.71 11.53 11.31 11.05 10.77 10.49 10.25 10.11 10.10 10.22 10.25 10.44 10.61 10.76 10.92 11.00 11.05 11.11 11.15 10.76 10.91 11.09 11.09 10.98 10.97 11.00 10.72 10.92 10.89 10.85 10.88 11.02 10.98 10.94 10.91 11.10 11.25 10.84 10.93 11.05 11.28 11.41 11.43 11.96 12.03 11.99 12.04 12.13 12.07 12.00 12.21 11.86 12.07 12.03 12.07 12.05 12.04 12.14 12.10 12.04 11.96 11.87 12.11 12.11 12.45 12.64 13.22 13.44 13.91 14.09 14.20 14.51 14.53 14.99 14.91
11.94 11.85 11.71 11.36 11.13 10.84 10.50 10.12 9.77 9.55 9.58 9.77 10.00 10.29 10.54 10.79 10.94 11.05 11.14 11.48 11.52 11.55 11.61 11.60 11.19 10.89 11.04 10.79 10.78 11.00 10.98 10.96 10.94 10.88 11.08 11.06 11.22 11.23 11.31 10.98 11.07 11.18 11.36 11.55 11.71 12.13 12.22 12.19 12.14 12.25 12.17 12.09 12.30 12.25 12.18 12.14 12.19 12.16 12.13 12.20 12.52 12.02 11.87 11.98 11.79 11.73 12.23 12.53 12.87 13.41 13.80 13.97 14.35 14.43 14.45 14.92 14.96
11.83 11.73 11.82 11.62 11.35 10.66 10.25 9.75 9.18 8.78 8.86 9.25 9.75 10.22 10.55 10.80 11.28 11.42 11.52 11.59 11.62 11.64 11.63 11.66 11.38 11.33 11.13 11.08 11.02 11.01 11.00 10.99 10.97 10.94 11.11 11.27 11.28 11.34 11.45 11.51 11.20 11.31 11.44 11.68 12.28 12.33 12.47 12.48 12.32 12.26 12.26 12.17 12.38 12.33 12.16 12.23 12.28 12.25 12.21 12.67 12.55 12.37 12.09 11.76 11.40 11.46 11.70 12.20 12.88 13.29 13.70 13.92 14.06 14.43 14.73 15.02 15.24
11.75 11.89 11.74 11.54 11.26 10.89 10.39 9.47 8.68 7.83 8.09 8.93 9.65 10.41 10.83 11.14 11.36 11.53 11.64 11.71 11.74 11.75 11.73 11.50 11.45 11.37 11.16 11.08 11.01 11.02 11.03 11.01 11.01 11.00 11.17 11.34 11.35 11.38 11.53 11.58 11.65 11.38 11.52 12.22 12.37 12.48 12.72 12.74 12.53 12.35 12.22 12.23 12.24 12.19 12.23 12.20 12.37 12.34 12.69 12.75 12.62 12.39 12.09 11.66 11.20 10.65 11.19 12.13 12.79 13.49 13.85 14.09 14.23 14.48 14.73 15.34 15.21
12.04 11.58 11.45 11.26 11.01 10.66 10.36 9.68 8.84 7.93 8.18 9.16 9.92 10.49 10.93 11.26 11.50 11.67 11.79 11.86 11.89 11.88 11.59 11.60 11.53 11.44 11.53 11.32 11.09 11.13 11.18 11.05 11.04 11.04 11.38 11.39 11.41 11.43 11.59 11.63 11.70 11.79 11.56 12.06 12.24 12.50 12.75 12.76 12.56 12.38 12.25 12.22 12.28 12.24 12.22 12.17 12.59 12.60 12.79 12.98 12.86 12.97 12.50 12.02 11.37 10.85 11.43 12.28 13.12 13.61 13.95 14.17 14.49 14.55 14.88 15.39 15.25
12.01 11.88 11.75 11.57 11.33 11.01 10.73 10.18 9.58 9.30 9.35 9.89 10.53 10.71 11.12 11.44 11.69 11.87 11.99 12.06 12.07 11.79 11.74 11.93 11.96 11.82 11.67 11.51 11.23 11.22 11.24 11.09 11.08 11.23 11.41 11.42 11.44 11.46 11.61 11.66 11.72 11.80 11.92 12.05 12.20 12.36 12.54 12.66 12.59 12.35 12.25 12.24 12.19 12.35 12.34 12.33 12.76 13.06 13.03 13.12 13.03 13.20 12.81 12.47 12.31 12.06 12.31 13.00 13.48 13.87 14.31 14.50 14.60 14.96 14.95 15.30 15.29
11.97 11.88 11.77 11.62 11.42 11.16 10.99 10.86 10.49 10.28 10.39 10.51 10.96 11.40 11.79 11.69 11.94 12.13 12.26 12.32 12.46 12.41 12.21 12.10 12.11 11.97 11.83 11.71 11.62 11.55 11.56 11.40 11.42 11.26 11.44 11.44 11.46 11.48 11.62 11.66 11.72 11.79 12.25 12.01 12.12 12.23 12.31 12.53 12.50 12.34 12.28 12.24 12.21 12.39 12.39 12.75 13.23 13.24 13.15 13.62 13.58 13.50 13.24 13.38 13.18 13.30 13.43 13.73 14.04 14.41 14.60 14.72 15.07 15.08 15.04 15.36 15.23
11.97 11.90 11.81 11.69 11.54 11.54 11.56 11.31 11.11 10.88 10.96 11.21 11.54 11.77 12.11 12.43 12.36 12.57 12.61 12.80 12.78 12.73 12.60 12.30 12.28 12.41 12.26 12.13 11.77 11.67 11.73 11.73 11.60 11.60 11.98 12.02 11.75 11.76 11.79 11.77 11.89 11.75 12.22 12.02 12.11 12.19 12.17 12.43 12.42 12.40 12.26 12.23 12.39 12.74 12.76 12.81 13.29 13.46 13.50 13.65 13.83 13.86 13.65 14.29 14.25 14.26 14.35 14.50 14.75 14.88 14.96 15.27 15.27 15.23 15.16 15.44 15.31
11.98 11.93 11.86 12.04 11.93 11.98 11.66 11.53 11.44 11.42 11.51 11.70 11.96 12.27 12.47 12.46 12.76 13.01 13.29 13.34 13.28 13.09 13.17 12.87 12.77 12.59 12.42 12.38 12.22 11.85 11.82 12.05 12.03 12.35 12.33 12.16 11.93 11.93 11.96 11.85 11.96 12.02 12.00 12.07 12.13 12.19 12.14 12.47 12.36 12.36 12.35 12.55 12.75 12.76 12.79 12.95 13.45 13.80 13.89 13.96 14.09 14.21 14.78 14.91 15.02 15.19 15.34 15.39 15.41 15.41 15.59 15.58 15.51 15.41 15.29 15.51 15.37
12.50 12.46 12.63 12.59 12.55 12.48 12.19 11.84 11.81 11.84 11.93 12.10 12.34 12.63 12.94 13.01 13.37 14.08 14.17 14.18 13.87 13.81 13.52 13.37 13.12 12.90 12.97 12.66 12.47 12.41 12.14 12.10 12.00 12.30 12.25 12.20 12.15 11.85 12.04 12.10 12.18 12.26 12.85 12.40 12.46 12.51 12.45 12.76 12.78 12.76 12.77 12.99 12.97 12.99 13.01 13.20 13.53 13.86 14.01 14.21 14.81 15.18 15.34 15.64 15.90 16.36 16.28 16.23 16.12 16.17 16.03 15.92 15.77 15.61 15.44 15.28 15.12
12.44 12.59 12.61 12.63 12.64 12.63 12.39 12.39 12.43 12.48 12.59 12.76 12.98 13.27 13.62 13.74 14.20 14.62 14.94 15.02 14.77 14.38 13.95 13.77 13.45 13.33 12.93 12.77 12.58 12.49 12.42 12.08 12.02 12.29 12.20 12.10 12.01 12.13 12.16 11.98 12.10 12.20 12.45 12.37 12.43 12.48 12.42 12.45 12.76 12.75 12.89 12.98 12.96 12.98 13.01 13.44 13.49 13.93 14.17 14.35 15.04 15.55 16.35 16.83 16.89 17.43 17.43 17.31 17.01 16.75 16.51 16.28 16.31 15.82 15.60 15.39 15.18
12.63 12.67 12.79 12.91 13.00 13.06 13.11 13.15 12.67 12.75 12.86 13.03 13.26 13.58 14.05 14.51 15.07 15.42 15.96 16.19 15.75 15.11 14.54 13.99 13.61 13.45 13.22 12.85 12.65 12.55 12.33 12.11 12.37 12.27 12.14 12.13 11.95 11.84 11.91 12.09 12.01 12.15 12.41 12.50 12.41 12.45 12.40 12.42 12.74 12.87 12.88 12.97 12.98 12.97 13.39 13.34 13.55 13.84 14.16 14.55 15.31 15.87 16.53 17.57 18.31 18.71 18.69 18.21 17.91 17.52 17.01 16.65 16.31 16.03 15.77 15.50 15.23
12.34 12.49 12.73 12.93 13.07 13.18 13.26 13.33 13.41 13.52 13.09 13.29 13.51 13.81 14.38 14.89 15.56 16.55 17.27 17.41 16.46 15.52 14.78 14.21 13.78 13.52 13.28 13.10 12.69 12.45 12.36 12.63 12.53 12.26 12.26 12.02 11.72 11.46 11.60 11.92 12.20 12.11 12.38 12.48 12.56 12.44 12.47 12.57 12.84 12.85 12.87 13.27 13.25 13.20 13.31 13.23 13.33 13.72 14.14 14.61 15.43 16.11 16.92 17.95 19.38 20.39 19.96 19.08 18.41 17.96 17.48 16.98 16.55 16.21 15.95 15.65 15.42
12.19 12.46 12.76 12.99 13.17 13.30 13.41 13.52 13.61 13.71 13.84 13.95 14.45 14.70 15.04 15.03 15.91 16.79 17.94 18.07 16.73 15.65 14.85 14.25 13.81 13.41 13.17 12.98 13.02 13.10 12.74 12.65 12.54 12.45 12.25 11.99 11.64 11.24 11.48 11.88 12.18 12.40 12.54 12.65 12.73 12.62 12.80 12.87 12.76 13.21 13.25 13.25 13.23 13.18 13.29 13.16 13.21 13.68 14.15 14.84 15.41 16.19 17.05 18.17 19.85 21.21 20.38 19.25 18.51 18.10 17.76 17.15 16.68 16.35 16.10 15.84 15.52
12.56 12.69 12.91 13.12 13.29 13.43 13.57 13.68 13.79 13.92 14.28 14.41 14.58 14.80 15.10 15.49 15.80 16.47 17.11 17.17 16.25 15.42 14.72 14.17 13.69 13.37 13.14 13.25 13.00 13.29 13.20 13.10 12.76 12.62 12.31 12.09 11.83 11.64 11.74 12.00 12.25 12.45 12.27 12.66 12.73 12.77 12.79 12.84 12.86 13.18 13.23 13.23 13.23 13.36 13.34 13.30 13.50 13.81 14.22 14.85 15.39 16.13 16.90 18.20 19.13 19.83 19.66 18.88 18.30 17.88 17.52 17.10 16.73 16.46 16.20 16.03 15.77
13.00 12.97 13.12 13.36 13.53 13.68 13.81 13.88 14.23 14.34 14.44 14.56 14.69 14.86 15.09 15.39 15.75 15.92 16.23 16.22 15.88 14.99 14.60 14.16 13.79 13.59 13.37 13.21 13.27 13.25 13.18 12.89 12.80 12.69 12.42 12.25 12.08 11.99 12.04 12.19 12.37 12.24 12.33 12.70 12.74 13.02 13.04 12.97 13.14 13.14 13.47 13.22 13.67 13.39 13.59 13.71 13.80 14.18 14.48 15.04 15.67 16.19 16.57 17.26 18.18 18.56 18.64 18.32 17.83 17.51 17.23 16.95 16.69 16.50 16.31 16.25 16.08
13.28 13.34 13.46 13.55 13.70 13.80 13.94 14.31 14.43 14.54 14.63 14.71 14.80 14.91 15.06 15.25 15.46 15.42 15.55 15.52 15.29 15.26 14.42 13.93 13.70 13.45 13.24 13.26 13.16 13.17 13.46 13.42 12.85 12.77 12.87 12.41 12.30 12.24 12.27 12.37 12.51 12.35 12.42 13.18 13.00 13.00 12.99 12.91 12.92 13.39 13.42 13.45 13.68 13.69 13.68 13.72 13.97 14.34 14.59 15.02 15.56 15.95 16.15 16.61 17.32 17.56 17.75 17.63 17.63 17.44 17.26 17.10 16.96 16.71 16.59 16.52 16.43
13.50 13.56 13.68 13.81 13.96 13.99 14.38 14.53 14.67 14.78 14.85 14.89 14.92 14.96 15.03 15.11 15.21 15.30 15.06 15.00 14.83 14.91 14.63 13.82 13.50 13.26 13.78 13.63 13.00 13.36 13.37 13.39 13.38 13.10 12.99 12.85 12.74 12.40 12.42 12.71 12.85 12.97 12.55 13.22 13.20 12.97 12.93 12.83 12.84 13.30 13.35 13.41 13.67 13.72 13.74 13.80 14.07 14.43 14.61 14.97 15.42 15.43 15.73 16.37 16.60 16.76 17.00 16.99 17.16 17.10 17.05 17.01 16.98 16.81 16.79 16.81 16.79
13.70 13.76 13.86 14.80 14.96 15.12 15.19 14.80 14.97 15.09 15.14 15.12 15.08 15.04 15.43 15.01 15.02 15.03 14.71 14.62 14.81 14.61 14.58 14.31 14.01 13.74 13.50 13.33 13.61 13.63 13.25 13.36 13.45 13.43 13.10 12.94 12.80 12.90 12.67 12.80 12.96 12.93 13.00 12.90 12.81 13.16 13.07 13.14 13.17 13.51 13.76 13.86 13.65 13.70 13.84 13.99 14.39 14.50 14.78 14.72 15.17 15.30 15.40 15.76 15.76 15.88 16.34 16.42 16.70 16.77 16.85 16.93 17.01 17.32 17.39 17.39 17.43
14.71 14.77 14.86 14.98 15.13 15.31 15.41 15.64 15.84 15.97 15.52 15.43 15.66 15.54 15.44 15.38 15.60 15.55 15.48 15.09 14.95 14.59 14.36 14.07 13.77 13.45 13.60 13.33 13.23 13.25 13.48 13.67 13.54 13.55 13.40 12.99 12.77 12.80 12.63 12.82 12.93 13.13 13.21 13.13 13.01 13.04 12.83 12.76 12.94 13.32 13.63 13.78 13.91 13.69 13.85 13.94 14.39 14.67 14.76 14.63 15.02 14.99 15.05 15.28 15.30 15.36 15.65 15.83 16.27 16.46 16.66 16.86 17.27 17.48 17.65 17.73 17.83
14.86 14.92 15.00 15.12 15.28 15.48 15.73 15.92 16.22 16.42 16.41 16.10 15.85 15.64 15.73 15.61 15.52 15.44 15.34 15.23 14.78 14.56 14.19 14.14 13.79 13.61 13.12 12.69 12.55 12.73 13.20 13.62 13.93 13.91 13.53 13.20 12.81 12.53 12.63 12.81 13.08 13.63 13.64 13.48 13.12 12.69 12.51 12.41 12.64 13.11 13.35 13.70 13.87 14.06 13.85 13.94 14.40 14.67 14.58 14.86 14.89 14.88 14.74 14.84 14.73 14.72 15.02 15.33 15.67 16.18 16.48 17.02 17.37 17.66 17.96 18.11 18.23
14.97 15.03 15.12 15.24 15.40 15.62 15.90 16.27 16.64 17.01 16.85 16.43 16.23 15.95 15.74 15.59 15.47 15.36 15.25 15.12 14.91 14.44 14.32 14.01 13.86 13.32 12.64 11.91 11.59 12.14 12.89 13.64 14.19 14.23 13.82 13.21 12.56 12.07 12.14 12.77 13.40 13.96 14.11 13.76 13.17 12.54 11.91 11.92 12.47 12.90 13.36 13.64 13.84 14.04 14.16 14.41 14.39 14.58 14.54 14.57 14.79 14.72 14.50 14.47 14.17 14.00 14.38 14.90 15.59 15.97 16.44 16.90 17.39 17.89 18.31 18.52 18.78
14.55 15.13 15.21 15.33 15.49 15.71 16.01 16.41 16.99 17.62 17.37 16.76 16.31 15.98 15.74 15.56 15.43 15.31 15.19 15.06 14.85 14.91 14.27 13.95 13.78 13.19 12.40 11.35 10.60 11.70 12.77 13.70 14.50 14.61 13.94 13.19 12.37 11.45 11.90 12.77 13.50 14.26 14.66 14.00 13.22 12.43 11.55 11.37 12.25 12.79 13.30 13.61 13.83 14.04 14.16 14.55 14.52 14.60 14.52 14.53 14.73 15.35 15.08 14.28 13.81 13.33 13.93 14.66 15.40 15.80 16.21 16.79 17.36 17.96 18.63 18.90 18.92
14.78 14.85 14.94 15.06 15.22 15.45 15.75 16.16 16.57 17.05 16.94 16.81 16.45 15.94 15.71 15.53 15.39 15.27 15.16 15.04 15.69 15.35 15.09 14.75 14.20 13.61 12.60 11.80 11.41 12.13 13.05 13.84 14.41 14.50 14.08 13.37 12.66 12.12 12.28 12.95 13.56 14.15 14.38 13.99 13.36 12.66 11.88 11.71 12.21 12.93 13.30 13.71 14.03 14.21 14.33 14.83 15.81 15.52 15.75 15.72 15.85 15.67 15.52 15.06 14.48 14.05 14.46 15.09 15.41 15.80 16.29 16.77 17.27 17.80 18.54 18.84 18.79
14.87 14.93 15.00 15.11 15.24 15.43 15.67 15.83 16.16 16.38 16.33 16.09 16.31 16.09 15.91 15.77 15.65 15.57 15.47 15.58 15.69 15.38 15.15 14.85 14.38 13.90 13.40 12.88 12.68 12.87 13.40 13.90 14.25 14.31 13.97 13.57 13.15 12.90 12.85 13.22 13.65 13.92 14.02 13.81 13.41 12.94 12.48 12.35 12.76 13.14 13.42 13.77 14.00 14.14 15.44 14.81 15.77 15.73 15.73 15.72 15.88 15.75 15.69 15.38 15.06 14.88 15.16 15.49 15.84 16.30 16.60 16.76 17.13 17.90 18.23 18.53 18.74
