data/Validacao/MO.grd
DSAA
94	94
0.0000	100.0000
0.0000	100.0000
22.7136	41.0164
[rows 0 to 33 of 94, columns 0 to 76 of 94]
29.78 29.36 28.91 29.14 28.96 28.83 28.74 28.68 28.64 28.62 28.63 28.65 28.70 28.78 28.91 29.11 29.93 30.26 30.71 30.80 30.11 29.91 29.66 29.50 29.81 29.84 29.79 29.84 30.37 30.49 30.38 30.62 30.94 31.59 32.20 33.74 34.79 35.99 35.33 34.16 33.30 32.69 32.76 32.64 32.45 32.33 32.13 32.13 31.78 31.89 32.58 32.82 33.16 33.64 33.83 34.90 35.51 34.55 33.67 32.88 32.44 32.13 31.90 31.66 31.51 31.38 30.73 30.62 30.51 30.51 30.39 30.17 30.01 29.81 29.56 29.76 30.02
29.36 29.15 28.81 28.52 28.31 28.80 28.71 28.65 28.61 28.59 28.59 28.61 28.65 28.72 28.83 29.00 29.79 30.04 30.32 30.35 30.07 29.73 29.52 29.38 29.70 29.69 30.13 30.01 30.10 30.44 30.80 30.57 30.89 31.51 32.08 33.53 34.35 34.99 34.71 33.88 33.15 32.58 32.67 32.55 32.36 32.24 32.04 32.05 31.71 32.34 32.52 32.76 33.09 33.54 33.70 34.43 34.75 34.27 33.43 32.91 32.53 32.25 32.03 31.80 31.65 30.93 30.85 30.72 30.60 30.58 30.45 30.23 30.07 29.89 29.93 30.08 30.27
28.90 28.81 28.61 28.41 28.24 28.10 28.00 28.61 28.57 28.54 28.53 28.54 28.57 28.62 28.70 28.82 28.99 29.68 29.80 29.79 29.66 29.43 29.29 29.20 29.54 29.56 29.61 29.91 30.02 30.16 30.72 30.49 30.77 31.34 31.80 33.10 33.59 33.87 33.78 33.33 32.81 32.36 32.50 32.40 32.22 31.85 31.91 31.92 31.57 32.24 32.42 32.65 32.95 33.38 33.79 33.70 33.89 33.74 33.26 32.87 32.60 32.39 32.20 31.98 31.27 31.11 30.96 30.86 30.82 30.67 30.53 30.31 30.16 30.02 30.36 30.34 30.42
28.56 28.52 28.40 28.27 28.14 28.04 27.95 27.89 27.84 28.48 28.46 28.46 28.47 28.49 28.53 28.59 28.66 29.27 29.30 29.27 29.20 29.57 28.98 28.95 29.33 29.38 29.29 29.79 29.92 30.06 30.04 30.82 30.62 31.12 31.33 32.24 32.35 33.05 33.03 32.76 32.42 32.08 32.44 32.20 31.78 31.66 31.72 31.74 31.93 32.08 32.29 32.51 32.76 33.11 33.39 33.13 33.28 33.12 33.03 32.91 32.71 32.58 32.44 31.70 31.53 31.35 31.17 30.99 30.96 30.79 30.63 30.41 30.27 30.67 30.57 30.54 30.56
28.64 28.29 28.23 28.14 28.05 27.97 27.89 27.83 27.79 27.75 27.73 28.35 28.34 28.34 28.33 28.32 28.32 28.62 28.81 28.76 28.93 29.13 29.14 28.63 29.05 28.96 29.08 29.25 29.79 29.95 29.94 30.11 30.51 30.75 31.58 31.81 31.78 31.86 32.46 32.29 32.04 31.78 32.18 31.71 31.52 31.39 31.35 31.67 31.71 31.90 32.12 32.36 32.65 32.85 33.04 33.22 32.86 32.82 32.91 32.97 32.99 32.88 32.24 32.08 31.89 31.68 31.45 31.22 31.14 30.94 30.75 30.59 30.37 30.81 30.72 30.67 30.78
28.48 28.13 28.09 28.03 27.96 27.89 27.83 27.77 27.73 27.68 27.65 27.63 27.60 28.17 28.11 28.04 27.95 28.16 28.06 28.20 28.38 28.61 28.66 28.75 28.52 28.69 28.88 29.10 29.28 29.65 29.83 30.00 30.16 30.55 31.32 31.47 31.36 31.40 32.04 31.91 31.72 31.49 31.15 31.42 31.20 31.03 30.97 31.22 31.41 31.68 31.97 32.30 32.50 32.62 32.73 32.86 32.54 32.63 32.91 33.17 33.36 32.85 32.77 32.60 32.37 32.10 31.81 31.51 31.22 31.10 30.87 30.69 30.82 30.91 30.82 30.89 30.86
28.37 28.35 27.98 27.93 27.88 27.83 27.77 27.71 27.65 27.60 27.56 27.53 27.48 27.42 27.32 27.74 27.55 27.64 27.45 27.74 27.73 27.99 28.08 28.16 28.10 28.36 28.64 28.93 29.16 29.54 29.72 29.89 30.03 30.19 31.11 31.21 31.28 31.07 31.73 31.62 31.45 30.98 30.88 31.10 30.80 30.56 30.87 30.71 31.02 31.44 31.86 32.24 32.40 32.45 32.44 32.50 32.10 32.49 33.02 33.56 33.51 33.66 33.51 33.28 32.98 32.65 32.27 31.86 31.47 31.27 30.99 30.77 30.89 30.98 31.02 30.95 30.90
28.28 28.27 27.89 27.86 27.82 27.77 27.71 27.65 27.58 27.51 27.46 27.42 27.37 27.28 27.13 26.92 26.64 27.07 26.72 26.92 26.98 27.23 27.35 27.51 27.58 27.98 28.39 28.74 29.05 29.44 29.64 29.80 30.00 30.06 30.95 31.03 31.07 30.84 30.67 31.40 30.97 30.75 30.63 30.77 30.35 30.35 30.08 29.99 30.50 31.19 31.89 32.31 32.43 32.31 32.13 32.05 32.14 32.34 33.21 33.76 34.50 34.74 34.52 34.09 33.73 33.33 32.82 32.25 31.81 31.38 31.09 31.44 31.25 31.15 31.05 30.97 30.92
28.21 28.20 27.83 27.80 27.77 27.72 27.66 27.59 27.49 27.40 27.36 27.33 27.27 27.16 26.98 26.70 26.31 25.79 25.84 25.91 26.27 26.55 26.64 26.73 27.15 27.60 28.17 28.62 28.98 29.37 29.58 29.74 29.93 30.03 30.27 30.90 30.93 30.69 30.51 30.98 30.82 30.74 30.42 30.38 29.91 29.60 28.99 28.98 29.89 31.01 31.97 32.60 32.62 32.25 31.85 31.48 31.48 31.87 33.18 34.57 35.90 36.20 35.58 34.91 34.51 34.15 33.46 32.70 32.02 31.49 31.34 31.46 31.27 31.15 31.04 30.96 30.90
28.15 28.14 28.12 27.76 27.73 27.69 27.63 27.55 27.44 27.29 27.26 27.27 27.21 27.09 26.88 26.56 26.09 25.42 24.52 24.88 25.67 26.11 26.13 25.85 26.56 27.34 28.05 28.57 28.97 29.08 29.56 29.72 29.90 29.99 30.22 30.22 30.23 30.83 30.42 30.89 30.72 31.03 30.69 30.20 29.53 29.02 27.77 27.81 29.39 30.83 32.09 33.15 32.88 32.19 31.55 30.80 30.16 31.58 33.28 35.17 37.53 37.74 36.30 35.41 35.06 35.03 34.02 32.92 32.11 31.52 31.34 31.44 31.23 31.11 31.00 30.92 30.86
28.09 28.09 28.08 27.72 27.70 27.67 27.63 27.55 27.45 27.33 27.28 27.27 27.20 27.07 26.86 26.54 26.09 25.46 24.79 24.79 25.77 26.16 26.22 26.15 26.72 27.58 28.09 28.61 28.89 29.11 29.59 29.74 29.90 29.99 30.20 30.20 30.20 30.09 30.54 30.43 31.24 30.99 30.65 30.17 29.53 29.09 28.11 28.14 29.47 30.76 31.92 32.77 32.64 32.06 31.17 30.59 30.51 31.55 33.11 34.86 36.78 37.07 35.99 35.19 34.84 34.65 33.78 32.79 32.02 31.44 31.61 31.32 31.02 31.03 30.92 30.84 30.79
27.69 27.69 28.03 28.02 27.68 27.67 27.64 27.59 27.52 27.44 27.38 27.32 27.23 27.09 26.89 26.62 26.26 25.93 25.52 25.67 25.84 26.62 26.76 26.93 27.34 27.92 28.28 28.72 28.94 29.17 29.31 29.81 29.95 30.02 30.25 30.28 30.22 30.11 30.04 30.44 31.25 31.01 30.70 30.28 30.03 29.44 29.02 29.15 29.89 30.77 31.57 32.09 32.14 31.58 31.21 30.98 31.03 31.60 32.73 34.00 34.93 35.24 34.86 34.37 34.01 33.64 33.06 32.37 31.75 31.81 31.45 31.18 30.89 30.89 30.78 30.71 30.67
27.62 27.63 27.64 27.66 27.67 27.68 27.68 27.66 27.61 27.55 27.48 27.39 27.28 27.14 26.96 26.74 26.61 26.34 26.12 26.38 26.44 26.58 27.35 27.57 27.91 28.33 28.77 28.92 29.08 29.29 29.42 29.92 30.05 30.10 30.33 30.34 30.06 30.18 30.11 30.19 30.88 31.07 30.80 30.46 30.35 29.98 29.77 29.90 30.28 30.81 31.32 31.66 31.44 31.36 31.23 31.02 31.23 31.50 32.22 33.00 33.61 33.71 33.61 33.36 33.07 32.75 32.33 31.85 31.39 31.54 31.23 30.98 30.69 30.53 30.58 30.52 30.50
27.53 27.55 27.58 27.62 27.67 27.70 27.73 27.74 27.72 27.67 27.59 27.47 27.34 27.18 27.02 26.99 26.83 26.68 26.57 26.91 26.94 27.04 27.18 28.05 28.34 28.70 29.08 29.42 29.29 29.47 29.59 30.07 30.18 30.22 30.44 30.46 30.18 30.30 30.41 30.29 30.96 31.16 30.92 30.92 30.62 30.36 30.22 30.31 30.52 30.82 30.77 31.01 31.13 31.16 31.16 31.03 31.21 31.53 31.70 32.14 32.49 32.67 32.51 32.38 32.20 31.97 31.68 31.35 31.53 31.24 30.97 30.72 30.42 30.25 30.29 30.25 30.16
27.71 27.74 27.79 27.86 27.94 27.73 27.79 27.84 27.85 27.81 27.71 27.56 27.38 27.20 27.17 27.06 26.98 26.94 26.91 27.29 27.32 27.39 27.51 27.70 28.65 29.00 29.38 29.73 29.77 29.94 30.04 29.92 29.94 30.14 30.17 30.55 30.56 30.48 30.91 30.78 30.42 30.23 30.39 31.06 30.80 30.58 30.45 30.49 30.58 30.37 30.57 30.75 30.88 30.97 31.04 30.94 31.07 31.25 31.21 31.42 31.60 31.70 31.73 31.53 31.43 31.29 31.32 31.11 31.16 30.91 30.66 30.40 30.16 29.63 29.76 29.35 29.41
27.53 27.57 27.66 27.78 27.91 28.03 27.87 27.97 28.02 28.00 27.87 27.66 27.40 27.28 27.12 27.05 27.06 27.11 27.17 27.57 27.59 27.63 27.71 27.88 28.17 29.23 29.68 30.08 30.40 30.20 30.24 30.15 29.92 30.48 30.51 30.86 30.89 31.26 31.06 30.90 30.76 30.54 30.39 31.14 30.87 30.64 30.48 30.28 30.12 30.22 30.35 30.48 30.62 30.76 30.69 30.80 30.89 30.95 30.74 30.78 30.81 30.86 30.92 30.95 31.14 31.09 31.02 30.90 30.80 30.59 30.33 30.04 29.25 28.89 28.72 28.85 28.99
27.27 27.34 27.50 27.69 27.88 28.06 28.23 28.14 28.26 28.27 28.10 27.78 27.49 27.14 26.93 26.92 27.06 27.24 27.39 27.79 27.79 27.77 27.78 27.93 28.26 28.77 29.98 30.52 30.90 30.68 30.62 30.44 30.16 30.15 30.73 31.11 31.20 31.56 31.35 31.13 30.93 30.66 30.47 31.02 30.86 30.57 30.42 30.11 29.94 30.00 30.07 30.17 30.33 30.53 30.54 30.66 30.71 30.67 30.56 30.17 30.06 30.06 30.16 30.28 30.36 30.56 30.57 30.52 30.47 30.29 30.01 29.41 28.69 28.28 28.01 28.02 28.43
26.63 26.76 27.31 27.58 27.83 28.07 28.30 28.55 28.57 28.68 28.44 28.02 27.41 26.86 26.56 26.67 26.99 27.34 27.63 28.01 27.96 27.83 27.73 27.79 28.20 28.92 29.74 30.70 31.58 31.26 30.85 30.54 30.38 30.35 30.95 31.37 31.58 31.97 31.73 31.40 31.09 30.76 30.54 31.02 30.66 30.10 29.83 29.64 29.68 29.73 29.73 29.77 29.73 30.02 30.28 30.57 30.60 30.45 29.63 29.26 28.96 29.23 29.46 29.70 29.85 30.08 29.82 30.05 29.97 29.80 29.50 29.06 28.20 27.55 27.04 27.10 27.78
26.20 26.48 26.87 27.20 27.80 28.07 28.35 28.66 29.04 29.24 28.95 28.14 27.32 26.49 25.95 26.34 26.92 27.45 27.92 28.28 28.11 27.87 27.61 27.43 28.00 29.00 30.09 31.42 32.51 31.89 31.20 30.81 30.54 30.49 31.10 31.58 32.39 32.52 32.43 31.62 31.21 30.91 30.58 31.02 30.22 29.95 29.46 29.26 29.45 29.27 29.19 29.10 29.42 29.86 30.21 30.46 30.59 29.88 29.39 28.80 28.15 28.12 28.61 28.97 29.46 29.64 29.53 29.81 29.78 29.63 29.31 28.81 27.83 26.88 25.81 26.00 27.21
26.10 26.43 26.84 27.17 27.56 27.83 28.12 28.47 28.90 29.42 28.88 28.02 27.18 26.34 25.74 26.22 26.84 27.40 27.93 28.31 28.09 27.84 27.56 27.34 27.95 28.97 30.09 31.37 32.60 32.07 31.17 30.73 30.44 30.38 31.19 31.65 32.44 32.56 32.50 31.61 31.26 31.40 30.45 30.34 30.24 29.80 29.29 29.01 29.20 29.26 29.17 29.01 29.37 29.83 30.18 30.43 30.41 29.81 29.28 28.64 27.90 27.87 28.41 28.80 29.21 29.40 29.69 29.86 29.88 29.46 29.15 28.66 27.77 26.78 25.57 25.82 27.04
26.53 26.67 27.03 27.30 27.54 27.78 28.02 28.29 28.67 28.80 28.56 27.85 27.24 26.68 26.40 26.58 26.99 27.41 27.77 28.17 28.10 27.96 27.84 27.89 28.32 29.08 29.95 30.83 31.74 31.64 30.98 30.65 30.40 30.33 30.80 31.52 31.74 32.00 31.82 31.44 31.20 30.86 30.46 30.38 30.08 30.28 29.74 29.43 29.28 29.32 29.30 29.44 29.64 29.93 30.18 30.24 30.22 29.98 29.29 28.81 28.40 28.54 28.79 29.06 29.24 29.52 29.76 29.87 29.88 29.47 29.20 28.79 28.03 27.35 26.79 26.89 27.62
26.17 26.23 27.18 27.35 27.53 27.69 27.86 28.15 28.28 28.30 28.15 27.84 27.29 26.98 26.84 26.93 27.16 27.43 27.66 28.10 28.12 28.10 28.12 28.26 28.61 29.15 30.10 30.65 31.16 31.05 30.89 30.49 30.28 30.22 30.65 31.31 31.40 31.57 31.45 31.21 31.08 30.81 30.45 30.42 30.18 30.52 30.13 29.81 29.54 29.56 29.59 29.66 29.79 29.96 30.12 30.19 30.15 29.98 29.71 29.31 29.08 29.01 29.10 29.24 29.37 29.66 29.98 30.05 29.76 29.65 29.34 29.04 28.45 28.05 27.80 27.86 28.29
26.31 26.34 26.41 27.40 27.50 27.59 27.81 27.88 27.92 27.90 27.81 27.66 27.49 27.15 27.11 27.17 27.31 27.48 27.63 28.08 28.15 28.21 28.31 28.50 28.80 29.57 30.01 30.39 30.83 30.74 30.67 30.55 30.21 30.50 30.48 31.11 31.12 31.27 31.17 31.00 30.95 30.74 30.42 30.45 30.36 30.18 30.05 30.06 29.76 29.80 29.86 29.93 30.02 30.11 30.20 30.21 30.16 30.03 29.75 29.56 29.41 29.35 29.37 29.43 29.72 29.79 30.10 30.15 29.85 29.77 29.63 29.43 29.08 28.65 28.53 28.67 28.88
26.40 26.41 26.44 26.48 26.52 27.62 27.62 27.60 27.57 27.54 27.50 27.47 27.44 27.44 27.26 27.33 27.42 27.53 27.63 28.08 28.18 28.29 28.44 28.65 29.31 29.66 30.01 30.31 30.56 30.61 30.56 30.46 30.34 30.46 30.40 30.95 30.69 30.63 31.23 31.10 30.84 30.60 30.50 30.57 30.40 30.26 30.17 29.65 29.70 30.00 30.09 30.17 30.23 30.27 30.28 30.28 30.21 30.10 29.87 29.75 29.64 29.59 29.57 29.59 29.56 29.59 29.90 30.23 29.94 29.90 29.82 29.70 29.45 29.23 29.22 29.21 29.35
26.47 26.46 26.46 26.45 26.59 26.56 27.40 27.30 27.20 27.14 27.15 27.23 27.34 27.46 27.57 27.45 27.51 27.57 27.64 28.08 28.19 28.33 28.52 29.13 29.43 29.77 30.12 30.41 30.41 30.66 30.58 30.44 30.80 30.88 30.49 30.42 30.45 30.74 30.98 30.87 30.94 30.79 30.74 30.54 30.39 30.26 30.18 29.71 29.80 29.94 30.29 30.40 30.45 30.44 30.40 30.35 30.27 30.17 29.97 29.88 29.80 29.74 29.65 29.63 29.63 29.89 29.92 29.95 30.02 30.01 29.98 29.92 29.97 29.93 30.01 29.84 29.30
27.08 27.05 27.01 26.96 27.04 26.93 26.77 26.58 26.41 26.65 26.72 26.93 27.21 27.47 27.65 27.75 27.60 27.61 27.64 28.03 28.16 28.34 28.91 29.19 29.53 29.92 30.33 30.67 30.70 30.89 30.72 30.51 30.81 30.86 30.42 30.33 30.34 30.64 30.56 30.79 30.88 30.82 30.70 30.53 30.33 30.18 30.10 29.69 29.86 30.08 30.31 30.66 30.69 30.63 30.52 30.42 30.31 30.13 30.04 29.97 29.90 29.79 29.74 29.70 29.66 29.89 29.92 29.97 29.53 30.10 30.11 30.10 30.20 30.20 30.31 29.59 29.68
27.14 27.09 27.03 27.12 26.99 26.81 26.56 26.24 25.91 25.71 25.86 26.30 27.06 27.50 27.79 27.88 27.86 27.63 27.60 27.94 28.10 28.63 28.89 29.20 29.60 30.08 30.62 31.12 31.23 31.28 30.96 31.09 30.85 30.85 30.72 30.28 30.48 30.58 30.50 30.49 30.92 30.78 30.66 30.47 30.23 30.02 29.68 29.77 29.85 30.22 30.58 30.82 30.82 30.84 30.64 30.45 30.33 30.15 30.09 30.03 29.92 29.86 29.79 29.72 29.65 29.82 29.87 29.53 29.58 29.60 29.74 29.75 29.76 29.82 29.69 29.80 29.88
27.20 27.15 27.07 27.13 26.97 26.73 26.40 25.96 25.38 24.89 25.17 25.96 26.72 27.40 28.02 28.05 27.92 27.77 27.51 27.77 28.26 28.56 28.85 29.17 29.62 30.21 30.92 31.57 32.02 31.75 31.16 30.68 30.88 30.73 30.57 30.46 30.45 30.56 30.56 30.22 30.27 30.15 30.53 30.44 30.00 29.71 29.28 29.40 29.80 30.34 30.89 31.31 31.22 30.89 30.74 30.47 30.30 30.16 30.12 30.03 29.98 29.91 29.83 29.73 29.60 29.44 29.49 29.59 29.62 29.67 29.83 29.86 29.88 29.96 28.62 28.68 28.76
27.08 27.02 27.31 27.18 26.99 26.73 26.36 25.85 25.15 24.28 24.75 25.81 26.70 27.50 28.09 27.96 27.75 27.51 27.36 27.69 28.03 28.35 28.65 28.99 29.58 30.22 30.99 31.89 32.64 31.82 31.24 31.10 30.76 30.72 30.56 30.46 30.37 30.03 30.31 30.22 30.28 30.17 30.06 29.89 29.99 29.65 29.09 29.22 29.70 30.32 30.99 31.64 31.46 31.01 31.13 30.75 30.12 30.14 29.66 29.65 29.69 29.78 29.64 29.51 29.53 29.38 29.48 29.62 29.72 29.79 29.37 29.39 29.48 28.90 28.74 28.79 28.87
27.18 27.12 27.03 26.89 27.07 26.81 26.46 26.01 25.48 25.06 25.30 26.01 26.74 27.38 27.79 27.83 27.71 27.45 27.37 27.46 28.11 28.38 28.66 28.99 29.57 30.12 30.77 31.36 31.73 31.50 30.95 31.00 30.71 30.70 30.56 30.22 30.14 30.15 30.26 30.18 30.32 30.21 30.11 29.95 29.76 29.58 29.42 29.54 29.79 30.30 30.82 31.19 31.23 30.94 30.65 29.97 29.92 29.73 29.65 29.63 29.62 29.77 29.66 29.55 29.63 29.56 29.60 29.70 29.79 29.86 29.44 29.47 29.63 29.00 28.84 28.89 28.96
27.31 27.25 27.15 27.02 26.84 26.96 26.66 26.33 26.00 25.82 25.95 26.35 26.83 27.27 27.56 27.50 27.49 27.44 27.80 27.85 27.96 28.22 28.46 28.95 29.51 29.93 30.52 30.67 30.87 30.89 30.60 30.83 30.63 30.47 30.33 30.26 30.20 30.23 30.16 30.26 30.31 30.20 30.19 30.05 29.90 29.81 29.76 29.86 29.90 30.23 30.56 30.77 30.91 30.44 30.02 29.83 29.71 29.11 29.03 29.51 29.53 29.75 29.68 29.36 29.28 29.72 29.74 29.80 29.87 29.47 29.51 28.95 29.72 29.09 28.94 28.99 29.04
27.50 27.44 27.33 27.18 27.01 26.80 26.90 26.66 26.46 26.36 26.44 26.69 26.98 27.26 27.26 27.37 27.41 27.99 27.88 27.93 28.50 28.23 28.42 28.64 28.90 29.65 30.18 30.44 30.25 30.39 30.47 30.42 30.30 30.41 30.36 30.33 30.39 30.35 30.28 30.38 30.42 30.30 30.08 30.09 30.33 30.00 29.98 29.80 29.96 30.66 30.12 30.26 30.29 30.24 30.07 29.97 29.64 29.31 29.24 29.45 29.39 29.33 29.67 29.35 29.30 29.83 29.85 29.89 28.80 28.82 28.85 29.03 29.08 29.20 29.24 29.10 29.14
27.75 27.69 27.56 27.39 27.20 27.00 27.48 27.28 26.84 26.77 26.81 26.93 27.10 27.28 27.19 27.95 27.99 28.02 28.05 28.48 28.57 28.69 28.84 28.53 28.73 29.12 29.33 30.08 29.99 30.23 30.20 30.26 30.22 30.41 30.42 30.45 30.55 30.53 30.48 30.38 30.57 30.43 30.33 30.21 30.48 30.40 30.13 29.90 29.72 29.85 29.97 30.06 30.10 30.01 29.97 29.92 29.59 29.25 29.18 29.11 29.34 29.28 28.79 28.73 29.30 29.28 28.81 28.81 28.83 28.86 29.06 29.39 29.46 29.46 29.41 29.46 29.36
28.98 28.90 28.74 28.54 28.31 28.09 27.03 26.87 26.75 27.03 27.04 27.10 27.76 27.86 27.95 27.96 28.00 28.04 28.64 28.68 28.59 28.69 28.81 29.11 28.77 28.92 29.07 29.19 28.91 29.53 29.83 30.03 30.18 30.45 30.68 30.72 30.79 30.81 30.75 30.62 30.88 30.71 30.55 30.32 30.36 29.82 30.15 29.65 29.71 29.79 29.87 29.63 29.89 29.91 29.91 29.67 29.63 29.24 29.16 29.07 28.62 29.17 28.72 28.66 28.62 29.34 29.05 29.07 28.57 28.63 29.87 29.43 29.53 29.63 29.71 29.62 29.60
