data/Validacao/MO.grd
DSAA
94	94
0.0000	100.0000
0.0000	100.0000
22.7136	41.0164
[rows 34 to 67 of 94, columns 0 to 76 of 94]
29.40 29.29 29.07 28.80 28.52 28.28 28.07 27.65 27.53 27.46 27.80 27.82 27.87 27.93 27.98 28.03 28.61 28.62 28.63 28.67 28.75 28.84 28.93 29.05 29.18 28.77 28.87 28.60 28.67 29.62 29.68 29.94 30.35 30.49 30.67 30.95 31.14 31.21 31.14 31.06 30.94 30.88 30.67 30.51 30.45 29.88 29.27 29.27 29.69 29.74 29.47 29.54 29.61 29.62 29.67 29.70 29.68 29.61 29.52 28.70 28.58 29.14 29.07 29.36 29.34 29.66 29.04 29.21 29.27 29.84 29.94 29.54 29.70 29.94 30.39 30.25 29.80
29.98 29.81 29.45 29.06 28.72 28.18 27.95 27.77 27.65 27.58 27.54 27.55 27.93 27.96 28.00 28.04 28.61 28.59 28.59 28.62 28.70 28.80 28.91 28.99 29.09 28.98 29.07 29.16 28.49 29.19 29.77 30.19 30.34 30.56 30.92 31.26 31.59 31.78 31.78 31.45 31.20 31.04 30.78 30.58 30.11 29.90 29.27 29.26 29.65 29.68 29.41 29.48 29.56 29.61 29.71 29.79 29.79 29.70 29.56 29.68 29.57 29.14 29.07 29.11 29.31 29.64 29.16 29.20 29.76 29.86 30.00 30.11 30.32 30.54 30.70 30.57 30.42
30.79 30.44 29.83 29.07 28.62 28.28 28.03 27.84 27.71 27.63 27.58 27.58 27.59 27.98 28.00 28.62 28.59 28.54 28.49 28.51 28.62 28.75 28.86 28.93 29.02 28.88 28.96 29.03 28.56 28.65 29.67 29.83 30.33 30.61 31.07 31.57 32.16 32.59 32.46 31.86 31.43 31.00 30.86 30.63 30.14 30.06 29.37 29.40 29.62 29.64 29.35 29.43 29.48 29.61 29.77 29.94 29.99 29.83 29.61 29.68 29.55 29.57 29.51 29.05 29.40 29.40 29.11 29.66 29.75 29.86 30.11 30.32 30.47 30.82 31.48 31.46 31.22
31.62 30.78 29.86 29.18 28.68 28.31 28.04 27.84 27.71 27.62 27.57 27.56 27.57 27.60 27.99 28.60 28.56 28.49 28.39 28.39 28.56 28.70 28.81 28.90 28.74 28.80 28.86 29.11 28.44 29.72 29.85 30.60 30.82 30.68 31.11 31.73 32.57 33.54 33.04 32.11 31.54 31.05 30.87 30.30 30.12 30.04 29.97 29.68 29.67 29.17 29.22 29.37 29.43 29.58 29.79 30.08 30.24 30.36 30.18 29.75 29.62 29.52 29.44 29.03 29.00 29.33 29.54 29.60 29.78 29.91 30.09 30.33 30.54 31.37 31.84 31.76 31.32
31.35 30.88 30.19 29.61 28.62 28.26 27.99 27.79 27.64 27.55 27.51 27.50 27.51 27.55 28.23 28.24 28.56 28.50 28.43 28.44 28.57 28.68 28.78 28.65 28.67 28.71 28.76 28.82 28.81 29.29 29.43 30.50 30.72 31.09 31.01 31.59 32.31 32.93 32.70 31.96 31.45 30.70 30.34 30.25 29.51 29.38 29.18 28.95 28.88 29.10 29.15 29.63 29.99 30.08 30.20 30.33 30.41 30.28 30.11 29.68 29.54 29.43 29.82 29.77 29.75 29.03 29.28 29.35 29.69 29.83 30.02 30.64 30.91 31.25 31.58 31.54 31.21
30.49 30.27 29.84 29.40 29.02 28.71 28.46 27.66 27.51 27.42 27.38 27.38 27.41 27.46 28.16 28.20 28.23 28.54 28.52 28.55 28.61 28.51 28.56 28.60 28.07 28.08 28.65 28.34 28.67 28.76 29.29 29.66 30.65 30.92 31.26 31.58 31.67 31.95 31.93 31.53 30.93 30.53 30.22 29.45 29.27 29.18 29.10 28.86 28.86 29.24 29.49 29.55 29.63 29.99 30.08 30.15 30.24 30.16 30.04 29.57 29.88 29.78 29.69 29.62 28.87 28.86 29.29 29.84 29.67 29.82 30.45 30.50 30.73 30.97 31.14 31.12 30.95
29.86 29.72 29.44 29.12 28.80 28.51 28.26 28.06 27.91 27.81 27.78 27.19 27.25 28.00 28.07 28.14 28.20 28.24 28.59 28.61 28.47 28.51 28.53 28.53 27.98 27.97 28.16 28.18 28.50 28.59 28.73 29.48 29.70 30.70 30.98 31.45 31.62 31.76 31.31 31.09 30.61 30.31 30.06 29.31 29.14 29.06 28.98 28.75 29.10 29.13 29.18 29.45 29.91 29.97 30.05 30.08 30.07 30.01 29.91 30.23 29.74 29.62 29.50 28.71 28.64 28.93 29.41 29.50 30.35 30.50 30.06 30.29 30.51 30.68 30.78 30.78 30.60
29.40 29.29 29.08 28.83 28.55 28.27 28.01 27.78 27.60 27.49 27.47 27.52 27.70 28.39 27.95 28.06 28.15 28.22 28.27 28.12 28.48 28.49 28.49 28.47 28.43 28.38 28.35 27.99 28.30 28.37 29.15 29.26 29.47 30.79 31.02 31.38 31.45 31.24 30.74 30.61 31.06 30.78 29.33 29.15 29.72 28.90 28.82 29.19 28.96 29.00 29.06 29.74 29.81 29.98 30.02 29.95 29.94 30.30 30.22 30.10 29.58 29.42 28.76 28.79 28.69 28.66 29.07 29.65 29.82 30.27 29.85 30.10 30.27 30.41 30.49 30.44 30.36
29.06 28.95 28.78 28.55 28.28 27.99 27.68 27.40 27.16 27.03 27.02 27.13 27.95 28.16 28.36 28.53 28.66 28.46 28.07 28.11 28.12 29.00 28.97 28.92 28.29 28.20 28.22 28.17 28.31 28.56 29.08 29.29 29.51 30.39 30.85 31.37 31.50 30.88 31.21 31.13 30.89 30.73 29.79 29.58 29.41 29.12 29.71 29.36 28.78 28.85 28.94 29.15 29.82 29.88 29.92 29.93 30.35 30.21 30.11 29.97 29.87 28.69 28.44 28.22 28.06 28.49 29.03 29.22 29.48 29.75 30.75 30.97 31.15 31.21 31.27 30.75 31.38
28.86 28.70 28.53 28.30 28.02 27.68 27.30 26.91 26.57 26.38 26.40 26.61 27.54 27.88 28.19 28.43 28.40 28.53 29.13 29.18 29.19 28.62 28.73 28.37 28.24 28.09 27.92 28.14 27.77 28.50 28.72 28.99 29.52 30.73 30.95 31.12 31.23 31.03 31.14 30.65 30.53 30.38 29.75 29.55 29.17 29.66 29.53 29.20 29.11 29.38 29.54 29.68 30.39 29.79 30.30 30.31 29.97 29.90 29.78 29.89 29.66 28.41 28.08 27.74 28.09 27.97 27.92 28.21 29.47 29.90 30.95 31.24 31.01 31.56 31.62 31.32 31.26
28.68 28.56 28.39 28.10 27.78 27.38 26.89 26.33 25.79 25.47 25.53 26.39 27.05 27.81 28.15 28.37 28.61 29.05 29.15 29.32 29.33 29.28 29.01 28.85 28.43 27.72 27.88 27.30 27.23 28.17 28.53 28.92 29.27 29.64 30.75 30.93 31.11 31.17 30.95 30.46 30.36 30.21 29.45 29.33 29.06 29.25 29.03 28.74 28.91 29.12 29.35 29.55 30.30 30.41 30.24 30.26 29.91 29.83 29.69 29.77 29.69 28.15 27.69 27.76 27.24 26.99 27.38 27.90 28.51 29.76 30.73 30.80 31.32 31.48 31.55 31.25 31.64
28.55 28.43 28.53 28.27 27.92 27.13 26.51 25.73 25.05 24.38 24.75 25.87 26.79 27.34 27.90 28.31 28.99 29.19 29.30 29.36 29.36 29.29 29.17 28.79 28.40 28.01 27.66 27.14 27.12 27.48 28.07 28.62 29.05 29.47 30.40 30.66 30.77 31.03 31.09 31.04 30.50 30.34 29.59 29.13 29.30 28.61 28.23 28.21 28.47 28.95 29.19 29.44 30.22 30.35 29.59 30.22 29.87 29.78 29.81 29.90 29.55 29.05 27.94 27.10 26.18 25.80 26.21 27.15 28.71 29.49 30.28 30.70 30.99 31.69 31.74 31.68 31.57
28.46 28.63 28.44 28.17 27.79 27.27 26.55 25.51 24.18 22.71 23.60 25.20 26.29 27.55 28.21 28.69 29.01 29.23 29.36 29.42 29.41 29.33 29.19 28.67 28.33 27.86 27.33 26.43 25.98 26.82 27.73 28.41 28.91 29.26 30.29 30.55 30.67 30.72 30.99 30.94 30.83 30.24 29.48 29.56 29.07 28.22 27.46 27.45 28.16 28.76 29.19 29.37 29.74 29.88 29.56 29.58 29.84 29.94 30.01 29.87 29.49 28.48 27.72 26.64 25.34 23.96 25.02 26.91 28.16 29.55 30.22 30.68 30.98 31.39 31.75 31.66 31.57
29.06 28.55 28.37 28.11 27.74 27.23 27.00 25.95 24.55 23.01 23.36 25.35 26.65 27.59 28.27 28.75 29.09 29.31 29.45 29.51 29.49 29.41 29.14 28.72 28.38 27.89 27.91 26.89 26.03 26.87 27.78 28.38 28.87 29.21 30.30 30.48 30.59 30.64 30.91 30.86 30.76 30.08 29.44 29.44 28.97 28.19 27.44 27.44 28.14 28.74 29.18 29.65 29.73 29.87 29.94 29.74 30.03 29.46 30.03 30.07 29.70 29.50 28.02 26.92 25.44 24.26 25.36 27.01 28.69 29.63 30.29 30.74 31.03 31.22 31.25 31.51 31.42
29.02 29.44 29.26 29.00 28.65 28.17 28.00 27.12 26.11 25.38 25.48 26.26 27.24 27.85 28.46 28.91 29.23 29.45 29.59 29.64 29.62 29.42 29.27 29.14 29.42 28.93 28.33 27.72 27.19 27.52 28.09 28.53 28.93 29.31 30.29 30.44 30.54 30.58 30.85 30.81 30.73 30.06 29.79 29.51 29.14 28.69 28.18 28.20 28.56 28.92 29.27 29.70 29.88 30.28 30.36 30.39 30.68 30.20 30.08 30.17 29.85 29.75 28.40 27.59 26.94 26.39 26.81 27.93 29.16 29.92 30.48 30.89 31.16 31.28 31.37 31.31 31.55
29.54 29.42 29.27 29.05 28.76 28.38 28.40 27.81 27.22 26.89 27.01 27.19 27.84 28.45 28.96 29.14 29.44 29.65 29.78 29.83 30.35 30.26 29.55 29.33 29.67 29.29 28.87 28.52 28.38 28.23 28.54 28.66 29.12 29.37 30.30 30.42 30.49 30.53 30.80 30.77 30.71 30.08 30.27 29.65 29.40 29.13 28.94 28.81 28.99 28.96 29.19 29.78 29.93 30.31 30.37 31.11 30.92 30.88 30.38 30.57 30.34 30.01 28.98 28.81 28.31 28.23 28.43 28.96 29.55 30.36 30.80 31.13 31.30 31.46 31.54 31.49 31.43
29.51 29.41 29.29 29.12 28.91 28.98 28.83 28.46 28.14 27.64 27.73 28.03 28.46 28.88 29.29 29.65 30.02 30.23 30.04 30.62 30.59 30.82 30.65 29.56 29.95 29.67 29.38 29.16 29.05 28.78 28.88 29.07 29.18 29.33 30.43 30.64 30.78 30.81 30.82 30.49 30.77 29.81 30.36 29.80 29.65 29.40 29.40 29.05 29.14 29.29 29.34 29.47 30.34 31.11 31.16 31.10 30.93 30.92 30.88 30.66 30.62 30.45 29.68 29.91 29.68 29.59 29.70 29.96 30.35 30.89 31.18 31.37 31.56 31.70 31.79 31.74 31.69
29.46 29.39 29.30 29.19 29.05 29.42 28.83 28.62 28.46 28.40 28.48 28.69 28.99 29.33 29.65 30.06 30.34 30.56 31.20 31.24 31.19 31.09 30.90 31.24 30.25 30.01 29.79 29.57 29.65 29.13 29.20 29.65 29.75 30.49 30.55 30.52 30.30 30.31 30.33 30.34 30.47 30.45 29.75 29.68 29.60 29.52 29.63 29.09 29.41 29.49 29.58 30.66 31.08 31.12 31.14 30.98 31.49 31.33 31.36 31.37 31.37 30.60 30.93 30.89 30.85 30.75 30.86 30.95 31.08 31.22 31.33 31.71 31.87 32.01 32.10 32.06 32.02
30.10 30.05 30.37 30.34 30.29 30.20 29.23 29.03 28.96 28.95 29.03 29.20 29.43 29.72 29.72 30.20 30.51 31.12 31.62 31.66 31.34 31.67 31.45 31.05 30.75 30.53 30.69 30.25 29.90 29.85 29.80 29.84 29.53 30.23 30.23 30.21 30.18 30.20 30.24 30.29 30.34 30.37 31.24 30.16 30.13 30.09 29.58 29.42 29.44 29.49 29.54 30.56 30.83 30.82 30.81 31.32 31.17 31.30 31.40 31.52 31.97 31.78 31.56 31.73 31.87 32.08 31.91 31.84 31.77 31.70 31.75 32.06 32.22 31.98 32.09 32.13 32.08
29.92 30.23 30.28 30.34 30.37 30.37 29.47 29.44 29.33 29.36 29.45 29.59 29.80 30.05 30.36 30.56 30.94 31.94 32.17 32.07 32.16 31.99 31.69 31.18 30.93 31.11 30.65 30.52 30.13 30.08 30.06 29.65 29.65 30.28 30.21 30.13 30.04 30.02 30.06 30.18 30.29 30.38 30.67 30.27 30.27 30.26 29.75 29.74 29.59 29.62 30.05 30.62 30.84 30.79 30.73 30.76 31.02 31.25 31.44 31.63 32.20 32.19 32.87 33.22 32.92 33.23 33.14 33.10 32.39 32.19 32.13 31.95 32.28 32.47 32.65 32.69 32.60
29.91 29.98 30.15 30.31 30.42 30.49 30.53 30.56 29.61 29.66 29.75 29.89 30.08 30.59 31.15 31.51 31.96 32.36 32.77 33.33 33.04 32.66 32.28 31.41 31.14 31.31 31.15 30.73 30.33 30.27 30.45 29.78 30.40 30.31 30.19 30.05 29.87 29.76 29.83 30.02 30.24 30.40 30.73 30.80 30.39 30.40 29.89 29.88 29.71 30.14 30.13 30.67 30.61 30.74 30.68 30.56 30.81 31.07 31.39 31.74 32.45 32.53 33.06 34.00 34.62 34.57 34.33 33.94 33.11 32.69 32.19 32.29 32.58 33.05 33.37 33.41 33.20
29.47 29.70 30.04 30.30 30.48 30.61 30.69 30.76 30.82 30.89 29.99 30.40 30.57 30.81 31.31 31.71 32.25 33.36 34.08 34.19 33.60 32.98 32.50 32.13 31.86 31.47 31.31 31.19 30.48 30.65 30.58 31.22 31.12 30.36 30.22 29.98 29.66 29.38 29.55 29.92 30.21 30.45 30.81 30.90 30.95 30.52 30.52 29.80 30.25 30.23 30.20 30.37 30.30 30.42 30.40 30.30 30.42 30.67 31.33 31.78 32.58 32.36 33.07 34.01 35.42 36.36 35.59 34.46 33.54 32.89 32.38 32.55 32.97 33.57 34.27 34.26 33.82
29.23 29.61 30.04 30.35 30.57 30.72 30.84 30.93 31.00 31.08 31.18 31.42 31.86 32.05 32.31 31.85 32.88 33.56 34.47 34.71 33.81 33.11 32.60 32.23 31.96 31.87 31.72 31.61 31.32 31.87 31.41 31.32 31.20 30.47 30.28 30.02 29.64 29.20 29.50 29.97 30.30 30.54 30.88 30.97 31.02 31.32 31.00 30.41 30.55 30.18 30.49 30.42 30.34 30.44 30.39 30.09 30.09 30.62 31.33 31.68 32.18 32.47 33.24 34.27 35.87 37.27 35.96 34.54 33.53 32.83 32.52 32.75 33.21 33.90 34.81 34.79 34.11
29.75 29.92 30.22 30.48 30.69 30.85 30.98 31.08 31.17 31.04 31.76 31.86 31.99 32.15 32.38 32.68 32.82 33.34 33.88 33.95 33.54 33.01 32.58 32.25 32.12 31.94 31.81 31.02 31.43 32.08 31.99 31.89 31.34 31.19 30.42 30.21 29.95 29.78 29.92 30.23 30.52 30.73 30.46 31.14 31.17 31.17 31.11 30.52 30.47 30.26 30.55 30.48 30.40 30.41 30.51 30.34 30.53 30.82 31.22 31.72 32.18 32.43 33.12 34.23 35.21 35.86 35.48 34.29 33.53 33.01 32.81 32.96 33.33 33.70 34.18 34.17 33.79
30.37 30.29 30.47 30.61 30.78 30.93 31.06 31.03 31.74 31.82 31.90 31.99 32.09 32.22 32.40 32.62 32.91 33.00 33.25 33.28 33.05 32.79 32.13 31.86 31.66 31.60 31.48 31.40 31.13 32.17 32.08 31.56 31.46 31.33 30.62 30.48 30.36 30.31 30.41 30.62 30.83 30.62 30.71 31.35 31.36 30.70 30.64 30.32 30.54 30.33 30.80 30.54 30.62 30.50 30.65 30.90 30.92 30.76 31.18 31.59 32.29 32.72 32.49 33.14 34.28 34.63 34.52 34.14 33.36 33.08 32.99 33.10 33.34 33.49 33.73 33.71 33.54
30.73 30.79 30.91 30.80 30.95 30.95 31.08 31.80 31.90 31.99 32.06 32.12 32.19 32.28 32.39 32.54 32.77 32.66 32.79 32.79 32.68 32.69 31.98 31.81 31.75 31.64 31.56 31.30 31.24 32.25 31.74 31.66 31.59 31.49 31.03 30.77 30.74 30.76 30.87 31.04 31.21 30.98 31.05 31.32 31.00 30.91 30.80 30.45 30.35 30.94 30.87 30.79 30.69 30.63 30.80 30.77 31.16 30.91 31.08 31.58 32.19 32.50 32.08 32.52 33.47 33.72 33.75 33.68 33.58 33.51 33.53 33.64 33.81 33.63 33.75 33.82 33.71
30.99 31.04 30.94 31.06 31.19 31.12 31.86 31.98 32.09 32.18 32.24 32.27 32.30 32.33 32.39 32.53 32.62 32.71 32.46 32.46 32.39 32.50 32.38 31.73 31.75 31.68 32.26 32.21 31.37 31.93 31.86 31.78 31.71 31.29 31.24 31.23 31.25 31.16 31.31 31.20 31.37 31.49 31.49 31.70 31.59 31.16 30.99 30.59 30.45 31.00 30.92 30.85 30.76 30.71 30.92 30.90 31.31 30.99 31.10 31.53 32.05 31.41 31.67 32.54 32.79 33.01 33.16 33.30 33.45 33.59 33.74 33.89 34.02 33.76 33.81 33.85 33.74
30.99 31.03 31.11 32.15 32.28 32.42 32.63 32.19 32.33 32.42 32.46 32.46 32.43 32.41 32.67 32.48 32.51 32.54 32.25 32.24 32.42 32.36 32.38 32.32 32.39 32.36 32.34 32.32 32.87 32.79 31.98 31.90 31.79 31.74 31.45 31.48 31.56 31.69 31.46 31.69 31.92 32.07 32.10 31.46 31.22 31.86 31.60 31.57 31.40 31.67 31.84 31.79 30.81 30.94 30.32 31.08 31.21 31.25 31.24 30.99 31.63 32.00 31.43 31.68 31.86 32.09 32.65 33.01 33.41 33.77 34.06 34.26 34.39 34.79 34.80 34.76 34.61
32.10 32.14 32.21 32.31 32.43 32.58 32.81 32.99 33.15 33.26 32.76 32.70 32.85 32.76 32.70 32.67 33.07 33.07 33.06 32.73 32.71 32.36 32.32 32.42 32.41 32.42 33.31 33.27 33.21 32.87 32.76 32.56 31.91 31.87 31.88 31.70 31.83 32.03 31.92 32.25 32.58 32.84 32.89 32.68 32.42 32.17 31.84 31.54 31.44 31.67 31.84 31.80 31.77 30.98 30.35 30.34 30.93 31.19 31.21 30.90 31.46 31.04 31.04 31.16 31.23 31.46 31.88 32.51 33.48 34.11 34.56 34.81 35.24 35.29 35.28 35.19 34.96
32.23 32.27 32.34 32.44 32.56 32.73 32.93 33.22 33.46 33.63 33.63 33.22 33.03 32.87 33.15 33.08 33.04 33.02 33.00 32.98 32.64 32.55 32.29 32.64 32.65 33.36 33.36 33.35 33.30 32.97 32.82 32.59 32.48 32.47 32.00 32.27 32.45 32.33 32.70 32.92 33.37 34.41 34.28 33.88 33.20 32.11 31.95 31.56 31.42 31.22 31.59 31.81 31.79 31.34 30.37 30.35 30.94 31.19 31.17 31.37 31.31 31.21 30.67 30.63 30.54 30.72 31.32 32.30 33.42 34.69 35.34 36.19 36.24 35.94 35.95 35.79 35.42
32.33 32.37 32.44 32.54 32.67 32.85 33.08 33.39 33.81 34.12 33.86 33.51 33.54 33.33 33.19 33.10 33.04 33.01 32.98 32.96 33.23 32.53 32.63 32.64 33.37 33.38 33.41 33.45 33.42 33.25 32.79 32.59 32.43 32.41 32.49 32.63 32.83 32.71 32.97 33.80 34.62 35.53 35.68 34.85 33.72 32.73 31.81 31.49 31.30 31.20 31.87 31.87 31.79 31.35 31.33 31.52 30.94 31.60 31.13 31.06 31.19 31.01 30.37 30.14 29.76 29.72 30.61 32.08 34.27 35.84 36.95 36.93 36.79 36.89 36.80 36.55 36.13
32.41 32.45 32.52 32.61 32.74 32.92 33.17 33.52 34.17 34.72 34.47 33.97 33.62 33.39 33.23 33.13 33.06 33.02 32.99 32.96 33.23 33.57 32.63 32.64 33.37 33.38 33.43 33.51 33.55 33.28 32.79 32.55 32.34 32.32 32.46 32.63 33.17 33.03 33.53 34.26 35.00 36.37 37.12 35.49 33.97 32.80 31.75 31.23 31.25 31.17 31.84 31.85 31.86 31.35 31.33 32.14 31.63 31.98 31.10 31.02 31.11 30.83 30.51 29.85 29.20 28.64 30.01 31.88 34.34 36.44 37.94 37.31 36.98 37.13 37.72 37.29 36.29
32.48 32.52 32.58 32.67 32.79 32.95 33.43 33.71 34.08 34.45 34.46 34.15 33.89 33.40 33.25 33.16 33.10 33.06 33.03 33.01 34.70 34.37 34.31 34.24 33.82 33.77 33.37 33.40 33.37 33.45 33.22 32.98 32.76 32.73 32.89 33.04 33.24 33.29 33.58 34.25 34.96 35.94 36.34 35.40 34.19 33.13 31.77 31.27 31.05 31.68 31.68 32.48 31.84 31.78 31.77 32.40 32.63 32.15 32.35 32.23 32.28 32.00 31.09 30.59 30.17 29.86 30.82 32.41 34.03 35.70 36.89 36.76 36.57 36.67 37.16 36.88 36.18
32.55 32.59 32.64 32.71 33.14 33.26 33.38 33.59 33.82 33.98 33.97 33.98 33.82 33.69 33.60 33.54 33.51 33.81 33.78 34.06 34.75 34.42 34.33 34.24 33.80 33.72 34.01 33.88 33.73 33.32 33.14 32.97 32.85 32.84 32.91 33.07 33.29 33.30 33.45 33.96 34.53 34.87 34.97 34.49 33.72 32.96 32.16 31.77 31.60 31.67 31.66 32.46 32.07 32.08 32.43 32.37 32.60 32.15 32.34 32.24 32.31 32.08 31.26 30.93 30.84 30.84 31.42 32.42 33.57 34.89 35.53 35.64 35.64 36.00 36.01 35.83 35.48
