data/Validacao/P.grd
DSAA
94	94
0.0000	100.0000
0.0000	100.0000
2.5626	10.7667
[rows 37 to 73 of 94, columns 0 to 83 of 94]
5.59 5.35 5.08 4.82 4.56 4.32 4.09 3.90 3.73 3.61 3.52 3.47 3.46 3.48 3.59 3.80 3.87 3.96 4.06 4.18 4.34 4.50 4.66 4.82 4.96 5.10 5.22 5.38 5.46 5.76 5.96 6.25 6.46 6.60 6.79 7.03 7.20 7.33 7.26 7.08 6.92 6.74 6.61 6.40 6.24 6.12 5.99 5.88 5.82 5.76 5.74 5.69 5.71 5.72 5.75 5.79 5.82 5.78 5.73 5.61 5.54 5.49 5.43 5.30 5.27 5.26 5.24 5.26 5.45 5.50 5.54 5.59 5.66 5.72 5.78 5.76 5.68 5.60 5.50 5.41 5.36 5.27 5.17 5.10
5.59 5.38 5.12 4.87 4.51 4.27 4.04 3.84 3.68 3.55 3.46 3.42 3.41 3.43 3.64 3.71 3.84 3.93 4.03 4.15 4.29 4.45 4.59 4.76 4.85 4.98 5.11 5.24 5.39 5.63 5.83 6.11 6.33 6.57 6.70 6.94 7.10 7.21 7.18 7.03 6.88 6.68 6.50 6.38 6.20 6.06 5.94 5.85 5.79 5.75 5.73 5.76 5.74 5.73 5.73 5.74 5.72 5.67 5.61 5.47 5.39 5.32 5.24 5.18 5.14 5.06 5.04 5.06 5.27 5.30 5.34 5.40 5.44 5.49 5.52 5.51 5.44 5.36 5.33 5.23 5.11 4.99 4.89 4.79
5.48 5.28 5.04 4.79 4.54 4.30 4.07 3.76 3.59 3.47 3.39 3.35 3.36 3.40 3.62 3.70 3.80 3.95 4.05 4.16 4.29 4.45 4.57 4.69 4.73 4.84 4.98 5.08 5.23 5.40 5.66 5.87 6.20 6.42 6.62 6.85 6.94 7.01 7.02 6.92 6.77 6.62 6.45 6.27 6.13 6.03 5.91 5.82 5.75 5.77 5.75 5.72 5.70 5.67 5.65 5.63 5.60 5.55 5.48 5.32 5.22 5.13 5.06 5.00 4.87 4.87 4.91 5.13 5.09 5.11 5.13 5.17 5.20 5.24 5.25 5.24 5.19 5.17 5.08 4.98 4.84 4.74 4.67 4.57
5.36 5.17 4.94 4.69 4.44 4.20 3.97 3.77 3.61 3.49 3.43 3.30 3.33 3.54 3.62 3.73 3.84 3.96 4.11 4.21 4.36 4.46 4.56 4.65 4.66 4.74 4.85 4.94 5.07 5.23 5.43 5.70 5.91 6.25 6.45 6.67 6.85 6.93 6.85 6.78 6.67 6.54 6.39 6.21 6.07 5.97 5.86 5.77 5.77 5.71 5.66 5.65 5.67 5.64 5.56 5.52 5.47 5.41 5.34 5.23 5.06 4.97 4.89 4.72 4.68 4.87 4.91 4.92 4.95 4.97 4.94 4.96 4.99 5.01 5.02 5.00 5.02 4.94 4.85 4.78 4.59 4.51 4.40 4.31
5.25 5.05 4.83 4.59 4.34 4.09 3.86 3.65 3.50 3.40 3.36 3.38 3.46 3.66 3.66 3.78 3.91 4.04 4.16 4.31 4.43 4.51 4.58 4.64 4.69 4.79 4.85 4.83 5.02 5.08 5.40 5.52 5.74 6.10 6.30 6.53 6.68 6.74 6.69 6.64 6.64 6.55 6.24 6.14 6.18 5.91 5.80 5.77 5.70 5.64 5.59 5.62 5.59 5.56 5.51 5.41 5.35 5.26 5.18 5.09 4.91 4.81 4.79 4.74 4.70 4.68 4.71 4.73 4.74 4.78 4.76 4.78 4.81 4.83 4.83 4.87 4.82 4.77 4.67 4.56 4.44 4.31 4.16 4.06
5.14 4.94 4.72 4.48 4.22 3.97 3.73 3.53 3.39 3.31 3.30 3.35 3.57 3.70 3.84 3.98 4.12 4.22 4.33 4.42 4.50 4.68 4.73 4.76 4.72 4.75 4.76 4.81 4.91 5.06 5.28 5.47 5.68 5.99 6.22 6.39 6.52 6.57 6.59 6.56 6.47 6.38 6.21 6.14 6.02 5.92 5.88 5.79 5.61 5.55 5.49 5.46 5.51 5.47 5.42 5.37 5.29 5.15 5.06 4.96 5.00 4.72 4.57 4.49 4.44 4.42 4.52 4.53 4.57 4.61 4.71 4.75 4.78 4.84 4.83 4.76 4.81 4.73 4.62 4.50 4.27 4.13 4.02 3.93
5.07 4.84 4.61 4.37 4.11 3.85 3.62 3.43 3.29 3.23 3.25 3.33 3.59 3.75 3.93 4.10 4.32 4.45 4.65 4.74 4.80 4.77 4.74 4.72 4.72 4.72 4.72 4.83 4.84 5.01 5.15 5.33 5.57 5.94 6.14 6.30 6.43 6.45 6.54 6.38 6.33 6.25 6.12 6.01 5.93 5.86 5.77 5.68 5.64 5.59 5.54 5.50 5.55 5.37 5.30 5.25 5.11 5.04 4.95 4.95 4.85 4.55 4.45 4.35 4.32 4.28 4.24 4.28 4.45 4.48 4.63 4.68 4.69 4.71 4.71 4.75 4.68 4.59 4.48 4.34 4.17 4.02 3.88 3.78
4.98 4.78 4.55 4.27 4.01 3.76 3.53 3.34 3.20 3.15 3.19 3.45 3.63 3.92 4.11 4.37 4.55 4.72 4.84 4.95 4.99 5.01 4.95 4.93 4.89 4.77 4.81 4.74 4.77 4.97 5.10 5.26 5.44 5.68 6.00 6.17 6.32 6.41 6.35 6.27 6.23 6.15 5.99 5.92 5.81 5.77 5.67 5.59 5.52 5.51 5.46 5.42 5.48 5.44 5.23 5.18 5.05 4.98 4.89 4.90 4.79 4.48 4.35 4.27 4.16 4.10 4.13 4.19 4.28 4.41 4.55 4.54 4.63 4.65 4.65 4.67 4.60 4.52 4.37 4.21 4.05 3.88 3.72 3.60
4.91 4.70 4.49 4.24 3.98 3.70 3.48 3.28 3.20 3.13 3.25 3.52 3.78 4.09 4.34 4.56 4.81 4.97 5.09 5.17 5.21 5.21 5.18 5.08 5.04 4.96 4.90 4.82 4.81 4.88 5.02 5.19 5.35 5.58 5.86 6.06 6.19 6.31 6.33 6.35 6.24 6.17 6.02 5.84 5.78 5.66 5.55 5.46 5.44 5.42 5.40 5.36 5.43 5.39 5.13 5.13 5.02 4.95 4.82 4.89 4.77 4.62 4.34 4.17 4.02 3.96 4.00 4.11 4.26 4.36 4.46 4.52 4.57 4.64 4.64 4.65 4.58 4.47 4.34 4.18 4.00 3.80 3.61 3.44
4.85 4.66 4.43 4.19 3.96 3.73 3.52 3.36 3.18 3.05 3.27 3.59 3.96 4.30 4.59 4.84 5.05 5.23 5.36 5.44 5.47 5.45 5.41 5.31 5.22 5.10 4.99 4.84 4.76 4.86 5.01 5.16 5.32 5.48 5.81 6.00 6.12 6.21 6.26 6.28 6.27 6.11 5.96 5.83 5.71 5.58 5.45 5.37 5.39 5.37 5.34 5.33 5.33 5.30 5.12 5.08 5.02 4.92 4.85 4.92 4.79 4.50 4.33 4.14 4.01 3.84 3.93 4.10 4.23 4.37 4.46 4.54 4.59 4.63 4.68 4.68 4.62 4.51 4.38 4.23 4.04 3.83 3.59 3.35
4.88 4.72 4.49 4.26 4.05 3.85 3.68 3.53 3.36 3.25 3.45 3.86 4.21 4.54 4.85 5.12 5.35 5.54 5.67 5.75 5.78 5.75 5.72 5.58 5.46 5.32 5.27 5.09 4.89 4.96 5.08 5.22 5.36 5.49 5.83 5.96 6.08 6.17 6.24 6.26 6.25 6.14 5.95 5.89 5.76 5.56 5.42 5.34 5.36 5.34 5.32 5.34 5.34 5.32 5.29 5.09 5.07 4.98 4.92 4.99 4.86 4.78 4.46 4.26 4.07 3.94 4.02 4.17 4.33 4.45 4.55 4.63 4.70 4.74 4.77 4.73 4.65 4.55 4.43 4.28 4.11 3.92 3.70 3.48
4.88 4.78 4.56 4.36 4.17 4.00 3.90 3.77 3.69 3.69 3.92 4.17 4.50 4.87 5.19 5.47 5.71 5.90 6.04 6.12 6.14 6.15 6.07 5.97 5.92 5.76 5.59 5.42 5.23 5.21 5.25 5.35 5.44 5.58 5.85 5.96 6.08 6.19 6.27 6.31 6.30 6.19 6.04 5.93 5.81 5.67 5.49 5.42 5.36 5.34 5.32 5.35 5.35 5.34 5.33 5.32 5.21 5.13 5.07 5.08 4.96 4.88 4.57 4.40 4.27 4.20 4.24 4.34 4.49 4.60 4.72 4.81 4.87 4.95 4.94 4.89 4.84 4.75 4.65 4.52 4.37 4.19 4.02 3.89
5.02 4.82 4.63 4.46 4.31 4.19 4.14 4.07 4.06 4.13 4.31 4.61 4.92 5.25 5.56 5.89 6.13 6.33 6.47 6.54 6.66 6.63 6.49 6.38 6.31 6.13 5.95 5.79 5.65 5.54 5.52 5.54 5.61 5.68 5.93 6.03 6.15 6.26 6.34 6.39 6.39 6.28 6.26 6.03 5.91 5.78 5.66 5.51 5.43 5.36 5.33 5.39 5.39 5.39 5.40 5.48 5.45 5.40 5.32 5.29 5.16 5.02 4.72 4.59 4.50 4.46 4.50 4.58 4.68 4.83 4.93 5.01 5.14 5.16 5.16 5.13 5.08 5.04 4.96 4.85 4.72 4.58 4.45 4.36
5.08 4.91 4.75 4.61 4.50 4.45 4.42 4.41 4.46 4.62 4.83 5.09 5.40 5.71 6.03 6.32 6.62 6.82 6.96 7.13 7.14 7.11 7.02 6.82 6.73 6.56 6.37 6.20 6.00 5.84 5.80 5.78 5.81 5.86 6.10 6.20 6.29 6.39 6.46 6.49 6.54 6.39 6.40 6.13 6.01 5.87 5.79 5.58 5.49 5.42 5.41 5.38 5.43 5.52 5.54 5.56 5.54 5.65 5.60 5.44 5.29 5.16 4.90 4.79 4.74 4.74 4.79 4.87 4.97 5.09 5.18 5.32 5.37 5.40 5.42 5.41 5.40 5.37 5.34 5.26 5.16 5.04 4.93 4.86
5.17 5.03 4.90 4.78 4.71 4.74 4.77 4.81 4.91 5.07 5.30 5.57 5.88 6.21 6.52 6.87 7.14 7.36 7.60 7.68 7.68 7.62 7.52 7.44 7.19 6.99 6.77 6.60 6.36 6.17 6.07 6.07 6.07 6.24 6.31 6.36 6.45 6.54 6.62 6.66 6.68 6.67 6.37 6.29 6.18 6.06 5.92 5.70 5.62 5.54 5.49 5.54 5.60 5.60 5.61 5.58 5.76 5.83 5.78 5.71 5.60 5.16 5.06 5.01 5.00 5.03 5.11 5.19 5.27 5.35 5.36 5.58 5.63 5.66 5.70 5.72 5.75 5.77 5.76 5.73 5.66 5.55 5.44 5.36
5.45 5.31 5.26 5.19 5.15 5.14 5.05 5.19 5.32 5.51 5.76 6.05 6.37 6.70 7.01 7.38 7.68 7.97 8.17 8.28 8.23 8.24 8.09 7.87 7.66 7.42 7.21 6.92 6.69 6.56 6.39 6.33 6.33 6.46 6.52 6.59 6.66 6.74 6.82 6.87 6.88 6.87 6.86 6.53 6.43 6.31 6.10 5.91 5.80 5.69 5.62 5.71 5.67 5.65 5.63 5.75 5.83 5.85 5.82 5.77 5.69 5.43 5.25 5.24 5.27 5.35 5.42 5.50 5.58 5.59 5.66 5.85 5.89 5.73 5.77 5.84 5.93 6.21 6.27 6.26 6.19 6.08 6.00 5.89
5.58 5.52 5.45 5.41 5.41 5.44 5.38 5.50 5.71 5.93 6.19 6.50 6.82 7.17 7.52 7.89 8.23 8.60 8.80 8.90 8.92 8.79 8.60 8.35 8.10 7.87 7.50 7.24 7.02 6.85 6.73 6.58 6.57 6.72 6.76 6.83 6.90 6.97 7.05 7.09 7.09 7.07 6.85 6.72 6.62 6.50 6.29 6.16 5.98 5.86 5.83 5.85 5.79 5.75 5.72 5.78 5.89 5.92 5.91 5.86 5.80 5.57 5.56 5.58 5.54 5.64 5.73 5.85 5.85 5.91 5.96 5.93 6.08 6.03 6.08 6.19 6.34 6.67 6.68 6.83 6.77 6.63 6.50 6.36
5.76 5.68 5.64 5.64 5.67 5.73 5.84 5.98 6.09 6.32 6.60 6.92 7.25 7.65 8.06 8.44 8.82 9.21 9.45 9.63 9.53 9.34 9.09 8.76 8.48 8.21 7.92 7.53 7.30 7.12 6.98 6.86 6.95 6.97 7.01 7.06 7.15 7.23 7.30 7.32 7.32 7.29 7.06 6.97 6.81 6.69 6.48 6.36 6.16 6.08 5.99 5.98 5.91 5.85 5.80 5.84 5.87 5.96 5.95 5.93 5.86 5.69 5.72 5.78 5.88 5.93 6.01 6.13 6.17 6.24 6.22 6.25 6.28 6.32 6.37 6.52 6.76 7.05 7.27 7.37 7.39 7.19 6.98 6.84
5.91 5.86 5.85 5.87 5.93 6.02 6.15 6.32 6.53 6.83 6.97 7.33 7.67 8.04 8.47 8.87 9.28 9.80 10.15 10.24 10.05 9.77 9.48 9.16 8.84 8.49 8.18 7.89 7.55 7.36 7.24 7.23 7.21 7.21 7.23 7.31 7.40 7.51 7.56 7.57 7.55 7.51 7.27 7.17 7.06 6.89 6.75 6.40 6.35 6.24 6.13 6.07 5.97 5.90 5.87 5.84 5.90 5.88 5.97 5.96 5.92 5.75 5.81 5.92 6.07 6.23 6.29 6.36 6.44 6.52 6.55 6.58 6.59 6.60 6.63 6.82 7.17 7.52 7.85 8.05 7.96 7.68 7.39 7.19
6.06 6.04 6.05 6.10 6.18 6.30 6.45 6.69 6.91 7.16 7.45 7.81 8.26 8.63 9.02 9.21 9.76 10.16 10.54 10.67 10.39 10.08 9.76 9.42 9.08 8.65 8.31 8.03 7.79 7.68 7.52 7.46 7.43 7.41 7.46 7.53 7.64 7.76 7.81 7.81 7.79 7.74 7.45 7.34 7.21 7.10 6.91 6.70 6.49 6.36 6.29 6.16 6.05 5.96 5.92 5.89 5.91 5.88 5.96 5.91 5.92 5.82 5.90 6.03 6.19 6.38 6.45 6.52 6.62 6.74 6.84 6.89 6.92 6.93 6.95 7.15 7.53 7.92 8.31 8.57 8.37 8.04 7.71 7.43
6.22 6.22 6.25 6.32 6.43 6.56 6.78 6.98 7.20 7.48 7.88 8.19 8.53 8.90 9.27 9.65 9.97 10.32 10.59 10.65 10.51 10.24 9.93 9.59 9.15 8.80 8.47 8.15 7.98 7.85 7.76 7.71 7.60 7.61 7.64 7.72 7.83 7.93 8.00 8.03 8.01 7.96 7.64 7.53 7.38 7.23 7.06 6.84 6.71 6.47 6.37 6.23 6.10 6.04 5.93 5.88 5.88 5.83 5.81 5.88 5.92 5.86 5.94 6.04 6.18 6.38 6.52 6.62 6.76 6.91 7.03 7.12 7.20 7.26 7.37 7.56 7.87 8.20 8.50 8.65 8.55 8.30 8.01 7.78
6.33 6.39 6.44 6.53 6.65 6.81 6.99 7.25 7.60 7.85 8.13 8.43 8.75 9.09 9.45 9.80 10.12 10.36 10.54 10.57 10.46 10.27 9.85 9.53 9.18 8.81 8.50 8.25 8.05 8.00 7.91 7.76 7.74 7.75 7.78 7.87 7.97 8.08 8.17 8.21 8.21 7.95 7.84 7.72 7.55 7.29 7.11 6.91 6.82 6.54 6.42 6.25 6.10 6.03 5.89 5.87 5.80 5.72 5.71 5.80 5.85 5.93 5.84 5.98 6.15 6.34 6.52 6.67 6.82 7.01 7.18 7.33 7.47 7.59 7.75 7.93 8.18 8.40 8.60 8.69 8.63 8.45 8.26 8.05
6.46 6.50 6.57 6.72 6.85 7.07 7.26 7.59 7.82 8.07 8.33 8.61 8.91 9.23 9.55 9.86 10.16 10.32 10.45 10.47 10.37 10.28 9.89 9.53 9.16 8.84 8.56 8.33 8.15 8.11 7.92 7.85 7.82 7.83 7.84 7.96 8.08 8.20 8.31 8.37 8.38 8.14 8.03 7.84 7.62 7.41 7.21 6.98 6.80 6.61 6.42 6.24 6.07 5.92 5.83 5.76 5.71 5.63 5.62 5.73 5.77 5.85 5.79 5.92 6.08 6.27 6.47 6.65 6.84 7.02 7.19 7.37 7.54 7.83 8.03 8.23 8.43 8.49 8.63 8.69 8.66 8.56 8.41 8.24
6.57 6.63 6.73 6.85 7.00 7.25 7.56 7.78 8.01 8.25 8.50 8.75 9.02 9.31 9.59 9.88 10.11 10.27 10.33 10.33 10.25 10.18 9.96 9.52 9.12 8.84 8.75 8.54 8.21 8.09 7.97 7.88 7.84 7.81 7.87 7.97 8.10 8.28 8.42 8.43 8.46 8.43 8.22 8.01 7.79 7.52 7.28 7.02 6.82 6.59 6.38 6.18 5.99 5.84 5.74 5.66 5.59 5.52 5.52 5.63 5.66 5.62 5.70 5.81 5.97 6.16 6.36 6.58 6.79 7.02 7.24 7.47 7.69 8.03 8.25 8.44 8.59 8.60 8.69 8.72 8.69 8.61 8.49 8.36
6.68 6.75 6.84 7.13 7.29 7.47 7.75 7.93 8.16 8.39 8.61 8.85 9.09 9.33 9.64 9.82 10.01 10.13 10.17 10.16 10.16 10.01 9.81 9.56 9.20 8.95 8.74 8.55 8.38 8.23 7.98 7.87 7.84 7.84 7.84 7.96 8.12 8.45 8.41 8.54 8.61 8.55 8.45 8.14 7.89 7.62 7.35 7.12 6.88 6.58 6.37 6.14 5.89 5.79 5.61 5.59 5.41 5.36 5.34 5.26 5.37 5.55 5.59 5.78 5.84 6.01 6.21 6.47 6.71 6.98 7.26 7.54 7.81 8.03 8.24 8.47 8.61 8.67 8.72 8.72 8.69 8.62 8.53 8.42
6.94 7.01 7.11 7.23 7.39 7.58 7.86 8.08 8.30 8.51 8.69 8.90 9.16 9.37 9.58 9.76 9.98 10.08 10.12 10.10 10.01 9.81 9.62 9.30 9.07 8.87 8.74 8.59 8.44 8.21 8.03 7.86 7.73 7.73 7.80 7.89 8.08 8.42 8.46 8.63 8.71 8.73 8.63 8.42 8.09 7.68 7.36 7.07 6.82 6.49 6.27 6.03 5.82 5.66 5.49 5.42 5.30 5.22 5.19 5.12 5.23 5.41 5.44 5.60 5.68 5.82 6.02 6.29 6.59 6.91 7.24 7.57 7.86 8.14 8.37 8.58 8.69 8.71 8.72 8.69 8.65 8.59 8.51 8.41
6.99 7.07 7.17 7.30 7.46 7.65 7.86 8.15 8.37 8.57 8.76 8.96 9.13 9.30 9.54 9.68 9.78 9.84 9.85 9.81 9.75 9.63 9.39 9.23 9.04 8.79 8.67 8.55 8.41 8.16 7.94 7.73 7.59 7.60 7.64 7.87 8.09 8.33 8.57 8.72 8.83 8.97 8.83 8.56 8.18 7.69 7.30 6.97 6.70 6.35 6.12 5.91 5.70 5.52 5.36 5.28 5.16 5.06 4.94 5.01 5.09 5.18 5.28 5.39 5.43 5.55 5.77 6.08 6.44 6.81 7.18 7.44 7.79 8.21 8.48 8.67 8.73 8.54 8.50 8.61 8.56 8.52 8.45 8.37
7.00 7.09 7.20 7.33 7.49 7.67 7.88 8.10 8.39 8.60 8.78 8.91 9.10 9.24 9.37 9.47 9.54 9.56 9.54 9.49 9.54 9.35 9.15 8.98 8.75 8.63 8.55 8.48 8.36 8.12 7.79 7.54 7.34 7.32 7.45 7.66 7.91 8.18 8.42 8.68 8.93 9.12 9.05 8.70 8.20 7.68 7.19 6.80 6.47 6.21 6.01 5.78 5.57 5.41 5.29 5.19 5.00 4.90 4.80 4.84 4.93 5.01 5.12 5.17 5.15 5.23 5.49 5.85 6.20 6.62 7.00 7.38 7.77 8.17 8.56 8.72 8.59 8.50 8.42 8.35 8.32 8.40 8.34 8.27
7.01 7.10 7.20 7.32 7.47 7.65 7.84 8.06 8.34 8.56 8.76 8.85 8.95 9.05 9.15 9.22 9.25 9.25 9.22 9.16 9.21 9.12 8.85 8.71 8.51 8.42 8.36 8.34 8.27 7.97 7.62 7.33 7.06 7.01 7.22 7.46 7.73 8.00 8.27 8.57 8.86 9.14 9.22 8.71 8.12 7.55 6.98 6.62 6.32 6.07 5.87 5.64 5.43 5.29 5.18 5.10 4.83 4.69 4.67 4.71 4.79 4.87 4.87 4.98 4.92 4.92 5.23 5.64 6.03 6.48 6.87 7.24 7.65 8.08 8.54 8.64 8.51 8.39 8.28 8.20 8.20 8.19 8.21 8.15
7.00 7.09 7.19 7.30 7.43 7.60 7.84 8.04 8.23 8.42 8.59 8.67 8.74 8.83 8.90 8.94 8.96 8.94 8.89 8.82 8.95 8.79 8.68 8.55 8.47 8.36 8.09 8.05 7.95 7.76 7.48 7.20 6.98 6.94 7.10 7.34 7.58 7.83 8.10 8.38 8.64 8.85 8.84 8.46 7.95 7.42 6.87 6.52 6.21 6.00 5.78 5.59 5.31 5.21 5.09 4.98 4.88 4.67 4.61 4.62 4.67 4.72 4.77 4.74 4.75 4.79 5.03 5.38 5.85 6.25 6.65 7.03 7.41 7.81 8.09 8.30 8.26 8.19 8.13 8.09 8.06 8.07 8.07 8.02
6.98 7.07 7.18 7.29 7.46 7.61 7.79 7.97 8.12 8.26 8.35 8.49 8.55 8.60 8.65 8.66 8.65 8.70 8.63 8.58 8.63 8.48 8.37 8.26 8.19 8.07 7.92 7.82 7.69 7.47 7.26 7.06 6.93 6.91 7.05 7.22 7.43 7.65 7.91 8.13 8.31 8.40 8.33 8.05 7.65 7.21 6.79 6.49 6.17 5.87 5.64 5.45 5.28 5.16 5.02 4.88 4.74 4.56 4.49 4.52 4.57 4.64 4.68 4.67 4.74 4.81 4.99 5.25 5.56 5.87 6.21 6.70 7.04 7.21 7.51 7.71 7.86 7.88 7.90 7.91 7.92 7.94 7.96 7.96
6.96 7.13 7.23 7.35 7.47 7.59 7.77 7.90 8.03 8.14 8.31 8.36 8.38 8.41 8.43 8.43 8.49 8.43 8.34 8.48 8.34 8.24 8.27 8.16 8.05 7.73 7.61 7.49 7.37 7.20 7.06 6.93 6.86 6.90 6.98 7.11 7.28 7.47 7.66 7.86 7.97 7.98 7.88 7.65 7.32 6.97 6.63 6.28 6.01 5.79 5.52 5.32 5.17 5.07 4.94 4.76 4.62 4.48 4.48 4.45 4.52 4.64 4.64 4.66 4.71 4.83 4.96 5.14 5.35 5.60 5.87 6.14 6.39 6.67 6.93 7.15 7.41 7.52 7.61 7.70 7.75 7.81 7.85 7.87
7.02 7.13 7.24 7.37 7.49 7.61 7.76 7.99 8.08 8.16 8.22 8.25 8.27 8.25 8.24 8.33 8.27 8.18 8.08 8.22 8.08 7.98 8.01 7.89 7.77 7.63 7.32 7.20 7.09 6.97 6.88 6.80 6.81 6.83 6.89 7.00 7.15 7.29 7.43 7.59 7.63 7.61 7.48 7.28 7.01 6.71 6.43 6.09 5.84 5.62 5.43 5.19 5.08 4.92 4.79 4.70 4.46 4.44 4.45 4.49 4.55 4.63 4.65 4.69 4.74 4.82 4.94 5.07 5.19 5.35 5.53 5.73 5.94 6.14 6.37 6.59 6.94 7.13 7.30 7.46 7.57 7.67 7.74 7.79
7.03 7.14 7.27 7.40 7.64 7.80 7.90 8.00 8.08 8.14 8.17 8.18 8.18 8.16 8.12 8.23 8.16 8.22 8.10 7.94 7.82 7.83 7.76 7.64 7.51 7.36 7.15 6.97 6.82 6.77 6.74 6.71 6.71 6.74 6.80 6.90 7.02 7.13 7.22 7.34 7.34 7.28 7.14 6.95 6.71 6.46 6.21 5.90 5.66 5.45 5.27 5.07 4.95 4.80 4.68 4.60 4.43 4.42 4.46 4.52 4.61 4.66 4.70 4.75 4.80 4.86 4.93 4.99 5.05 5.13 5.22 5.34 5.48 5.65 5.82 6.06 6.35 6.63 6.91 7.17 7.39 7.53 7.64 7.70
7.04 7.28 7.41 7.55 7.73 7.85 7.96 8.05 8.11 8.15 8.17 8.16 8.13 8.08 8.02 8.10 8.01 8.01 7.87 7.87 7.74 7.62 7.54 7.41 7.28 7.14 6.94 6.80 6.67 6.61 6.60 6.60 6.61 6.65 6.72 6.80 6.92 7.00 7.05 7.07 7.09 7.00 6.86 6.67 6.45 6.21 5.96 5.70 5.49 5.29 5.14 4.97 4.89 4.71 4.59 4.52 4.48 4.50 4.51 4.60 4.72 4.77 4.79 4.85 4.90 4.95 4.96 4.96 4.95 4.94 4.95 4.99 5.05 5.15 5.29 5.54 5.88 6.23 6.58 6.92 7.20 7.41 7.55 7.63
7.18 7.31 7.46 7.65 7.79 7.93 8.04 8.13 8.19 8.22 8.22 8.18 8.13 8.06 7.98 8.12 8.05 7.90 7.73 7.70 7.57 7.45 7.32 7.24 7.11 6.96 6.78 6.65 6.53 6.48 6.48 6.49 6.51 6.56 6.64 6.75 6.84 6.90 6.93 6.91 6.90 6.78 6.62 6.43 6.22 6.01 5.77 5.54 5.32 5.18 4.99 4.84 4.79 4.69 4.55 4.48 4.47 4.54 4.66 4.73 4.85 4.91 4.97 5.00 5.05 5.08 5.03 4.96 4.90 4.80 4.72 4.68 4.67 4.70 4.80 5.05 5.43 5.87 6.31 6.70 7.04 7.30 7.47 7.57
7.20 7.35 7.51 7.72 7.88 8.02 8.15 8.24 8.30 8.33 8.31 8.26 8.19 8.33 8.23 8.11 7.96 7.82 7.63 7.57 7.44 7.33 7.21 7.10 6.97 6.83 6.68 6.49 6.43 6.39 6.40 6.42 6.44 6.51 6.62 6.73 6.81 6.86 6.86 6.85 6.75 6.60 6.42 6.25 6.05 5.84 5.59 5.38 5.18 5.05 4.87 4.76 4.72 4.64 4.58 4.41 4.48 4.63 4.79 4.97 5.01 5.09 5.16 5.23 5.29 5.26 5.17 5.03 4.89 4.71 4.56 4.45 4.37 4.30 4.32 4.57 5.04 5.57 6.09 6.55 6.91 7.18 7.41 7.57
