data/Validacao/P.grd
DSAA
94	94
0.0000	100.0000
0.0000	100.0000
2.5626	10.7667
[rows 0 to 36 of 94, columns 0 to 83 of 94]
3.32 3.40 3.52 3.65 3.78 3.92 4.06 4.27 4.41 4.54 4.66 4.77 4.89 4.99 5.16 5.26 5.35 5.49 5.57 5.56 5.46 5.42 5.34 5.29 5.26 5.43 5.44 5.61 5.64 5.64 5.68 5.72 5.73 5.74 5.73 5.72 5.73 5.78 5.77 5.73 5.69 5.66 5.74 5.71 5.69 5.67 5.60 5.58 5.41 5.39 5.38 5.36 5.33 5.30 5.21 5.21 5.20 5.24 5.25 5.28 5.28 5.28 5.26 5.23 5.18 5.14 5.03 4.99 4.96 4.91 4.85 4.70 4.59 4.47 4.35 4.36 4.39 4.51 4.56 4.61 4.68 4.75 4.82 4.89
3.39 3.45 3.56 3.69 3.82 3.96 4.10 4.24 4.37 4.56 4.67 4.77 4.87 4.97 5.12 5.21 5.29 5.41 5.46 5.44 5.36 5.32 5.26 5.21 5.18 5.17 5.36 5.53 5.58 5.63 5.63 5.66 5.67 5.66 5.64 5.63 5.64 5.68 5.70 5.68 5.65 5.62 5.70 5.67 5.65 5.64 5.58 5.58 5.43 5.44 5.44 5.43 5.41 5.39 5.35 5.32 5.32 5.34 5.35 5.38 5.39 5.39 5.37 5.35 5.31 5.22 5.14 5.09 5.05 5.00 4.93 4.79 4.69 4.57 4.51 4.52 4.53 4.56 4.60 4.66 4.71 4.77 4.84 4.91
3.47 3.53 3.62 3.74 3.87 4.01 4.15 4.28 4.40 4.51 4.67 4.76 4.85 4.93 5.06 5.13 5.19 5.23 5.29 5.26 5.21 5.20 5.15 5.12 5.10 5.10 5.22 5.45 5.50 5.56 5.57 5.60 5.60 5.58 5.55 5.53 5.54 5.58 5.61 5.60 5.59 5.56 5.65 5.62 5.61 5.53 5.57 5.58 5.50 5.50 5.52 5.52 5.52 5.54 5.51 5.45 5.45 5.46 5.47 5.49 5.50 5.51 5.50 5.49 5.41 5.35 5.29 5.21 5.15 5.10 5.03 4.89 4.79 4.69 4.71 4.64 4.62 4.63 4.66 4.70 4.75 4.81 4.87 4.94
3.55 3.61 3.70 3.81 3.93 4.06 4.19 4.32 4.43 4.53 4.62 4.69 4.82 4.88 4.98 5.02 5.05 5.07 5.11 5.08 5.09 5.05 5.03 5.01 5.00 5.11 5.14 5.36 5.43 5.51 5.56 5.53 5.53 5.50 5.47 5.45 5.45 5.45 5.52 5.53 5.52 5.50 5.58 5.57 5.49 5.50 5.55 5.58 5.56 5.62 5.62 5.65 5.65 5.67 5.65 5.59 5.57 5.57 5.58 5.60 5.61 5.63 5.63 5.60 5.56 5.50 5.42 5.35 5.25 5.19 5.12 4.99 4.90 4.93 4.83 4.75 4.71 4.71 4.72 4.75 4.79 4.84 4.90 4.96
3.63 3.69 3.77 3.87 3.99 4.12 4.24 4.35 4.46 4.55 4.62 4.69 4.73 4.81 4.88 4.90 4.90 4.90 4.93 4.90 4.92 4.90 4.88 4.88 4.97 5.01 5.06 5.11 5.35 5.44 5.49 5.52 5.50 5.43 5.40 5.38 5.37 5.38 5.45 5.45 5.45 5.43 5.51 5.43 5.43 5.45 5.49 5.58 5.61 5.70 5.78 5.79 5.84 5.82 5.79 5.75 5.69 5.67 5.68 5.70 5.73 5.74 5.75 5.74 5.71 5.64 5.56 5.47 5.36 5.28 5.21 5.13 4.99 5.03 4.93 4.84 4.80 4.77 4.77 4.79 4.82 4.87 4.92 4.98
3.70 3.76 3.84 3.94 4.05 4.16 4.28 4.39 4.49 4.57 4.63 4.67 4.69 4.70 4.69 4.76 4.74 4.73 4.71 4.76 4.74 4.73 4.74 4.82 4.85 4.91 4.97 5.05 5.17 5.38 5.43 5.46 5.45 5.37 5.35 5.33 5.32 5.35 5.40 5.39 5.38 5.36 5.27 5.37 5.37 5.40 5.46 5.53 5.65 5.79 5.92 6.03 6.02 5.99 5.93 5.86 5.78 5.76 5.76 5.79 5.82 5.85 5.87 5.88 5.85 5.78 5.69 5.58 5.48 5.36 5.28 5.20 5.18 5.11 5.01 4.92 4.86 4.82 4.81 4.82 4.85 4.89 4.93 4.99
3.77 3.82 3.90 3.99 4.09 4.21 4.32 4.43 4.52 4.59 4.63 4.64 4.63 4.61 4.58 4.55 4.59 4.57 4.54 4.58 4.57 4.57 4.64 4.67 4.73 4.80 4.89 4.99 5.11 5.32 5.38 5.40 5.38 5.35 5.31 5.29 5.29 5.32 5.36 5.35 5.33 5.25 5.20 5.30 5.30 5.33 5.43 5.51 5.70 5.91 6.09 6.24 6.26 6.17 6.06 5.95 5.85 5.81 5.82 5.85 5.90 5.95 5.98 6.00 5.99 5.93 5.82 5.70 5.57 5.43 5.34 5.25 5.24 5.16 5.07 4.97 4.90 4.85 4.84 4.84 4.86 4.89 4.94 4.98
3.85 3.88 3.95 4.03 4.13 4.24 4.36 4.46 4.55 4.62 4.63 4.61 4.57 4.51 4.46 4.42 4.40 4.41 4.39 4.40 4.41 4.45 4.48 4.53 4.61 4.70 4.82 4.93 5.07 5.17 5.33 5.37 5.34 5.32 5.31 5.27 5.27 5.31 5.31 5.33 5.25 5.21 5.15 5.24 5.23 5.27 5.35 5.47 5.73 6.03 6.33 6.49 6.50 6.37 6.18 6.01 5.89 5.83 5.85 5.89 5.96 6.02 6.07 6.11 6.12 6.06 5.95 5.79 5.63 5.50 5.37 5.43 5.32 5.20 5.09 4.99 4.92 4.87 4.84 4.84 4.86 4.89 4.92 4.93
3.89 3.92 3.98 4.07 4.16 4.27 4.38 4.49 4.58 4.64 4.64 4.58 4.50 4.41 4.34 4.30 4.27 4.26 4.26 4.25 4.27 4.31 4.34 4.40 4.50 4.63 4.76 4.90 5.04 5.15 5.24 5.32 5.32 5.31 5.31 5.30 5.31 5.31 5.31 5.28 5.24 5.17 5.12 5.12 5.17 5.18 5.22 5.39 5.75 6.18 6.57 6.81 6.78 6.56 6.29 6.03 5.85 5.80 5.84 5.92 5.99 6.06 6.13 6.19 6.23 6.20 6.06 5.86 5.68 5.52 5.42 5.43 5.31 5.19 5.08 4.99 4.91 4.86 4.83 4.83 4.84 4.86 4.86 4.91
3.92 3.97 4.01 4.09 4.18 4.29 4.39 4.50 4.60 4.67 4.63 4.53 4.42 4.31 4.21 4.18 4.16 4.14 4.12 4.13 4.16 4.19 4.23 4.28 4.41 4.57 4.73 4.88 5.03 5.16 5.25 5.34 5.33 5.37 5.35 5.32 5.33 5.33 5.33 5.30 5.26 5.21 5.16 5.12 5.09 5.13 5.09 5.29 5.76 6.28 6.77 7.18 7.03 6.69 6.34 6.00 5.75 5.78 5.85 5.93 6.00 6.07 6.15 6.22 6.29 6.32 6.12 5.88 5.67 5.50 5.39 5.39 5.27 5.14 5.04 4.95 4.87 4.82 4.79 4.79 4.74 4.77 4.82 4.88
3.94 3.99 4.04 4.10 4.19 4.28 4.38 4.48 4.55 4.60 4.55 4.45 4.33 4.22 4.14 4.10 4.08 4.05 4.03 4.05 4.08 4.12 4.17 4.25 4.39 4.56 4.74 4.89 5.04 5.19 5.29 5.38 5.38 5.41 5.39 5.35 5.37 5.35 5.34 5.32 5.29 5.24 5.19 5.15 5.13 5.18 5.19 5.40 5.84 6.31 6.77 7.10 7.01 6.70 6.37 6.05 5.83 5.82 5.87 5.93 5.99 6.05 6.12 6.18 6.23 6.22 6.05 5.82 5.61 5.44 5.46 5.34 5.18 5.07 4.97 4.88 4.81 4.76 4.74 4.66 4.68 4.72 4.77 4.82
3.94 3.99 4.04 4.10 4.17 4.26 4.34 4.42 4.47 4.47 4.43 4.34 4.24 4.15 4.08 4.03 4.00 3.99 3.99 4.00 4.03 4.10 4.18 4.27 4.42 4.59 4.77 4.95 5.10 5.24 5.32 5.45 5.45 5.47 5.45 5.44 5.42 5.40 5.39 5.36 5.35 5.30 5.25 5.23 5.26 5.29 5.41 5.59 5.92 6.28 6.62 6.83 6.81 6.62 6.37 6.13 5.96 5.90 5.90 5.92 5.97 6.01 6.05 6.08 6.09 6.03 5.88 5.70 5.51 5.50 5.36 5.24 5.08 4.96 4.87 4.78 4.72 4.68 4.58 4.59 4.62 4.66 4.71 4.76
3.92 3.96 4.02 4.07 4.14 4.21 4.28 4.33 4.36 4.35 4.30 4.22 4.14 4.06 3.99 3.95 3.94 3.94 3.93 3.97 4.00 4.09 4.19 4.32 4.46 4.65 4.84 5.03 5.18 5.31 5.41 5.48 5.55 5.56 5.55 5.52 5.46 5.46 5.45 5.43 5.40 5.37 5.33 5.32 5.37 5.43 5.54 5.73 5.97 6.24 6.47 6.62 6.62 6.51 6.34 6.17 6.02 5.96 5.93 5.92 5.92 5.94 5.95 5.95 5.92 5.84 5.70 5.54 5.37 5.38 5.24 5.11 4.95 4.84 4.74 4.66 4.61 4.50 4.50 4.52 4.56 4.60 4.65 4.71
3.87 3.91 3.95 4.01 4.02 4.08 4.21 4.24 4.25 4.23 4.17 4.10 4.03 3.95 3.90 3.88 3.87 3.89 3.89 3.94 3.98 4.08 4.21 4.36 4.54 4.72 4.92 5.12 5.29 5.42 5.52 5.59 5.67 5.67 5.65 5.62 5.54 5.54 5.52 5.50 5.47 5.45 5.41 5.44 5.48 5.54 5.65 5.83 6.00 6.19 6.36 6.46 6.47 6.40 6.29 6.16 6.04 5.95 5.93 5.90 5.87 5.85 5.84 5.81 5.76 5.66 5.52 5.37 5.37 5.23 5.10 4.97 4.81 4.69 4.60 4.53 4.40 4.40 4.42 4.45 4.49 4.55 4.61 4.67
3.81 3.84 3.89 3.93 3.99 4.07 4.12 4.15 4.15 4.11 4.05 3.98 3.90 3.84 3.81 3.79 3.81 3.84 3.85 3.92 4.01 4.09 4.23 4.40 4.60 4.81 5.02 5.24 5.41 5.55 5.66 5.72 5.75 5.76 5.70 5.70 5.65 5.61 5.58 5.56 5.53 5.50 5.49 5.53 5.57 5.64 5.74 5.89 6.02 6.16 6.27 6.34 6.35 6.31 6.23 6.13 6.03 5.94 5.91 5.85 5.80 5.76 5.72 5.67 5.60 5.49 5.44 5.32 5.22 5.08 4.96 4.83 4.70 4.42 4.34 4.30 4.29 4.31 4.35 4.40 4.44 4.51 4.57 4.64
3.73 3.76 3.80 3.85 3.90 3.95 4.03 4.05 4.05 4.01 3.94 3.86 3.79 3.74 3.71 3.71 3.74 3.75 3.82 3.90 4.00 4.09 4.24 4.43 4.65 4.90 5.15 5.38 5.58 5.71 5.81 5.87 5.88 5.91 5.85 5.81 5.74 5.68 5.66 5.63 5.64 5.61 5.57 5.60 5.64 5.71 5.79 5.92 6.02 6.12 6.19 6.24 6.25 6.22 6.17 6.09 6.00 5.91 5.87 5.79 5.72 5.66 5.60 5.53 5.45 5.37 5.27 5.16 5.07 4.94 4.82 4.68 4.52 4.29 4.21 4.16 4.17 4.21 4.27 4.32 4.40 4.48 4.55 4.62
3.63 3.65 3.69 3.74 3.79 3.84 3.89 3.96 3.95 3.91 3.84 3.76 3.68 3.62 3.60 3.62 3.67 3.70 3.79 3.89 4.00 4.09 4.25 4.45 4.70 4.98 5.28 5.55 5.74 5.88 5.97 6.01 6.01 5.98 5.98 5.91 5.85 5.77 5.73 5.70 5.70 5.66 5.64 5.67 5.70 5.75 5.84 5.93 6.01 6.08 6.13 6.16 6.17 6.15 6.11 6.04 5.96 5.87 5.77 5.72 5.63 5.55 5.48 5.40 5.31 5.24 5.15 5.04 4.94 4.82 4.69 4.56 4.26 4.13 4.05 4.03 4.05 4.12 4.21 4.28 4.38 4.47 4.55 4.63
3.51 3.53 3.58 3.63 3.68 3.73 3.78 3.86 3.86 3.83 3.76 3.67 3.58 3.51 3.49 3.56 3.64 3.66 3.78 3.89 4.01 4.17 4.31 4.50 4.73 5.06 5.40 5.73 5.96 6.06 6.10 6.13 6.13 6.09 6.10 6.02 5.94 5.86 5.80 5.77 5.75 5.70 5.69 5.72 5.74 5.79 5.85 5.93 6.00 6.03 6.07 6.09 6.06 6.04 6.01 5.99 5.92 5.82 5.74 5.62 5.51 5.43 5.36 5.29 5.19 5.13 5.04 4.94 4.83 4.74 4.60 4.45 4.13 3.99 3.89 3.89 3.95 4.06 4.17 4.27 4.38 4.48 4.57 4.66
3.38 3.41 3.46 3.52 3.57 3.62 3.73 3.76 3.78 3.76 3.69 3.58 3.50 3.42 3.39 3.46 3.57 3.69 3.78 3.91 4.04 4.17 4.30 4.47 4.77 5.15 5.52 5.91 6.18 6.23 6.22 6.24 6.22 6.17 6.21 6.11 6.08 5.95 5.92 5.82 5.78 5.74 5.72 5.75 5.77 5.81 5.86 5.92 5.96 5.97 5.99 6.00 6.00 5.98 5.96 5.92 5.88 5.80 5.69 5.55 5.41 5.32 5.26 5.19 5.11 5.05 4.97 4.87 4.77 4.67 4.54 4.38 4.05 3.88 3.75 3.77 3.89 4.03 4.17 4.29 4.40 4.52 4.62 4.64
3.25 3.28 3.33 3.37 3.41 3.45 3.59 3.61 3.64 3.65 3.59 3.48 3.39 3.32 3.30 3.39 3.52 3.66 3.81 3.94 4.05 4.18 4.33 4.50 4.82 5.21 5.59 5.95 6.27 6.31 6.28 6.30 6.31 6.26 6.25 6.23 6.15 6.04 5.98 5.88 5.84 5.82 5.77 5.77 5.76 5.79 5.84 5.88 5.92 5.93 5.93 5.94 5.93 5.92 5.90 5.87 5.82 5.77 5.65 5.52 5.37 5.27 5.22 5.15 5.10 5.03 4.95 4.87 4.78 4.52 4.36 4.20 4.02 3.87 3.73 3.76 3.92 4.06 4.22 4.36 4.49 4.61 4.62 4.72
3.25 3.25 3.26 3.28 3.31 3.33 3.35 3.48 3.48 3.47 3.42 3.35 3.29 3.26 3.27 3.36 3.48 3.63 3.77 3.93 4.09 4.22 4.40 4.62 4.93 5.27 5.62 5.93 6.17 6.27 6.31 6.31 6.32 6.28 6.26 6.31 6.21 6.10 6.01 5.92 5.85 5.80 5.75 5.75 5.75 5.77 5.79 5.81 5.84 5.85 5.86 5.87 5.86 5.85 5.84 5.81 5.76 5.68 5.63 5.52 5.40 5.28 5.22 5.17 5.11 5.05 4.97 4.90 4.80 4.52 4.37 4.23 4.07 3.96 3.89 3.92 4.02 4.16 4.31 4.46 4.59 4.72 4.73 4.82
3.27 3.24 3.23 3.22 3.22 3.22 3.23 3.34 3.33 3.30 3.26 3.23 3.20 3.21 3.25 3.35 3.47 3.59 3.76 3.93 4.11 4.30 4.50 4.74 5.02 5.32 5.62 5.88 6.09 6.20 6.28 6.29 6.32 6.29 6.28 6.38 6.28 6.16 6.06 5.95 5.86 5.80 5.73 5.71 5.70 5.71 5.72 5.74 5.75 5.77 5.78 5.79 5.80 5.80 5.78 5.76 5.71 5.65 5.57 5.48 5.40 5.33 5.27 5.22 5.16 5.10 5.04 4.96 4.75 4.62 4.43 4.30 4.18 4.10 4.07 4.11 4.19 4.31 4.45 4.60 4.74 4.76 4.87 4.96
3.22 3.25 3.21 3.19 3.16 3.14 3.25 3.22 3.19 3.15 3.11 3.11 3.11 3.14 3.21 3.32 3.46 3.59 3.76 3.95 4.14 4.35 4.57 4.81 5.08 5.35 5.61 5.83 6.02 6.16 6.24 6.28 6.28 6.31 6.29 6.42 6.34 6.22 6.11 5.99 5.88 5.79 5.71 5.68 5.66 5.64 5.64 5.65 5.67 5.68 5.69 5.71 5.73 5.74 5.73 5.71 5.68 5.64 5.57 5.52 5.46 5.40 5.35 5.29 5.24 5.18 5.13 5.05 4.82 4.70 4.59 4.48 4.35 4.27 4.27 4.30 4.38 4.50 4.56 4.70 4.83 4.94 5.04 5.12
3.26 3.21 3.16 3.11 3.12 3.21 3.17 3.12 3.10 3.04 2.99 2.98 3.02 3.08 3.17 3.29 3.44 3.58 3.76 3.96 4.17 4.39 4.62 4.86 5.11 5.37 5.58 5.79 5.98 6.12 6.21 6.26 6.27 6.28 6.26 6.46 6.24 6.17 6.18 6.05 5.90 5.81 5.70 5.65 5.61 5.58 5.56 5.56 5.56 5.59 5.61 5.63 5.66 5.68 5.70 5.68 5.67 5.64 5.60 5.57 5.53 5.49 5.44 5.39 5.32 5.23 5.15 5.15 4.92 4.81 4.71 4.62 4.51 4.52 4.46 4.51 4.60 4.64 4.77 4.90 5.02 5.14 5.23 5.31
3.32 3.25 3.18 3.11 3.14 3.06 3.14 3.07 2.99 2.93 2.88 2.88 2.92 3.02 3.13 3.27 3.43 3.61 3.77 3.98 4.20 4.42 4.65 4.89 5.14 5.35 5.57 5.78 5.93 6.09 6.19 6.25 6.27 6.29 6.30 6.27 6.26 6.21 6.25 6.12 6.01 5.87 5.72 5.62 5.57 5.53 5.49 5.48 5.47 5.48 5.52 5.55 5.58 5.62 5.66 5.67 5.67 5.66 5.65 5.63 5.61 5.58 5.56 5.50 5.42 5.35 5.24 5.13 5.04 4.94 4.85 4.78 4.72 4.71 4.71 4.75 4.76 4.87 4.99 5.11 5.23 5.35 5.43 5.51
3.40 3.32 3.23 3.25 3.15 3.05 2.96 2.86 2.90 2.83 2.79 2.79 2.85 2.94 3.09 3.24 3.42 3.60 3.79 4.00 4.22 4.44 4.68 4.91 5.12 5.35 5.57 5.77 5.92 6.08 6.18 6.24 6.27 6.30 6.31 6.28 6.27 6.23 6.14 6.17 6.05 5.91 5.75 5.64 5.53 5.47 5.43 5.40 5.39 5.39 5.41 5.47 5.52 5.57 5.63 5.67 5.69 5.69 5.71 5.71 5.70 5.71 5.66 5.60 5.53 5.46 5.36 5.26 5.11 5.08 5.00 4.95 4.90 4.91 4.92 4.95 5.04 5.15 5.20 5.32 5.45 5.57 5.67 5.74
3.50 3.41 3.42 3.31 3.19 3.07 2.95 2.83 2.72 2.74 2.70 2.73 2.80 2.91 3.05 3.23 3.41 3.61 3.80 4.02 4.24 4.46 4.69 4.90 5.13 5.36 5.57 5.77 5.92 6.08 6.18 6.24 6.28 6.32 6.30 6.30 6.29 6.25 6.16 6.08 6.11 5.96 5.79 5.67 5.52 5.43 5.37 5.32 5.31 5.31 5.33 5.37 5.44 5.53 5.61 5.68 5.71 5.75 5.78 5.80 5.82 5.79 5.76 5.71 5.65 5.59 5.49 5.35 5.26 5.18 5.13 5.09 5.07 5.04 5.11 5.16 5.26 5.30 5.41 5.52 5.65 5.77 5.86 5.93
3.63 3.64 3.53 3.40 3.27 3.13 2.98 2.83 2.69 2.57 2.56 2.69 2.78 2.90 3.04 3.21 3.40 3.61 3.82 4.03 4.25 4.47 4.67 4.90 5.13 5.36 5.57 5.74 5.90 6.06 6.15 6.22 6.28 6.34 6.34 6.37 6.32 6.28 6.21 6.09 5.99 5.86 5.86 5.71 5.57 5.44 5.33 5.26 5.25 5.25 5.26 5.29 5.37 5.48 5.60 5.70 5.77 5.83 5.87 5.90 5.89 5.88 5.85 5.81 5.77 5.69 5.60 5.50 5.41 5.34 5.30 5.27 5.26 5.23 5.27 5.34 5.43 5.52 5.63 5.74 5.86 5.97 6.09 6.19
3.94 3.78 3.66 3.53 3.38 3.22 3.06 2.89 2.72 2.56 2.61 2.70 2.79 2.91 3.05 3.21 3.40 3.61 3.82 4.04 4.24 4.44 4.66 4.90 5.12 5.34 5.55 5.74 5.90 6.01 6.16 6.25 6.30 6.39 6.39 6.42 6.37 6.28 6.25 6.13 6.02 5.89 5.76 5.64 5.62 5.48 5.34 5.26 5.24 5.24 5.23 5.24 5.34 5.47 5.61 5.74 5.84 5.89 5.91 5.93 5.94 5.93 5.91 5.89 5.87 5.83 5.74 5.65 5.57 5.50 5.42 5.40 5.37 5.41 5.46 5.53 5.61 5.70 5.80 5.90 6.02 6.14 6.27 6.47
4.10 3.99 3.81 3.67 3.52 3.35 3.18 3.01 2.85 2.79 2.76 2.80 2.88 2.98 3.10 3.26 3.43 3.62 3.84 4.05 4.24 4.44 4.65 4.88 5.10 5.32 5.53 5.71 5.87 6.01 6.10 6.26 6.32 6.43 6.44 6.49 6.44 6.40 6.32 6.20 6.07 5.94 5.81 5.68 5.56 5.47 5.42 5.34 5.30 5.28 5.28 5.31 5.40 5.51 5.64 5.77 5.84 5.89 5.92 5.95 5.97 5.99 5.98 5.96 5.95 5.90 5.83 5.75 5.69 5.64 5.58 5.56 5.54 5.58 5.63 5.69 5.77 5.85 5.93 6.03 6.13 6.35 6.43 6.50
4.27 4.21 4.07 3.83 3.67 3.49 3.32 3.15 3.08 2.97 2.93 2.94 3.00 3.08 3.17 3.31 3.47 3.65 3.89 4.08 4.25 4.44 4.64 4.86 5.08 5.29 5.51 5.67 5.83 5.99 6.10 6.27 6.35 6.45 6.50 6.56 6.53 6.49 6.39 6.29 6.18 6.04 5.88 5.75 5.62 5.53 5.52 5.44 5.30 5.36 5.36 5.40 5.48 5.61 5.64 5.76 5.85 5.86 5.90 5.96 5.97 6.01 6.01 6.02 5.99 5.93 5.88 5.82 5.78 5.72 5.70 5.70 5.68 5.70 5.78 5.83 5.89 5.95 6.02 6.24 6.31 6.36 6.41 6.39
4.50 4.38 4.24 4.08 3.90 3.71 3.47 3.38 3.24 3.14 3.09 3.08 3.12 3.16 3.25 3.36 3.50 3.73 3.92 4.10 4.31 4.44 4.64 4.84 5.04 5.25 5.47 5.66 5.78 5.96 6.10 6.28 6.38 6.52 6.56 6.64 6.66 6.59 6.49 6.40 6.29 6.15 6.00 5.88 5.78 5.61 5.52 5.40 5.36 5.51 5.51 5.55 5.61 5.69 5.70 5.80 5.86 5.89 5.94 5.94 5.96 5.97 6.00 6.03 6.00 5.94 5.90 5.86 5.81 5.79 5.79 5.80 5.82 5.81 5.85 5.93 5.98 6.02 6.14 6.18 6.26 6.25 6.28 6.36
4.67 4.55 4.40 4.23 4.05 3.86 3.67 3.50 3.39 3.29 3.24 3.22 3.20 3.25 3.32 3.42 3.63 3.77 3.93 4.14 4.32 4.51 4.70 4.82 5.02 5.23 5.41 5.61 5.78 5.94 6.08 6.28 6.40 6.55 6.62 6.71 6.75 6.69 6.60 6.48 6.41 6.27 6.14 5.99 5.87 5.75 5.59 5.47 5.47 5.46 5.47 5.64 5.70 5.66 5.74 5.82 5.86 5.88 5.92 5.95 5.93 5.94 5.93 5.92 5.90 5.95 5.87 5.85 5.84 5.83 5.84 5.91 5.95 5.92 5.90 6.08 6.09 6.11 6.13 6.15 6.15 6.16 6.24 6.23
4.83 4.71 4.56 4.38 4.19 3.99 3.80 3.63 3.50 3.42 3.35 3.32 3.45 3.49 3.56 3.58 3.68 3.80 4.16 4.32 4.33 4.51 4.70 5.00 5.01 5.19 5.37 5.53 5.66 5.90 6.03 6.23 6.41 6.58 6.69 6.83 6.84 6.80 6.72 6.60 6.55 6.41 6.38 6.10 6.00 5.79 5.74 5.59 5.55 5.53 5.54 5.59 5.64 5.70 5.77 5.84 5.90 5.87 5.90 5.92 5.87 5.87 5.87 5.86 5.84 5.82 5.76 5.76 5.78 5.79 5.83 5.85 5.89 5.94 6.12 6.10 6.11 6.08 6.07 6.06 6.05 6.06 6.12 6.09
5.00 4.87 4.96 4.75 4.53 4.31 4.10 3.87 3.71 3.59 3.55 3.51 3.51 3.54 3.61 3.70 3.92 4.04 4.17 4.32 4.48 4.66 4.80 4.98 5.14 5.15 5.31 5.45 5.61 5.82 5.99 6.21 6.55 6.69 6.80 6.98 6.94 6.92 6.85 6.87 6.76 6.65 6.48 6.31 6.09 5.87 5.73 5.65 5.61 5.59 5.61 5.64 5.68 5.74 5.79 5.84 5.89 5.92 5.94 5.81 5.80 5.79 5.77 5.77 5.75 5.75 5.68 5.68 5.70 5.74 5.79 5.82 5.87 6.02 6.10 6.08 6.06 6.00 6.03 5.99 5.94 5.97 5.93 5.89
5.45 5.27 5.05 4.82 4.59 4.32 4.11 3.92 3.76 3.63 3.54 3.49 3.53 3.56 3.63 3.71 3.94 4.04 4.16 4.29 4.45 4.63 4.80 4.93 5.09 5.22 5.37 5.52 5.55 5.82 6.04 6.34 6.51 6.67 6.85 7.03 7.11 7.13 7.10 6.98 6.85 6.73 6.56 6.38 6.18 6.02 5.80 5.71 5.70 5.67 5.65 5.67 5.70 5.75 5.80 5.84 5.87 5.89 5.89 5.81 5.78 5.68 5.65 5.62 5.62 5.62 5.55 5.57 5.61 5.65 5.70 5.73 5.95 6.00 6.03 6.00 5.98 5.93 5.88 5.83 5.84 5.78 5.70 5.64
5.55 5.35 5.11 4.82 4.57 4.33 4.12 3.93 3.76 3.63 3.54 3.49 3.48 3.56 3.62 3.83 3.92 4.01 4.12 4.25 4.41 4.57 4.74 4.86 5.02 5.14 5.28 5.43 5.55 5.72 5.97 6.16 6.45 6.63 6.84 7.05 7.18 7.24 7.20 7.06 6.91 6.73 6.60 6.43 6.22 6.10 5.93 5.81 5.74 5.71 5.68 5.69 5.72 5.75 5.79 5.83 5.85 5.85 5.83 5.72 5.67 5.63 5.58 5.48 5.46 5.44 5.40 5.43 5.47 5.51 5.71 5.76 5.83 5.88 5.93 5.92 5.88 5.82 5.73 5.66 5.61 5.53 5.46 5.39
