data/Validacao/SB.grd
DSAA
94	94
0.0000	100.0000
0.0000	100.0000
18.9657	68.0783
[rows 0 to 33 of 94, columns 0 to 76 of 94]
30.19 29.79 29.30 28.83 28.38 27.96 27.56 26.94 26.59 26.28 26.01 25.77 25.58 25.42 25.37 25.28 25.24 25.05 25.05 25.04 25.00 24.91 24.92 24.95 25.01 25.52 25.68 24.09 24.38 24.37 24.65 24.91 24.79 25.00 25.35 25.49 25.62 25.39 25.58 25.59 25.59 25.57 25.50 25.95 25.80 25.64 25.52 25.33 24.58 24.56 24.84 24.74 24.63 24.50 24.40 24.43 24.25 24.03 24.19 24.10 23.96 23.85 23.77 23.67 23.66 23.69 24.18 24.29 24.42 24.60 24.78 26.11 26.45 26.81 27.19 27.59 27.97
29.66 29.35 28.90 28.45 27.99 27.56 27.16 26.78 26.44 25.89 25.61 25.38 25.18 25.03 24.98 24.90 24.86 24.69 24.68 24.68 24.68 24.61 24.64 24.70 24.79 24.90 25.51 24.11 24.41 24.73 24.74 25.03 24.94 25.16 25.48 25.63 25.76 25.55 25.75 25.77 25.77 25.75 25.72 26.14 25.99 25.82 25.70 25.50 24.64 24.96 24.88 24.77 24.64 24.49 24.56 24.35 24.14 23.90 24.03 23.90 23.75 23.63 23.54 23.46 23.46 23.50 23.96 24.07 24.22 24.40 24.59 25.98 26.34 26.72 27.15 27.56 27.96
29.05 28.78 28.40 27.98 27.54 27.12 26.71 26.33 25.99 25.68 25.19 24.95 24.76 24.61 24.57 24.50 24.46 24.46 24.29 24.30 24.33 24.40 24.35 24.45 24.56 24.70 23.38 24.13 24.46 24.80 24.86 25.16 25.45 25.46 25.62 25.77 25.90 25.72 25.93 25.95 25.95 25.94 25.95 26.35 26.19 26.12 25.88 25.67 24.33 25.01 24.92 24.80 24.65 24.73 24.50 24.26 24.01 23.76 23.58 23.69 23.52 23.39 23.30 23.24 23.25 23.28 23.35 23.85 24.00 24.19 24.39 25.85 26.23 26.63 27.09 27.51 27.94
28.44 28.18 27.84 27.45 27.04 26.63 26.23 25.85 25.51 25.20 24.93 24.72 24.32 24.18 24.15 24.07 24.04 24.05 23.89 23.92 23.98 24.06 24.17 24.19 24.34 23.12 23.45 24.26 24.52 24.89 25.25 25.31 25.62 25.61 25.78 25.93 26.06 26.17 26.13 26.15 26.14 26.13 26.72 26.56 26.45 26.28 26.07 25.86 24.77 24.69 24.98 24.85 24.67 24.71 24.45 24.17 23.88 23.68 23.39 23.13 23.27 23.13 23.03 23.00 23.00 23.04 23.12 23.23 23.77 23.97 24.18 25.73 26.13 26.60 27.04 27.48 27.93
27.86 27.60 27.28 26.91 26.51 26.11 25.72 25.34 25.00 24.69 24.43 24.22 24.05 23.73 23.71 23.65 23.62 23.64 23.48 23.53 23.61 23.72 23.86 23.93 22.81 23.16 23.52 23.89 24.61 25.06 25.45 25.83 25.74 25.79 25.97 26.11 26.24 26.34 26.34 26.35 26.35 26.33 26.95 26.79 26.62 26.44 26.26 27.00 24.87 24.80 24.68 24.91 24.98 24.70 24.40 24.08 23.75 23.51 23.20 22.91 22.67 22.85 22.78 22.74 22.74 22.79 22.88 23.00 23.54 23.75 23.98 24.22 26.03 26.54 26.99 27.45 27.93
27.29 27.03 26.72 26.36 25.98 25.58 25.19 24.81 24.47 24.16 23.91 23.71 23.56 23.45 23.39 23.22 23.20 23.23 23.30 23.13 23.24 23.38 23.57 22.62 22.83 23.23 23.63 24.03 24.34 25.28 25.70 26.10 26.47 26.00 26.17 26.32 26.44 26.71 26.57 26.57 26.56 26.53 26.64 26.97 26.79 26.61 26.42 25.00 24.98 24.92 24.81 24.90 25.03 24.71 24.36 24.00 23.62 23.34 22.99 22.68 22.42 22.60 22.50 22.47 22.48 22.54 22.64 22.78 22.94 23.53 23.77 24.02 25.92 26.48 26.96 27.45 27.93
26.76 26.49 26.17 25.82 25.44 25.05 24.66 24.28 23.93 23.62 23.38 23.20 23.06 22.98 22.93 22.91 22.80 22.83 22.91 22.75 22.89 23.07 22.18 22.61 23.06 23.32 23.76 24.20 24.52 25.54 25.99 26.41 26.57 26.85 26.41 26.55 26.66 26.93 26.81 26.81 26.78 26.34 26.79 27.14 26.95 26.76 27.53 25.09 25.09 25.05 24.95 25.03 24.73 24.75 24.34 23.91 23.57 23.16 22.78 22.44 22.23 22.03 22.22 22.19 22.21 22.29 22.40 22.56 22.74 23.33 23.58 23.84 25.84 26.44 26.94 27.44 27.94
27.46 25.97 25.65 25.30 24.93 24.54 24.14 23.75 23.39 23.08 22.85 22.69 22.59 22.53 22.49 22.49 22.52 22.47 22.55 22.61 22.57 21.72 22.16 22.62 23.12 23.47 23.96 24.43 24.78 25.22 26.34 26.78 26.92 27.20 27.03 26.81 26.91 27.17 27.22 27.05 26.56 26.53 26.94 27.31 27.11 27.94 27.63 25.16 25.19 25.18 25.41 25.20 24.87 24.43 24.32 23.83 23.44 22.98 22.57 22.28 21.98 21.77 21.64 21.93 21.96 22.04 22.18 22.35 22.56 22.79 23.40 24.15 24.48 26.42 26.92 27.44 27.97
27.02 25.48 25.16 24.82 24.45 24.06 23.66 23.25 22.87 22.54 22.32 22.21 22.15 22.11 22.10 22.12 22.16 22.19 22.11 22.29 21.07 21.73 22.20 22.69 23.24 23.84 24.23 24.73 25.10 25.58 26.03 27.18 27.57 27.61 27.45 27.55 27.70 27.43 27.42 26.81 26.77 27.21 27.08 27.55 27.26 28.02 27.70 25.21 25.27 25.63 25.58 25.41 25.04 24.52 23.98 23.38 23.30 22.84 22.41 22.08 21.74 21.52 21.42 21.70 21.73 21.81 21.97 22.18 22.41 22.65 23.50 24.05 24.39 26.40 26.93 27.46 28.01
26.62 26.19 24.71 24.37 24.00 23.61 23.22 22.81 22.40 22.01 21.85 21.80 21.78 21.77 21.77 21.82 21.88 21.91 21.97 20.59 21.07 21.85 22.35 22.83 23.47 24.15 24.78 25.14 25.50 26.04 26.52 27.64 28.02 27.95 28.13 27.99 27.78 28.09 27.64 27.04 26.98 27.42 27.93 27.69 27.47 28.09 27.75 25.23 25.30 25.69 25.69 25.63 25.18 24.58 24.00 23.34 23.18 22.73 22.30 21.96 21.54 21.32 21.28 21.24 21.57 21.62 21.82 22.06 22.30 22.54 23.43 23.98 24.33 26.41 26.95 27.50 28.07
26.24 25.81 25.35 23.95 23.59 23.22 22.83 22.44 22.06 21.72 21.55 21.50 21.49 21.50 21.53 21.60 21.70 20.39 20.68 21.01 21.56 22.12 22.67 23.24 23.92 24.64 25.31 25.75 26.18 26.67 27.14 28.20 28.55 28.43 28.56 28.48 28.16 28.01 28.25 28.15 27.73 27.57 28.08 27.83 27.59 28.16 27.80 25.28 25.64 25.65 25.65 25.54 25.13 24.57 23.86 23.25 22.90 22.53 22.29 21.97 21.58 21.35 21.27 21.23 21.20 21.61 21.78 22.00 22.24 22.48 23.42 23.75 26.13 26.43 26.99 27.56 28.14
25.90 25.47 25.01 23.58 23.23 22.87 22.51 22.15 21.82 21.54 21.37 21.30 21.28 21.30 21.36 21.46 20.17 20.49 20.86 21.64 21.89 22.51 23.15 23.81 24.54 25.29 26.00 26.65 26.98 27.46 27.88 28.86 29.15 28.97 29.04 28.72 28.56 28.40 28.30 28.46 27.89 27.71 28.22 27.95 28.71 28.33 25.12 25.21 25.55 25.54 25.47 25.30 24.96 24.39 23.87 23.32 23.05 22.68 22.21 21.77 21.77 21.53 21.39 21.31 21.27 21.68 21.82 22.01 22.22 23.11 23.43 23.76 26.14 26.48 27.05 27.63 28.23
25.58 25.15 24.69 24.21 22.91 22.57 22.24 21.91 21.62 21.39 21.23 21.14 21.12 21.16 19.62 19.92 20.24 20.62 21.31 21.97 22.29 22.96 23.68 24.45 25.23 26.04 26.80 27.51 27.86 28.32 28.68 28.94 29.83 29.56 29.20 29.11 28.35 28.80 28.64 28.70 29.03 27.84 28.36 28.05 28.77 28.37 28.01 25.43 25.42 25.38 25.28 25.10 24.70 24.32 23.87 23.66 23.19 22.87 22.42 22.00 21.63 21.73 21.56 21.45 21.40 21.78 21.90 22.06 22.24 23.16 23.47 23.79 26.17 26.77 27.12 27.72 28.33
25.30 24.87 24.42 23.94 22.73 22.30 22.00 21.71 21.45 21.24 21.09 21.01 21.00 19.37 19.65 19.97 20.33 20.76 21.58 22.29 22.69 23.43 24.24 25.09 25.97 26.85 27.69 28.45 28.83 29.25 29.56 29.74 30.55 30.18 29.68 29.51 28.74 29.19 29.24 28.99 29.24 27.94 28.47 29.25 28.81 28.40 28.01 25.31 25.28 25.22 24.99 24.82 24.57 24.25 23.88 23.76 23.34 22.93 22.65 22.24 21.89 21.58 21.75 21.62 21.55 21.90 21.99 22.13 22.97 23.25 23.54 23.85 26.23 26.82 27.21 27.82 28.36
25.04 24.61 24.16 23.70 23.22 22.03 21.76 21.50 21.29 21.10 20.97 20.90 19.17 19.40 19.68 20.02 20.42 20.89 21.83 22.60 23.47 23.90 24.78 25.73 26.71 27.70 28.63 29.46 29.85 30.26 30.50 30.59 30.57 29.99 29.80 29.91 29.69 29.57 29.65 29.35 29.31 28.99 27.62 29.30 28.84 28.41 28.00 25.18 25.14 24.94 24.83 24.67 24.46 24.20 23.90 23.87 23.51 23.12 22.88 22.49 22.14 21.83 21.58 21.80 21.71 21.66 22.13 22.24 23.09 23.35 23.64 23.94 24.25 26.73 27.45 27.73 28.42
24.81 24.38 23.94 23.48 23.01 22.54 21.53 21.29 21.09 20.93 20.82 19.02 19.19 19.42 19.71 20.07 20.49 21.33 22.06 22.89 23.81 24.33 25.29 26.33 27.43 28.55 29.62 30.61 31.09 31.34 31.49 31.47 30.48 30.58 30.27 30.11 29.77 30.03 29.67 29.34 29.66 29.33 29.57 29.34 28.86 28.41 27.98 25.09 24.88 24.80 24.69 24.55 24.38 24.17 24.27 24.00 23.68 23.33 23.13 22.74 22.38 22.07 21.81 21.60 21.88 21.82 22.23 22.33 23.23 23.48 23.76 24.05 26.41 26.76 27.42 27.91 28.60
24.60 24.18 23.74 23.29 22.83 22.37 21.90 21.10 20.91 20.76 20.66 19.05 19.22 19.44 19.73 20.10 20.55 21.49 22.26 23.13 24.11 24.72 25.75 26.87 28.09 29.37 30.61 31.69 32.27 32.49 32.51 31.54 31.21 30.43 30.72 30.48 30.04 30.20 29.82 29.46 29.84 29.49 29.65 30.00 28.88 28.41 28.98 24.96 24.76 24.67 24.55 24.43 24.30 24.16 24.35 24.14 23.88 23.55 23.18 22.97 22.61 22.29 22.02 21.81 21.64 21.97 22.35 22.44 23.39 23.64 23.91 24.35 26.33 26.93 27.57 28.27 28.79
24.42 24.00 23.57 23.13 22.68 22.22 21.77 20.92 20.74 20.60 18.97 19.08 19.23 19.44 19.73 20.43 21.00 21.64 22.44 23.34 24.37 24.60 25.69 26.91 28.66 30.11 31.57 32.88 33.37 33.48 33.31 32.33 31.52 30.97 31.11 30.81 30.28 30.31 29.93 29.56 30.02 29.65 29.74 30.11 29.52 28.30 28.83 28.71 24.65 24.54 24.41 24.30 24.28 24.24 24.19 24.32 24.10 23.78 23.30 22.92 22.56 22.49 22.24 22.02 21.85 22.12 22.46 23.30 23.53 23.99 24.27 24.55 26.54 27.11 27.73 28.43 29.00
24.26 23.84 23.42 22.99 22.54 22.10 21.75 21.47 21.22 20.46 19.01 19.11 19.44 19.70 20.05 20.57 21.18 21.85 22.59 23.52 23.87 24.93 26.04 27.25 28.73 30.37 32.04 33.53 34.76 34.49 33.40 32.97 32.05 31.42 31.45 31.09 30.32 30.37 29.81 29.67 30.21 30.31 29.84 30.23 29.75 28.30 28.76 28.56 24.54 24.45 24.34 24.24 24.24 24.28 24.30 24.30 24.36 23.92 23.52 23.12 22.75 22.46 22.24 22.05 22.06 22.27 22.62 23.52 23.75 24.25 24.52 24.79 26.79 27.33 27.91 28.60 29.23
24.08 23.67 23.25 22.82 22.38 21.95 21.68 21.41 21.16 19.60 19.21 19.37 19.59 19.86 20.22 20.76 21.39 22.08 22.85 23.16 24.17 25.25 26.38 27.60 29.12 30.81 32.52 34.05 34.76 34.43 33.85 32.79 31.87 31.18 30.74 30.90 30.43 30.03 29.85 29.64 29.60 29.79 29.35 29.87 29.81 29.17 29.63 28.56 24.48 24.39 24.29 24.20 24.24 24.31 24.37 24.41 24.25 24.08 23.70 23.32 22.96 22.68 22.48 22.30 21.94 22.44 23.43 23.87 24.10 24.30 24.60 24.90 27.09 27.62 28.18 28.87 29.67
24.01 23.60 23.19 22.76 22.33 21.90 21.47 19.78 19.73 19.71 19.29 19.51 19.79 20.13 20.49 21.01 21.64 22.35 22.84 23.81 24.91 25.57 26.74 28.02 29.48 31.04 32.59 33.99 34.20 33.82 33.44 32.89 32.02 31.35 30.87 30.99 30.34 30.20 29.73 29.69 29.57 29.16 29.33 29.81 29.21 29.53 28.17 28.11 24.23 24.19 24.15 24.27 24.29 24.35 24.39 24.29 24.17 23.92 23.84 23.52 23.21 22.73 22.52 22.34 22.19 22.79 23.85 24.24 24.46 24.66 24.95 25.25 27.45 27.99 28.58 29.26 29.99
23.96 23.56 23.15 22.73 22.30 21.87 21.45 19.90 19.85 19.83 19.86 19.62 19.92 20.30 20.76 21.33 21.99 22.22 23.10 24.08 25.17 25.87 27.03 28.30 29.66 31.08 32.46 33.64 33.63 33.40 33.17 32.81 32.02 31.41 30.97 31.02 30.40 30.31 30.18 29.72 29.54 29.10 29.31 29.74 29.13 29.37 27.83 23.77 24.10 24.10 24.10 24.12 24.16 24.22 24.27 24.23 24.12 23.92 23.67 23.42 23.17 22.94 22.75 22.58 22.44 23.14 23.98 24.14 24.36 24.62 25.34 25.62 27.84 28.39 28.99 29.65 30.35
23.32 23.54 23.13 22.71 22.29 21.87 20.11 20.02 19.96 19.95 19.98 19.73 20.05 20.45 20.93 21.50 22.17 22.43 23.31 24.29 25.37 26.03 27.18 28.42 29.72 31.02 32.26 32.60 33.18 32.93 32.87 32.58 32.19 31.60 30.99 30.99 30.40 30.35 30.22 29.73 29.50 29.03 29.28 29.67 29.91 29.17 28.50 23.58 23.97 24.01 24.04 24.08 24.13 24.18 24.24 24.19 24.09 23.93 23.75 23.53 23.32 23.13 22.96 22.81 23.52 23.49 24.36 24.52 24.75 25.01 25.27 25.55 28.20 28.80 29.40 30.04 30.72
23.25 22.89 22.52 22.14 22.30 20.35 20.23 20.14 20.45 20.51 20.64 20.84 20.17 20.59 21.08 21.66 22.32 22.60 23.47 24.43 25.50 26.12 27.24 28.44 29.68 30.91 31.23 32.12 32.30 32.57 32.57 32.36 31.99 31.54 30.97 30.90 30.22 29.66 30.26 29.77 29.43 29.00 29.08 30.46 29.67 28.93 28.25 23.69 23.79 23.90 23.96 24.03 24.09 24.14 24.17 24.16 24.07 23.94 23.80 23.62 23.45 23.29 23.15 23.02 23.47 23.50 24.55 24.89 25.15 25.40 25.66 25.93 28.62 28.85 29.52 30.42 31.07
23.19 22.84 22.47 22.09 20.11 19.96 20.61 20.57 20.57 20.63 20.76 20.97 21.25 20.71 21.21 21.78 22.43 23.17 23.58 24.52 25.13 26.13 27.22 28.38 29.57 29.96 30.98 31.83 31.79 32.27 32.29 32.11 32.01 31.39 30.91 30.34 30.02 30.02 30.09 29.59 29.19 28.70 29.67 30.22 29.41 28.67 28.00 23.47 23.60 23.73 23.88 23.96 24.03 24.09 24.13 24.14 24.07 23.96 23.84 23.70 23.55 23.42 23.74 23.78 23.82 24.63 24.83 25.03 25.54 25.78 26.03 26.30 28.71 29.27 29.89 30.51 30.38
23.15 22.80 22.43 20.38 20.23 20.07 19.92 19.79 20.70 20.75 20.88 21.10 21.40 21.76 21.32 21.89 22.53 23.24 23.64 24.55 25.11 26.08 27.13 28.25 28.63 29.72 30.75 31.61 31.56 32.04 32.05 31.87 31.75 31.16 30.71 30.17 29.90 29.87 29.36 29.40 28.98 28.95 29.32 28.66 29.15 28.40 27.72 23.26 23.40 23.56 23.72 23.89 23.98 24.05 24.10 24.14 24.08 24.00 23.88 23.75 23.63 23.96 24.01 24.08 24.15 25.01 25.22 25.42 25.21 26.15 26.39 26.65 29.05 29.59 30.20 29.75 30.34
23.13 22.78 20.65 20.51 20.35 20.19 20.03 19.89 19.76 20.87 21.00 21.24 21.55 21.92 22.35 21.99 22.61 23.28 23.66 24.53 25.06 25.99 26.98 27.28 28.36 29.47 30.53 31.46 31.41 31.86 31.82 31.78 31.46 30.89 30.40 29.95 29.85 29.67 29.18 28.58 29.21 28.64 28.97 28.31 28.88 28.11 25.20 25.03 23.19 23.38 23.57 23.74 23.90 24.00 24.07 24.10 24.09 24.01 23.90 23.78 24.11 24.15 24.24 24.35 24.47 25.38 25.59 25.34 25.51 25.69 26.20 26.44 26.70 29.28 29.92 29.90 30.47
23.13 20.93 20.80 20.65 20.49 20.33 20.16 20.00 19.85 19.74 19.76 21.40 21.73 22.10 22.51 22.99 23.52 23.32 24.02 24.15 24.99 25.88 26.05 26.95 28.03 29.19 30.31 30.70 31.33 31.64 31.49 31.23 31.13 30.65 30.17 29.91 29.59 29.44 28.84 29.38 29.29 28.71 29.31 27.96 29.21 28.42 25.64 25.46 22.99 23.20 23.41 23.61 23.77 23.90 24.02 24.08 24.10 24.01 23.89 24.22 24.23 24.30 24.43 24.59 24.76 25.24 25.43 25.58 25.77 25.94 26.43 26.67 26.93 29.48 29.36 29.88 30.43
21.64 21.09 20.96 20.81 20.65 20.49 20.32 20.15 19.99 19.84 20.51 20.85 21.22 21.63 22.06 22.53 23.05 24.15 24.70 23.61 24.39 24.98 25.77 26.58 27.62 28.77 29.89 30.39 31.10 31.08 31.08 31.06 30.74 30.21 29.76 29.54 29.08 29.59 29.63 29.12 29.08 28.52 28.79 28.14 29.02 28.23 25.53 25.35 23.75 23.94 24.13 24.31 24.33 24.43 23.73 23.84 24.28 24.61 23.92 23.91 23.91 23.97 24.11 24.27 25.15 25.46 25.63 25.78 25.95 26.14 25.54 25.67 26.18 27.37 29.38 29.88 30.42
21.80 21.60 21.13 20.99 20.83 20.66 20.50 20.34 20.20 20.50 20.68 20.97 21.32 21.72 22.15 22.60 23.11 23.66 23.81 23.26 24.11 24.85 25.62 26.45 27.37 28.40 29.41 29.75 30.31 30.65 30.55 30.50 30.22 29.72 29.31 30.07 29.67 29.22 29.08 28.63 28.87 28.34 28.59 27.97 27.38 28.13 25.59 25.40 23.71 23.89 24.06 24.22 24.26 24.36 24.46 24.23 24.51 23.87 23.88 23.90 23.94 24.02 24.15 24.32 25.21 25.49 25.71 25.90 26.09 26.30 25.64 25.78 26.84 27.45 29.36 29.86 30.37
21.97 21.68 21.53 21.18 21.02 20.86 20.70 20.55 20.66 20.73 20.89 21.14 21.46 21.83 22.25 22.49 22.96 23.36 23.37 23.97 23.75 24.47 25.24 26.30 27.13 28.01 28.49 29.03 29.49 29.85 29.85 29.89 29.65 30.11 29.81 29.64 29.29 28.82 28.39 28.30 28.22 27.76 28.41 27.83 27.28 28.14 25.68 25.49 25.15 23.86 24.00 24.13 24.18 23.99 23.77 24.26 24.34 24.55 24.54 24.47 23.93 24.02 24.15 25.12 25.39 25.49 25.74 25.96 26.18 25.56 25.70 26.81 26.93 29.09 29.32 29.80 30.29
22.01 21.88 21.74 21.58 21.41 21.24 20.91 20.84 20.86 20.94 21.09 21.31 21.61 21.73 22.09 22.50 22.96 23.04 23.33 23.90 24.32 24.29 25.02 25.79 26.59 27.25 27.90 28.45 28.74 29.09 29.35 30.06 29.94 29.60 29.32 29.21 28.80 28.41 28.03 27.96 27.93 27.51 27.67 27.21 27.43 28.16 27.61 25.42 25.26 25.30 23.63 23.70 23.77 23.82 24.10 24.19 24.24 24.31 24.37 24.48 24.53 24.61 24.78 25.07 25.34 25.47 25.74 25.99 25.45 25.63 25.81 26.83 27.10 29.00 29.47 29.71 30.19
22.22 22.09 21.95 21.78 21.61 21.44 21.28 21.15 21.05 21.13 20.97 21.15 21.50 21.78 22.12 22.51 22.54 22.96 23.44 23.65 24.17 24.75 25.36 25.48 26.20 26.53 27.12 27.80 28.17 28.53 28.62 29.45 29.36 29.08 28.84 28.76 28.35 28.00 27.66 27.33 27.65 27.27 27.46 27.02 27.35 26.94 27.66 25.54 25.00 24.84 24.69 23.59 23.63 23.91 24.00 24.08 24.15 24.21 24.28 24.37 24.53 24.62 25.43 25.66 25.27 25.54 24.97 25.17 25.37 25.57 26.55 27.53 27.80 28.24 29.74 30.25 30.31
22.44 22.32 22.16 21.99 21.81 21.64 21.48 21.35 21.10 20.97 21.08 21.24 24.88 25.14 25.45 22.12 22.47 22.88 26.40 26.91 24.02 24.54 25.10 28.68 25.43 25.99 26.50 26.94 27.98 28.54 28.69 28.78 28.81 28.56 28.22 28.20 27.89 27.58 27.29 27.00 27.68 27.31 27.11 26.84 26.70 24.78 26.82 25.27 25.06 24.87 24.70 23.34 23.77 23.84 23.90 23.89 23.96 24.10 24.19 24.29 24.42 26.15 25.41 25.64 25.88 27.60 26.59 26.80 26.29 26.52 27.64 27.71 27.99 28.27 28.53 30.33 30.78
