data/Validacao/SB.grd
DSAA
94	94
0.0000	100.0000
0.0000	100.0000
18.9657	68.0783
[rows 34 to 67 of 94, columns 0 to 76 of 94]
22.67 22.55 24.69 24.61 24.54 24.49 24.46 24.09 24.04 24.04 25.08 25.21 25.40 25.65 25.95 26.31 25.98 26.34 26.76 27.24 27.78 28.37 28.24 28.83 29.42 25.47 25.92 27.00 27.36 27.96 28.11 28.21 28.21 28.10 27.95 27.78 27.45 27.17 26.92 27.00 27.06 27.20 26.86 26.53 26.58 24.85 24.96 24.79 25.12 24.91 23.28 23.29 23.28 23.69 23.72 23.76 23.82 23.91 24.02 24.24 24.34 26.31 26.49 27.19 27.48 27.67 26.66 27.23 27.44 27.57 27.74 27.71 28.01 28.13 28.96 29.26 30.64
25.31 25.27 25.20 25.12 25.06 24.73 24.63 24.56 24.53 24.54 24.59 24.68 25.94 26.18 26.48 26.82 26.42 26.75 27.13 27.58 28.09 28.65 29.23 29.03 29.55 29.37 29.72 30.01 26.80 27.32 27.50 27.73 27.69 27.61 27.28 27.28 27.04 26.82 26.85 26.62 26.72 26.92 26.63 26.35 24.83 25.26 24.98 24.81 25.04 24.83 23.28 23.26 23.22 23.62 23.62 23.64 23.68 23.77 23.90 25.64 25.85 25.88 26.10 27.02 27.67 27.84 27.11 27.33 27.48 27.66 27.84 28.44 28.57 28.83 29.07 29.34 29.62
25.83 25.78 25.70 25.42 25.28 25.16 25.08 25.02 25.01 25.03 25.10 25.20 25.35 26.74 27.03 26.64 26.90 27.19 27.53 27.94 28.43 28.96 29.51 29.27 29.74 29.49 29.78 30.02 26.26 26.50 26.99 27.06 27.22 27.15 26.82 26.82 26.59 26.37 26.42 26.27 26.42 26.21 26.43 26.19 24.86 25.21 24.85 24.81 25.10 24.87 23.30 23.25 23.60 23.58 23.54 23.51 23.54 23.64 23.78 25.73 25.95 26.36 26.62 27.23 28.06 28.36 27.22 27.39 27.56 27.74 27.68 27.87 28.67 28.94 29.90 30.13 30.32
26.10 26.15 25.98 25.82 25.69 25.58 25.51 25.47 25.48 25.52 25.61 25.73 25.89 26.08 27.61 27.17 27.42 27.69 27.97 28.35 28.84 29.34 29.84 30.33 28.98 29.28 29.54 29.15 25.77 30.66 30.53 30.58 30.30 26.55 26.40 26.42 26.19 25.96 26.05 25.97 26.17 26.00 26.26 24.66 24.61 25.23 25.12 25.06 24.86 23.30 23.27 23.27 23.62 23.56 23.50 23.43 23.41 25.02 25.30 26.01 26.26 26.51 26.77 26.93 27.18 28.57 27.31 27.47 27.39 27.58 27.77 27.95 28.74 29.72 30.03 30.24 30.39
26.52 26.42 26.28 26.15 26.08 25.99 25.93 25.91 25.94 26.00 26.11 26.26 26.44 26.66 26.37 26.56 28.00 28.27 28.55 28.91 29.35 29.80 30.25 29.58 29.19 29.43 29.93 30.10 29.74 29.83 29.76 30.62 30.34 29.75 26.04 26.10 25.91 25.74 25.81 25.76 25.97 24.52 24.50 24.69 25.00 24.84 24.71 24.94 23.34 23.36 23.32 24.60 25.07 25.08 25.08 25.09 25.00 25.22 25.47 26.20 26.44 26.69 26.69 26.91 27.14 26.14 26.73 26.95 27.49 27.66 27.84 29.20 29.49 29.78 30.06 30.27 30.41
26.74 26.67 26.58 26.48 26.39 26.33 26.30 26.34 26.39 26.47 26.61 26.79 27.00 27.25 26.97 27.19 27.41 28.92 29.22 29.56 29.94 29.32 29.61 29.88 29.99 30.26 30.07 30.00 29.80 29.77 29.79 29.73 30.21 29.83 29.45 29.24 25.71 25.61 25.67 25.61 24.54 24.55 24.55 24.41 24.35 24.91 24.76 24.95 24.76 24.66 24.79 24.81 24.82 25.32 25.34 25.38 25.61 25.81 26.06 26.44 26.46 26.65 26.85 27.05 26.17 26.27 27.29 27.10 27.27 27.48 28.70 29.28 29.55 29.82 30.06 30.25 30.41
26.96 26.92 26.86 26.79 26.73 26.69 26.69 26.72 26.79 26.91 27.09 27.32 27.57 27.35 27.60 27.85 28.10 28.34 29.93 30.26 29.57 29.81 30.04 30.24 30.27 30.48 30.10 30.14 29.92 29.86 29.79 29.79 29.63 29.98 29.61 29.59 29.41 29.05 25.57 25.54 24.58 24.60 24.61 24.48 24.42 24.97 24.84 24.98 24.81 24.89 24.95 25.05 25.32 25.38 25.74 25.82 25.94 26.12 26.33 26.36 26.67 26.84 27.01 26.23 26.32 26.54 27.44 27.60 28.08 28.37 28.39 29.24 29.62 29.86 30.07 30.25 30.71
27.20 27.18 27.15 27.10 27.07 27.05 27.06 27.11 27.21 27.36 27.57 27.84 28.01 28.00 28.26 28.55 28.83 29.09 29.34 28.74 30.17 30.36 30.52 30.83 30.95 30.00 30.11 30.34 29.61 30.01 29.29 29.91 29.75 30.27 29.90 29.33 29.01 27.35 24.51 24.56 25.40 25.56 24.53 24.56 25.83 25.05 24.92 26.20 25.06 25.14 25.20 25.52 25.58 25.75 25.86 26.16 26.28 26.27 26.42 26.59 26.90 27.04 26.43 26.47 26.54 26.61 27.50 28.49 28.73 28.43 28.48 29.27 29.55 29.81 30.04 30.56 30.71
27.46 27.46 27.44 27.43 27.41 27.41 27.44 27.50 27.61 27.80 28.05 28.36 28.29 28.63 28.97 29.31 29.63 29.87 29.31 29.46 29.57 30.07 30.15 30.20 30.17 30.23 30.55 30.57 30.19 30.02 30.07 29.94 29.80 28.42 28.13 28.66 28.35 27.65 25.68 25.71 25.18 25.23 25.29 25.97 25.85 25.69 26.60 25.43 24.85 24.93 24.99 25.15 25.96 26.05 26.16 26.28 26.31 26.56 26.69 26.84 26.72 26.59 26.65 26.71 26.77 27.57 28.32 28.55 28.79 29.03 29.49 29.79 30.06 30.77 31.01 31.09 31.57
28.73 27.76 27.76 27.76 27.77 27.78 27.82 27.89 28.02 28.22 28.52 28.90 28.89 29.29 29.70 30.08 29.78 30.02 29.60 29.70 29.75 29.49 30.01 30.21 30.08 30.78 30.74 30.83 28.80 30.20 30.06 29.92 28.64 29.17 28.86 28.57 28.30 28.28 28.52 25.72 25.75 25.79 26.42 26.30 25.94 26.70 26.67 25.51 25.81 25.90 25.95 26.00 26.32 25.81 25.86 25.98 26.31 26.44 26.59 26.81 26.94 26.81 26.84 26.86 27.32 27.36 27.83 28.01 29.06 28.91 29.86 30.13 30.13 30.80 31.04 31.59 31.71
29.09 29.01 28.93 28.12 28.15 28.18 28.22 28.29 28.42 28.64 28.99 28.56 29.53 29.19 29.56 29.65 29.92 30.18 30.34 30.64 30.68 30.66 31.16 31.02 30.54 29.96 31.03 29.34 29.10 29.37 29.20 29.05 28.91 28.44 29.15 28.86 28.73 28.42 28.29 25.81 25.85 25.90 26.16 26.39 26.29 26.89 26.89 25.85 25.92 26.23 26.28 26.32 26.63 26.70 26.10 26.22 26.58 26.71 26.85 27.07 27.67 27.05 27.05 27.51 27.48 27.50 28.15 28.35 28.56 29.05 30.11 30.03 30.77 31.02 31.24 31.80 32.15
29.48 29.42 29.27 29.27 29.27 28.61 28.66 28.73 28.15 28.31 28.56 28.88 29.38 29.62 30.03 30.40 30.92 31.16 31.33 31.43 31.45 31.40 31.28 31.68 30.99 30.71 30.52 30.24 29.88 29.67 29.50 29.35 28.94 28.74 29.01 28.95 28.57 28.67 28.80 28.46 26.27 26.29 26.39 26.48 27.37 26.04 26.21 26.30 26.24 26.30 26.59 26.62 26.93 27.00 26.36 26.46 26.85 26.98 26.89 27.91 27.97 28.04 27.81 27.74 27.67 28.15 28.32 28.56 29.08 29.38 30.03 30.32 30.58 31.04 31.79 32.31 33.01
29.89 29.71 29.73 29.75 29.77 29.80 29.83 28.53 28.56 28.64 28.86 29.46 29.83 30.54 31.01 31.42 31.76 32.02 32.20 32.29 32.29 32.20 32.04 31.93 31.63 31.28 31.02 30.63 30.20 30.01 29.85 29.45 29.24 29.03 29.30 29.18 28.80 28.44 28.93 28.58 28.27 26.33 26.42 27.44 27.51 26.35 26.58 26.68 26.59 26.59 26.60 26.91 26.90 26.94 26.57 26.73 27.11 26.97 27.65 28.24 28.30 28.20 28.14 28.05 28.56 28.34 28.56 29.32 29.63 29.67 29.95 30.19 30.39 31.44 32.10 33.30 33.23
30.38 30.05 30.00 29.95 29.89 29.84 29.94 29.83 29.84 29.91 29.47 30.18 30.79 31.35 31.86 32.31 32.67 32.95 33.13 33.21 33.19 33.07 32.34 32.70 32.34 31.93 31.96 31.47 30.73 30.50 30.31 29.80 29.56 29.32 29.85 29.42 29.02 28.65 29.04 28.69 28.38 28.60 26.43 25.96 26.22 26.58 26.82 26.91 26.82 26.83 26.85 26.83 27.15 27.20 27.26 26.56 27.13 27.31 27.93 28.25 28.37 29.66 29.19 29.15 29.07 29.24 29.51 29.85 29.88 30.19 30.46 30.68 30.95 31.06 30.85 33.37 33.33
30.83 30.71 30.69 30.69 30.69 30.69 30.76 30.86 30.99 31.27 31.49 31.59 32.22 32.25 32.79 33.27 33.66 33.96 34.14 34.21 34.16 33.46 33.21 33.42 33.62 33.14 32.64 32.15 31.37 31.02 30.73 30.19 29.90 29.68 30.12 29.66 29.23 28.84 29.15 28.79 28.46 28.64 25.88 26.13 26.38 26.63 26.91 27.26 27.32 27.02 27.06 27.04 27.08 27.13 27.17 27.23 27.47 28.08 28.27 28.54 28.70 30.16 29.77 29.77 29.93 30.04 30.26 30.83 30.52 30.81 31.17 31.33 31.46 31.28 31.36 32.67 33.63
31.17 31.18 31.20 31.24 31.30 31.37 31.50 31.74 31.97 32.31 32.77 32.58 33.21 33.84 34.45 34.29 34.71 35.03 35.22 35.28 35.24 34.99 34.63 34.24 34.43 33.90 33.36 32.84 32.17 31.80 31.41 30.96 30.41 29.97 30.38 29.89 29.43 29.02 29.24 28.87 28.53 28.65 28.36 26.27 26.51 26.73 26.91 27.36 27.45 27.08 27.15 27.21 27.27 27.35 27.41 27.96 28.65 28.79 28.30 29.46 29.72 29.98 30.40 30.59 30.72 31.15 31.35 31.57 31.79 31.61 31.79 31.92 31.78 31.86 31.93 33.09 33.12
31.61 31.65 31.72 31.81 31.93 32.00 32.32 32.59 32.92 32.90 33.31 33.79 34.32 34.89 35.52 36.10 35.72 36.00 36.36 36.45 36.29 36.19 35.77 35.10 35.26 34.92 34.32 33.74 32.77 32.35 32.16 31.72 31.01 30.62 31.23 31.08 30.20 29.71 29.28 27.94 28.39 27.89 28.49 26.35 26.56 26.70 26.99 27.16 27.24 27.30 27.27 27.36 27.41 27.96 28.08 28.21 28.90 28.97 29.15 29.48 30.18 30.51 30.22 31.62 31.80 32.00 32.19 32.38 32.24 32.34 32.47 32.35 32.43 32.49 32.53 33.56 33.58
32.05 32.13 32.24 32.40 32.58 32.79 32.93 33.21 33.53 33.92 34.38 34.89 35.44 36.01 36.61 36.55 37.00 37.32 37.50 37.41 37.14 37.29 36.98 36.55 36.35 35.69 35.03 34.66 33.77 33.13 32.59 32.71 32.24 32.84 32.23 31.64 29.50 29.06 28.67 28.72 28.37 28.05 26.15 26.36 26.55 26.73 26.98 27.14 27.36 27.43 27.50 27.95 28.00 28.12 28.26 28.30 29.55 29.99 30.30 30.25 30.61 30.40 31.09 31.45 31.80 32.86 32.80 32.96 33.08 33.17 32.90 33.08 33.12 33.15 33.17 34.06 34.08
32.60 32.71 32.77 32.98 33.23 33.52 33.78 34.06 34.45 34.89 35.40 35.95 36.54 37.15 37.33 37.69 38.21 38.94 39.12 38.90 38.29 37.95 37.34 37.01 36.75 35.96 36.86 34.59 34.87 32.94 33.56 32.99 31.00 31.80 31.17 30.60 30.09 29.23 29.56 29.14 28.78 28.46 29.48 26.74 26.93 27.09 27.05 27.52 27.61 27.55 27.62 28.09 27.80 27.92 28.08 28.79 29.21 29.92 30.29 30.70 31.58 31.55 31.78 32.22 32.64 33.70 33.72 33.86 33.95 33.63 33.69 33.84 33.84 34.19 34.14 34.10 34.08
33.04 33.09 33.31 33.58 33.89 34.24 34.56 34.99 35.41 35.91 36.46 37.06 37.70 38.37 39.04 39.07 39.70 40.29 40.53 40.48 39.93 39.25 38.50 38.26 37.45 37.10 36.06 35.22 34.16 33.43 32.76 32.13 31.56 32.07 31.40 30.79 30.23 30.57 30.11 29.19 28.83 28.51 27.30 26.91 27.08 27.24 27.18 27.28 27.74 27.66 27.98 28.23 27.94 28.08 28.24 29.32 29.43 30.11 30.54 31.09 32.07 32.09 33.11 33.71 33.50 34.67 34.88 34.56 34.41 34.48 34.50 34.83 34.98 34.75 34.68 34.63 34.61
33.38 33.58 33.87 34.21 34.59 34.99 35.43 35.91 36.24 36.77 37.36 37.98 38.65 39.31 40.19 40.88 41.55 41.62 42.00 42.28 41.73 40.65 39.75 39.08 38.19 37.77 36.87 35.77 34.63 33.87 33.44 32.49 33.09 32.32 31.61 31.83 31.15 30.57 30.10 29.73 28.89 28.57 27.47 27.71 27.25 27.40 27.31 27.41 27.88 28.04 28.09 28.36 28.47 28.22 29.21 29.48 29.99 30.41 30.90 31.44 32.36 32.61 33.29 34.43 35.09 35.67 35.33 35.53 36.06 36.02 35.59 35.49 35.36 35.33 35.22 35.16 35.15
33.79 34.06 34.43 34.82 35.24 35.69 36.16 36.67 37.21 37.72 38.17 38.79 39.46 40.16 41.17 41.92 42.68 43.70 43.71 43.70 42.59 41.57 40.53 39.51 38.51 38.32 37.38 36.49 35.04 34.60 33.82 34.54 33.69 32.55 32.67 31.90 31.18 30.54 30.09 29.75 29.45 28.65 27.64 27.87 28.09 27.57 27.70 27.61 28.09 28.15 28.21 28.96 29.04 28.75 29.07 29.26 30.17 30.86 31.25 31.86 32.83 32.81 33.55 34.31 35.58 37.00 36.88 36.87 36.84 36.80 36.27 36.15 35.99 35.81 35.76 35.71 36.23
34.29 34.62 35.03 35.46 35.90 36.37 36.86 37.36 37.89 38.46 39.06 39.62 40.68 41.36 42.06 42.60 43.60 44.41 45.21 44.35 43.28 42.17 41.08 40.02 38.99 38.25 37.20 36.21 36.09 36.32 35.72 34.79 33.92 33.62 32.79 32.00 31.26 30.57 30.14 29.82 29.52 29.24 28.34 28.58 28.81 28.21 28.91 28.19 28.03 28.73 28.98 29.06 29.15 28.89 29.26 29.44 30.56 31.16 31.62 32.48 33.10 33.24 34.02 34.83 36.55 36.64 36.96 36.93 36.91 36.89 36.83 36.80 36.65 36.47 36.25 36.92 36.93
35.05 35.33 35.71 36.13 36.57 37.05 37.54 38.04 38.57 39.11 40.04 40.62 41.24 41.89 42.55 43.23 43.93 44.59 44.85 44.76 43.36 42.39 41.36 40.33 39.67 38.58 37.53 37.31 36.33 37.45 36.44 35.49 34.97 34.09 32.91 32.14 31.43 30.80 30.33 29.96 29.64 29.34 27.30 28.69 28.90 29.10 28.94 28.28 28.30 28.81 29.08 29.17 29.28 29.56 29.49 29.73 30.98 31.54 32.18 32.84 33.47 33.60 34.38 35.96 36.00 36.72 37.65 37.43 37.47 37.50 37.48 37.39 37.27 37.13 37.03 37.50 37.47
34.95 36.07 36.42 36.84 37.27 37.73 38.21 38.66 39.53 40.03 40.57 41.12 41.70 42.29 42.89 43.47 44.00 44.26 44.50 44.35 43.79 42.34 41.53 40.55 39.57 39.08 38.07 37.11 37.04 37.48 36.49 35.98 35.06 34.19 33.04 32.29 31.62 31.03 30.54 30.14 29.80 27.55 27.54 28.83 29.01 29.42 29.54 29.02 29.23 28.89 29.88 29.29 30.43 29.78 30.40 31.30 31.76 32.37 32.97 33.73 34.44 35.08 34.90 35.62 36.08 36.76 37.76 38.08 37.94 38.04 38.09 38.09 38.05 38.00 37.97 38.44 38.39
35.60 35.94 36.34 37.51 37.92 38.35 38.80 39.60 40.05 40.53 41.03 41.54 42.07 42.59 43.10 43.57 43.77 44.05 44.15 43.97 43.49 43.00 41.57 40.53 40.15 39.15 38.17 37.95 37.07 37.45 37.27 36.38 35.11 34.27 34.09 32.44 31.80 31.24 30.75 30.34 29.98 27.84 27.81 29.59 29.35 29.44 29.54 29.05 29.06 29.81 29.90 30.02 30.54 30.75 30.59 30.89 32.04 32.63 33.21 33.95 34.66 35.27 34.99 35.67 36.11 36.79 37.85 38.26 39.08 39.35 39.58 39.79 39.95 39.60 39.52 39.50 39.46
36.23 36.57 36.97 37.39 37.84 38.97 39.71 40.11 40.54 40.98 41.44 41.90 42.36 42.81 43.23 43.40 43.69 43.85 43.84 43.62 43.19 42.88 42.14 40.59 40.10 39.13 39.08 38.09 37.05 38.05 37.13 36.28 35.48 34.88 34.10 33.39 32.74 31.42 30.95 31.15 30.78 30.43 28.10 29.72 29.80 29.49 29.55 29.08 29.09 29.83 29.93 30.06 30.65 30.90 30.77 31.08 32.30 32.86 33.43 34.16 34.85 34.38 35.04 35.41 36.14 36.82 37.93 38.40 39.38 39.74 40.07 40.37 40.62 40.46 40.44 40.46 40.42
36.85 37.19 37.56 38.46 38.90 39.36 40.66 40.60 40.99 41.39 41.79 42.20 42.60 42.98 43.68 43.41 43.60 43.66 43.57 43.33 43.31 42.76 42.29 41.50 41.15 40.14 39.13 38.16 39.12 38.09 36.96 36.16 35.95 35.17 34.11 33.42 32.79 32.38 31.65 31.25 30.89 28.87 28.80 28.63 28.47 30.01 29.98 30.34 30.48 31.09 31.25 31.51 30.77 30.90 31.10 32.50 32.67 33.17 34.05 34.16 34.47 34.85 34.73 35.39 35.90 36.54 37.99 38.53 39.65 40.10 40.53 40.93 41.28 42.29 42.47 42.35 42.20
37.93 38.26 38.62 39.02 39.43 39.88 41.23 41.59 41.97 42.36 42.11 42.47 43.20 43.56 43.87 44.11 44.42 44.43 44.30 44.24 43.81 42.86 42.21 42.09 41.14 40.15 41.30 40.14 39.07 38.00 37.12 36.95 35.92 35.18 34.48 33.45 32.84 32.53 31.72 31.35 29.25 29.22 29.13 28.98 29.10 30.03 30.08 30.10 30.45 31.05 31.23 31.50 31.80 31.05 31.24 31.60 33.31 33.74 34.22 34.24 34.56 34.14 34.79 35.43 36.12 36.81 37.99 38.57 39.89 40.43 40.96 41.45 42.69 43.02 43.26 43.19 43.03
38.49 38.82 39.17 39.55 39.95 40.37 40.80 42.10 42.43 42.78 43.15 43.18 43.52 43.82 44.22 44.39 44.46 44.42 44.26 43.96 43.77 42.93 42.18 42.31 41.42 42.36 41.16 39.99 38.94 37.91 37.10 37.01 36.20 35.23 34.53 34.06 33.50 32.67 32.27 29.91 29.63 30.24 30.00 29.80 29.53 29.15 30.09 30.08 30.42 31.05 31.28 31.51 31.82 31.91 31.38 31.74 33.45 33.90 33.65 34.11 34.63 35.17 34.84 35.47 36.13 36.82 38.05 38.69 39.34 40.72 41.33 42.83 43.38 43.71 44.05 44.02 43.81
39.02 39.35 39.70 40.07 40.45 40.84 41.25 41.66 42.89 43.19 43.22 43.54 43.98 44.22 44.41 44.52 44.55 44.48 44.29 43.98 43.30 42.96 43.17 42.37 43.45 42.27 41.06 39.86 38.80 37.99 37.90 37.13 36.37 35.41 34.75 34.11 33.51 33.22 30.43 30.70 30.72 30.71 30.43 30.16 29.82 29.45 28.99 30.06 30.89 31.11 31.58 31.89 31.86 31.95 32.32 33.61 33.57 33.43 33.76 34.21 34.70 35.21 34.88 35.51 36.13 36.80 38.06 38.78 40.43 41.15 42.46 43.10 43.76 44.41 44.82 44.81 45.20
38.86 39.86 40.21 40.56 40.92 41.30 41.67 42.05 42.53 42.87 43.75 44.03 44.28 44.48 44.62 44.70 44.69 44.59 44.38 44.06 43.37 43.80 43.27 42.50 43.45 42.30 41.10 39.86 38.74 38.07 38.06 37.34 36.62 35.65 35.01 34.38 34.90 33.13 30.78 30.79 31.14 31.17 30.88 30.52 30.11 29.70 29.15 28.94 30.99 31.23 31.71 32.01 32.34 31.99 32.36 33.56 33.12 33.89 33.85 34.30 34.77 36.04 36.60 35.57 36.16 36.77 38.09 38.85 40.39 41.15 42.58 43.25 43.95 44.71 45.48 45.91 45.51
39.44 39.77 40.11 40.46 40.81 41.17 41.53 41.89 42.04 42.38 43.16 44.56 44.79 44.76 44.87 44.91 44.88 44.75 44.54 44.22 46.90 46.09 45.27 44.37 43.89 42.84 41.33 40.18 39.17 40.75 39.96 39.19 38.42 37.68 36.95 33.22 32.88 32.48 31.68 31.69 31.27 31.24 31.10 30.76 30.33 29.90 29.52 29.31 30.20 31.31 31.55 32.08 32.17 32.34 32.70 34.41 36.06 35.77 36.20 36.66 37.21 37.67 37.68 38.20 38.59 39.09 40.50 41.07 40.37 41.10 42.74 43.37 44.03 44.71 46.69 47.22 45.73
39.81 40.14 40.47 40.80 41.13 41.46 41.79 41.95 42.27 42.59 42.89 43.62 45.13 45.29 45.40 45.44 45.42 45.57 45.38 45.84 46.90 46.12 45.35 44.50 44.15 43.17 43.09 42.03 41.08 41.17 40.31 39.52 38.75 38.01 34.27 33.93 33.60 33.23 32.31 32.25 32.20 31.67 31.49 31.19 30.83 30.45 30.02 29.77 30.63 31.62 31.82 32.32 32.31 32.62 34.54 34.51 36.37 36.62 36.45 36.92 37.48 37.94 37.99 38.53 38.99 39.52 40.87 41.36 41.87 43.39 43.82 43.11 43.70 46.12 46.37 47.03 47.16
