data/Validacao/T021015.grd
DSAA
94	94
0.0000	100.0000
0.0000	100.0000
26.3442	27.1820
[rows 0 to 33 of 94, columns 0 to 76 of 94]
26.76 26.73 26.75 26.76 26.77 26.78 26.79 26.80 26.81 26.81 26.82 26.82 26.82 26.83 26.83 26.81 26.81 26.83 26.82 26.81 26.80 26.78 26.76 26.74 26.73 26.69 26.68 26.66 26.64 26.65 26.65 26.65 26.64 26.63 26.65 26.62 26.61 26.60 26.60 26.61 26.62 26.63 26.64 26.65 26.66 26.64 26.65 26.68 26.69 26.70 26.72 26.73 26.76 26.77 26.78 26.80 26.82 26.84 26.84 26.87 26.88 26.91 26.92 26.93 26.95 26.93 26.98 26.99 27.00 27.01 27.01 27.02 27.03 27.03 27.03 27.04 27.01
26.77 26.78 26.75 26.76 26.77 26.78 26.79 26.80 26.81 26.82 26.82 26.82 26.82 26.83 26.82 26.82 26.81 26.82 26.82 26.80 26.79 26.77 26.75 26.73 26.72 26.68 26.67 26.66 26.66 26.65 26.64 26.65 26.64 26.63 26.62 26.62 26.61 26.59 26.59 26.61 26.62 26.63 26.64 26.65 26.64 26.64 26.63 26.64 26.69 26.71 26.72 26.73 26.76 26.78 26.79 26.81 26.83 26.85 26.86 26.87 26.89 26.91 26.92 26.94 26.95 26.96 26.98 26.99 27.00 27.00 27.01 27.02 27.02 27.02 27.04 27.02 26.99
26.77 26.78 26.79 26.77 26.78 26.79 26.80 26.81 26.81 26.82 26.82 26.82 26.83 26.83 26.82 26.82 26.82 26.81 26.80 26.79 26.77 26.76 26.74 26.72 26.71 26.69 26.66 26.65 26.64 26.64 26.64 26.64 26.64 26.63 26.62 26.62 26.60 26.60 26.60 26.60 26.62 26.63 26.64 26.65 26.64 26.62 26.63 26.64 26.66 26.71 26.72 26.74 26.76 26.78 26.79 26.81 26.83 26.85 26.87 26.88 26.89 26.92 26.93 26.94 26.95 26.98 26.97 26.98 26.99 27.00 27.00 27.01 27.01 27.01 27.01 26.99 26.97
26.78 26.79 26.80 26.81 26.78 26.79 26.80 26.81 26.82 26.82 26.82 26.83 26.83 26.83 26.82 26.82 26.81 26.81 26.79 26.78 26.76 26.74 26.73 26.71 26.69 26.68 26.66 26.65 26.64 26.64 26.64 26.64 26.64 26.63 26.63 26.62 26.61 26.60 26.60 26.61 26.62 26.64 26.65 26.64 26.65 26.63 26.64 26.65 26.69 26.71 26.72 26.74 26.76 26.77 26.79 26.81 26.84 26.85 26.88 26.88 26.90 26.92 26.93 26.95 26.96 26.97 26.98 26.97 26.98 26.99 26.99 26.99 26.99 26.99 26.98 26.97 26.95
26.78 26.79 26.80 26.81 26.82 26.80 26.81 26.81 26.82 26.83 26.83 26.83 26.83 26.83 26.82 26.82 26.81 26.80 26.79 26.77 26.75 26.73 26.72 26.70 26.68 26.67 26.65 26.64 26.64 26.64 26.64 26.65 26.64 26.64 26.63 26.62 26.62 26.61 26.61 26.62 26.62 26.63 26.65 26.64 26.65 26.66 26.65 26.68 26.69 26.69 26.71 26.74 26.75 26.77 26.80 26.82 26.84 26.86 26.88 26.90 26.90 26.92 26.94 26.95 26.96 26.96 26.97 26.96 26.97 26.97 26.97 26.97 26.97 26.97 26.96 26.95 26.94
26.79 26.80 26.81 26.82 26.83 26.81 26.81 26.82 26.83 26.83 26.83 26.83 26.83 26.83 26.82 26.82 26.81 26.79 26.78 26.76 26.74 26.72 26.70 26.69 26.67 26.67 26.65 26.64 26.64 26.64 26.64 26.66 26.65 26.64 26.64 26.63 26.63 26.63 26.62 26.63 26.63 26.64 26.64 26.65 26.66 26.67 26.65 26.68 26.69 26.69 26.71 26.72 26.75 26.77 26.80 26.82 26.84 26.87 26.89 26.90 26.91 26.93 26.94 26.94 26.95 26.95 26.96 26.96 26.95 26.95 26.95 26.95 26.95 26.95 26.94 26.93 26.91
26.79 26.80 26.81 26.82 26.83 26.84 26.82 26.83 26.84 26.84 26.84 26.84 26.84 26.83 26.82 26.82 26.80 26.79 26.77 26.75 26.73 26.71 26.69 26.68 26.67 26.66 26.66 26.64 26.64 26.64 26.65 26.66 26.66 26.65 26.66 26.64 26.62 26.64 26.64 26.64 26.64 26.65 26.65 26.66 26.67 26.68 26.68 26.69 26.69 26.69 26.70 26.72 26.74 26.76 26.80 26.82 26.85 26.87 26.89 26.90 26.91 26.93 26.93 26.94 26.94 26.94 26.94 26.94 26.94 26.93 26.93 26.93 26.93 26.92 26.92 26.90 26.89
26.79 26.80 26.81 26.82 26.83 26.84 26.83 26.84 26.84 26.85 26.85 26.85 26.84 26.84 26.83 26.82 26.81 26.79 26.77 26.75 26.73 26.70 26.68 26.67 26.66 26.66 26.66 26.64 26.65 26.65 26.65 26.66 26.67 26.67 26.67 26.64 26.64 26.64 26.65 26.65 26.66 26.66 26.67 26.67 26.68 26.69 26.69 26.70 26.69 26.69 26.70 26.71 26.73 26.76 26.79 26.82 26.85 26.87 26.89 26.91 26.93 26.93 26.93 26.93 26.93 26.93 26.92 26.92 26.92 26.92 26.91 26.91 26.91 26.90 26.89 26.88 26.86
26.80 26.80 26.81 26.82 26.83 26.84 26.83 26.84 26.85 26.85 26.86 26.85 26.85 26.84 26.83 26.82 26.81 26.79 26.77 26.75 26.73 26.70 26.68 26.66 26.65 26.65 26.66 26.66 26.66 26.66 26.66 26.67 26.68 26.68 26.68 26.66 26.65 26.65 26.66 26.66 26.67 26.67 26.68 26.68 26.69 26.69 26.70 26.70 26.70 26.69 26.69 26.70 26.72 26.75 26.78 26.82 26.85 26.87 26.90 26.91 26.93 26.93 26.92 26.92 26.91 26.91 26.90 26.90 26.90 26.90 26.91 26.89 26.88 26.88 26.86 26.85 26.84
26.80 26.81 26.81 26.82 26.83 26.84 26.85 26.84 26.85 26.86 26.86 26.86 26.85 26.85 26.84 26.83 26.82 26.80 26.78 26.76 26.74 26.71 26.68 26.65 26.65 26.66 26.67 26.67 26.67 26.67 26.67 26.68 26.68 26.68 26.68 26.67 26.67 26.67 26.67 26.67 26.67 26.68 26.69 26.69 26.70 26.70 26.72 26.71 26.70 26.69 26.69 26.68 26.71 26.75 26.78 26.82 26.86 26.87 26.89 26.91 26.92 26.93 26.91 26.91 26.90 26.89 26.88 26.88 26.88 26.87 26.88 26.86 26.86 26.85 26.84 26.83 26.82
26.79 26.80 26.81 26.82 26.83 26.84 26.85 26.84 26.85 26.86 26.86 26.86 26.86 26.85 26.85 26.84 26.83 26.81 26.79 26.77 26.75 26.72 26.69 26.67 26.67 26.67 26.68 26.69 26.69 26.69 26.69 26.69 26.69 26.69 26.69 26.69 26.69 26.68 26.68 26.68 26.68 26.69 26.69 26.70 26.70 26.71 26.72 26.71 26.71 26.70 26.69 26.69 26.71 26.75 26.78 26.82 26.85 26.86 26.88 26.89 26.91 26.91 26.90 26.89 26.88 26.87 26.86 26.86 26.85 26.85 26.85 26.84 26.84 26.82 26.82 26.81 26.80
26.79 26.80 26.81 26.82 26.83 26.84 26.85 26.84 26.85 26.86 26.86 26.86 26.86 26.86 26.86 26.85 26.84 26.82 26.81 26.79 26.77 26.75 26.72 26.71 26.70 26.70 26.70 26.71 26.71 26.70 26.71 26.71 26.70 26.70 26.71 26.70 26.70 26.69 26.69 26.69 26.69 26.70 26.70 26.70 26.71 26.72 26.72 26.71 26.71 26.71 26.70 26.71 26.73 26.75 26.78 26.81 26.83 26.85 26.86 26.87 26.88 26.88 26.88 26.87 26.86 26.85 26.84 26.84 26.83 26.83 26.83 26.82 26.82 26.80 26.80 26.79 26.78
26.79 26.79 26.80 26.81 26.82 26.83 26.84 26.85 26.84 26.85 26.86 26.87 26.87 26.87 26.87 26.86 26.85 26.84 26.83 26.81 26.79 26.77 26.75 26.74 26.73 26.73 26.73 26.73 26.73 26.73 26.72 26.73 26.72 26.72 26.72 26.71 26.71 26.71 26.70 26.70 26.70 26.70 26.70 26.71 26.71 26.72 26.72 26.72 26.72 26.71 26.72 26.72 26.74 26.76 26.78 26.80 26.82 26.84 26.85 26.85 26.86 26.86 26.85 26.85 26.84 26.83 26.82 26.82 26.81 26.81 26.80 26.80 26.80 26.79 26.78 26.77 26.77
26.78 26.79 26.80 26.81 26.82 26.83 26.84 26.85 26.84 26.85 26.86 26.87 26.88 26.88 26.88 26.87 26.87 26.86 26.85 26.83 26.82 26.80 26.79 26.78 26.77 26.76 26.76 26.76 26.76 26.75 26.74 26.74 26.74 26.73 26.73 26.73 26.72 26.72 26.72 26.71 26.71 26.71 26.71 26.71 26.71 26.72 26.72 26.72 26.72 26.72 26.73 26.73 26.75 26.76 26.78 26.80 26.81 26.82 26.83 26.84 26.84 26.83 26.83 26.82 26.82 26.81 26.80 26.79 26.79 26.79 26.78 26.78 26.78 26.77 26.76 26.76 26.76
26.77 26.78 26.79 26.80 26.81 26.82 26.83 26.84 26.84 26.85 26.86 26.88 26.88 26.89 26.89 26.89 26.88 26.88 26.87 26.85 26.84 26.83 26.82 26.81 26.80 26.79 26.79 26.79 26.78 26.78 26.77 26.76 26.75 26.75 26.74 26.74 26.73 26.73 26.72 26.72 26.72 26.71 26.71 26.72 26.72 26.72 26.72 26.72 26.72 26.73 26.73 26.74 26.75 26.76 26.78 26.79 26.80 26.81 26.82 26.82 26.82 26.81 26.81 26.80 26.79 26.78 26.78 26.77 26.77 26.77 26.77 26.76 26.76 26.76 26.76 26.75 26.76
26.76 26.77 26.78 26.79 26.80 26.81 26.82 26.83 26.85 26.85 26.86 26.88 26.89 26.90 26.91 26.91 26.90 26.89 26.88 26.88 26.87 26.86 26.85 26.84 26.84 26.83 26.82 26.81 26.81 26.80 26.79 26.78 26.77 26.76 26.76 26.75 26.74 26.74 26.73 26.73 26.72 26.72 26.72 26.72 26.72 26.72 26.72 26.72 26.73 26.74 26.74 26.75 26.76 26.77 26.78 26.79 26.80 26.81 26.81 26.81 26.81 26.80 26.79 26.78 26.77 26.77 26.75 26.75 26.75 26.75 26.75 26.75 26.75 26.75 26.75 26.75 26.75
26.75 26.75 26.77 26.78 26.79 26.80 26.81 26.83 26.84 26.85 26.87 26.88 26.90 26.91 26.92 26.92 26.92 26.91 26.90 26.90 26.89 26.88 26.88 26.87 26.87 26.86 26.85 26.84 26.83 26.82 26.81 26.80 26.78 26.78 26.77 26.76 26.75 26.74 26.74 26.73 26.73 26.72 26.72 26.72 26.72 26.72 26.73 26.73 26.73 26.74 26.75 26.75 26.76 26.77 26.78 26.79 26.79 26.80 26.80 26.80 26.80 26.79 26.78 26.76 26.75 26.74 26.73 26.73 26.74 26.74 26.74 26.74 26.74 26.74 26.74 26.75 26.75
26.74 26.74 26.75 26.77 26.78 26.79 26.81 26.82 26.83 26.84 26.86 26.89 26.91 26.93 26.94 26.94 26.93 26.93 26.92 26.91 26.91 26.91 26.91 26.90 26.90 26.89 26.88 26.87 26.86 26.84 26.83 26.81 26.79 26.78 26.78 26.76 26.75 26.74 26.74 26.74 26.73 26.73 26.73 26.72 26.72 26.73 26.73 26.73 26.74 26.75 26.75 26.76 26.77 26.77 26.78 26.79 26.79 26.80 26.80 26.80 26.79 26.78 26.77 26.75 26.73 26.72 26.72 26.72 26.73 26.73 26.73 26.73 26.74 26.74 26.74 26.75 26.75
26.73 26.73 26.75 26.76 26.77 26.78 26.80 26.81 26.83 26.84 26.86 26.89 26.91 26.94 26.96 26.96 26.95 26.94 26.93 26.93 26.93 26.93 26.93 26.93 26.92 26.91 26.90 26.89 26.88 26.86 26.84 26.82 26.80 26.79 26.78 26.76 26.75 26.74 26.73 26.73 26.72 26.72 26.72 26.73 26.72 26.73 26.73 26.74 26.74 26.75 26.76 26.76 26.77 26.78 26.78 26.79 26.79 26.80 26.80 26.80 26.79 26.78 26.76 26.74 26.72 26.70 26.71 26.72 26.72 26.73 26.73 26.73 26.74 26.74 26.74 26.75 26.76
26.72 26.73 26.74 26.75 26.77 26.78 26.79 26.81 26.82 26.83 26.86 26.89 26.91 26.94 26.96 26.96 26.95 26.95 26.94 26.94 26.94 26.94 26.95 26.95 26.94 26.93 26.92 26.91 26.89 26.87 26.85 26.83 26.81 26.80 26.78 26.77 26.75 26.74 26.73 26.73 26.73 26.72 26.72 26.72 26.72 26.73 26.73 26.74 26.75 26.75 26.76 26.77 26.78 26.78 26.79 26.79 26.80 26.80 26.80 26.80 26.80 26.78 26.77 26.75 26.72 26.70 26.70 26.71 26.72 26.73 26.74 26.74 26.75 26.75 26.75 26.76 26.77
26.73 26.73 26.74 26.75 26.76 26.77 26.78 26.79 26.81 26.84 26.86 26.88 26.91 26.93 26.95 26.96 26.96 26.95 26.95 26.95 26.95 26.95 26.96 26.96 26.95 26.94 26.93 26.92 26.90 26.88 26.86 26.83 26.81 26.80 26.79 26.77 26.76 26.74 26.74 26.73 26.73 26.73 26.72 26.72 26.72 26.72 26.73 26.75 26.75 26.76 26.77 26.77 26.78 26.79 26.80 26.80 26.81 26.81 26.81 26.81 26.80 26.79 26.78 26.76 26.74 26.72 26.73 26.73 26.73 26.74 26.75 26.75 26.76 26.76 26.77 26.78 26.80
26.73 26.73 26.74 26.73 26.74 26.76 26.77 26.79 26.81 26.83 26.85 26.88 26.90 26.92 26.94 26.95 26.95 26.96 26.96 26.96 26.96 26.96 26.96 26.96 26.96 26.95 26.93 26.92 26.90 26.87 26.86 26.84 26.82 26.80 26.78 26.77 26.75 26.74 26.73 26.73 26.72 26.72 26.71 26.71 26.72 26.72 26.73 26.74 26.75 26.76 26.77 26.78 26.79 26.80 26.80 26.81 26.82 26.82 26.82 26.82 26.81 26.81 26.79 26.78 26.76 26.75 26.75 26.75 26.75 26.75 26.77 26.77 26.78 26.78 26.79 26.80 26.82
26.74 26.74 26.74 26.75 26.74 26.75 26.77 26.78 26.80 26.82 26.84 26.87 26.89 26.91 26.92 26.94 26.95 26.95 26.96 26.96 26.97 26.97 26.97 26.97 26.96 26.95 26.93 26.92 26.89 26.87 26.85 26.83 26.81 26.80 26.78 26.76 26.75 26.74 26.73 26.72 26.72 26.71 26.71 26.71 26.71 26.72 26.72 26.73 26.75 26.76 26.77 26.79 26.80 26.80 26.81 26.82 26.83 26.83 26.83 26.83 26.83 26.82 26.82 26.80 26.79 26.78 26.78 26.78 26.77 26.77 26.78 26.78 26.79 26.80 26.81 26.83 26.85
26.74 26.74 26.74 26.75 26.75 26.75 26.77 26.79 26.80 26.82 26.83 26.86 26.88 26.90 26.91 26.93 26.94 26.95 26.96 26.97 26.97 26.97 26.97 26.97 26.96 26.95 26.93 26.91 26.89 26.86 26.84 26.82 26.80 26.79 26.77 26.75 26.74 26.73 26.72 26.71 26.71 26.70 26.70 26.70 26.70 26.71 26.72 26.73 26.74 26.76 26.78 26.79 26.80 26.81 26.82 26.83 26.84 26.84 26.85 26.85 26.85 26.84 26.84 26.83 26.82 26.81 26.80 26.80 26.80 26.80 26.80 26.80 26.81 26.81 26.83 26.86 26.87
26.73 26.73 26.73 26.73 26.74 26.76 26.77 26.78 26.79 26.81 26.83 26.84 26.86 26.88 26.90 26.92 26.93 26.94 26.95 26.96 26.97 26.97 26.98 26.97 26.96 26.95 26.93 26.90 26.88 26.85 26.83 26.81 26.79 26.78 26.76 26.75 26.73 26.72 26.71 26.70 26.70 26.69 26.69 26.70 26.70 26.70 26.71 26.73 26.74 26.76 26.78 26.80 26.81 26.82 26.83 26.84 26.85 26.86 26.86 26.86 26.87 26.87 26.86 26.85 26.84 26.84 26.83 26.83 26.82 26.82 26.82 26.82 26.83 26.83 26.85 26.87 26.89
26.74 26.74 26.73 26.74 26.75 26.76 26.76 26.77 26.78 26.80 26.81 26.83 26.85 26.87 26.89 26.91 26.92 26.94 26.95 26.96 26.97 26.97 26.98 26.97 26.96 26.95 26.92 26.89 26.87 26.84 26.82 26.80 26.78 26.76 26.75 26.73 26.72 26.71 26.70 26.69 26.68 26.68 26.68 26.69 26.69 26.69 26.71 26.72 26.74 26.76 26.78 26.80 26.82 26.83 26.84 26.85 26.86 26.87 26.88 26.88 26.89 26.89 26.88 26.88 26.87 26.87 26.86 26.85 26.86 26.84 26.84 26.85 26.85 26.85 26.87 26.88 26.89
26.75 26.74 26.77 26.77 26.75 26.76 26.76 26.76 26.77 26.78 26.80 26.82 26.84 26.86 26.88 26.90 26.91 26.93 26.94 26.95 26.96 26.97 26.98 26.98 26.97 26.94 26.92 26.88 26.85 26.84 26.81 26.80 26.77 26.75 26.74 26.72 26.71 26.70 26.69 26.68 26.67 26.67 26.67 26.68 26.69 26.68 26.69 26.71 26.73 26.76 26.79 26.81 26.83 26.84 26.85 26.86 26.87 26.88 26.89 26.90 26.90 26.91 26.90 26.90 26.90 26.89 26.89 26.88 26.88 26.88 26.87 26.87 26.87 26.88 26.90 26.90 26.91
26.79 26.78 26.78 26.76 26.76 26.76 26.76 26.76 26.76 26.77 26.79 26.81 26.83 26.85 26.87 26.89 26.90 26.92 26.93 26.94 26.95 26.97 26.98 26.98 26.96 26.94 26.91 26.87 26.84 26.82 26.80 26.79 26.77 26.75 26.73 26.72 26.71 26.69 26.68 26.68 26.67 26.67 26.67 26.67 26.68 26.68 26.69 26.71 26.74 26.77 26.80 26.82 26.83 26.84 26.85 26.86 26.87 26.89 26.90 26.91 26.92 26.93 26.93 26.92 26.92 26.92 26.92 26.90 26.90 26.90 26.89 26.89 26.89 26.90 26.91 26.91 26.92
26.80 26.79 26.80 26.77 26.76 26.76 26.76 26.76 26.76 26.76 26.78 26.80 26.82 26.84 26.86 26.88 26.89 26.90 26.92 26.93 26.95 26.96 26.97 26.98 26.96 26.93 26.90 26.86 26.83 26.81 26.79 26.78 26.76 26.74 26.72 26.71 26.71 26.70 26.69 26.67 26.67 26.66 26.66 26.67 26.67 26.68 26.68 26.70 26.73 26.77 26.80 26.83 26.84 26.85 26.86 26.87 26.88 26.89 26.91 26.92 26.94 26.94 26.94 26.94 26.94 26.94 26.93 26.92 26.91 26.91 26.91 26.91 26.91 26.91 26.92 26.93 26.94
26.81 26.82 26.81 26.80 26.80 26.77 26.77 26.77 26.76 26.77 26.78 26.79 26.81 26.83 26.85 26.87 26.88 26.90 26.91 26.92 26.93 26.94 26.95 26.95 26.94 26.92 26.89 26.85 26.82 26.80 26.78 26.77 26.75 26.74 26.72 26.71 26.70 26.68 26.68 26.68 26.67 26.67 26.67 26.66 26.67 26.67 26.69 26.70 26.73 26.77 26.80 26.82 26.84 26.85 26.86 26.87 26.89 26.90 26.91 26.92 26.94 26.95 26.95 26.95 26.95 26.95 26.94 26.94 26.93 26.92 26.92 26.92 26.94 26.92 26.93 26.94 26.95
26.83 26.83 26.82 26.82 26.81 26.80 26.80 26.77 26.77 26.80 26.81 26.82 26.83 26.84 26.85 26.86 26.87 26.88 26.89 26.91 26.91 26.92 26.93 26.93 26.92 26.90 26.87 26.84 26.82 26.79 26.78 26.76 26.75 26.73 26.71 26.70 26.69 26.68 26.67 26.67 26.67 26.67 26.67 26.67 26.68 26.68 26.69 26.70 26.73 26.76 26.79 26.81 26.83 26.85 26.86 26.87 26.88 26.90 26.91 26.93 26.94 26.94 26.95 26.96 26.96 26.95 26.95 26.94 26.94 26.94 26.93 26.94 26.95 26.94 26.94 26.94 26.95
26.86 26.85 26.84 26.83 26.82 26.82 26.81 26.81 26.82 26.82 26.82 26.82 26.83 26.84 26.85 26.86 26.86 26.87 26.88 26.89 26.90 26.90 26.91 26.91 26.90 26.88 26.86 26.84 26.81 26.80 26.78 26.77 26.75 26.72 26.71 26.70 26.68 26.67 26.66 26.66 26.66 26.67 26.67 26.68 26.68 26.69 26.70 26.71 26.73 26.76 26.79 26.81 26.83 26.84 26.86 26.87 26.88 26.89 26.91 26.93 26.94 26.95 26.95 26.96 26.96 26.96 26.95 26.95 26.94 26.93 26.93 26.94 26.94 26.95 26.95 26.95 26.96
26.91 26.90 26.88 26.85 26.84 26.83 26.82 26.82 26.83 26.83 26.83 26.83 26.83 26.84 26.85 26.84 26.85 26.86 26.87 26.88 26.89 26.90 26.90 26.89 26.88 26.87 26.86 26.83 26.81 26.81 26.79 26.76 26.75 26.72 26.71 26.69 26.67 26.66 26.66 26.66 26.66 26.66 26.67 26.68 26.69 26.71 26.72 26.71 26.74 26.75 26.78 26.80 26.81 26.83 26.85 26.86 26.88 26.89 26.90 26.92 26.94 26.95 26.96 26.96 26.96 26.96 26.95 26.95 26.94 26.94 26.95 26.94 26.94 26.95 26.96 26.96 26.96
26.92 26.91 26.90 26.89 26.88 26.87 26.85 26.85 26.84 26.84 26.84 26.84 26.85 26.85 26.85 26.84 26.85 26.85 26.87 26.88 26.88 26.88 26.89 26.89 26.87 26.86 26.85 26.84 26.83 26.81 26.79 26.77 26.74 26.72 26.70 26.68 26.67 26.66 26.65 26.66 26.66 26.66 26.67 26.69 26.70 26.72 26.73 26.73 26.75 26.77 26.78 26.80 26.82 26.83 26.84 26.86 26.87 26.88 26.90 26.91 26.92 26.94 26.95 26.95 26.96 26.96 26.95 26.94 26.94 26.93 26.95 26.96 26.95 26.95 26.95 26.96 26.97
