data/Validacao/T051115.grd
DSAA
94	94
0.0000	100.0000
0.0000	100.0000
25.9242	26.4590
[rows 0 to 33 of 94, columns 0 to 76 of 94]
26.24 26.23 26.23 26.20 26.20 26.19 26.19 26.18 26.18 26.17 26.17 26.16 26.16 26.16 26.16 26.16 26.16 26.16 26.17 26.17 26.17 26.17 26.17 26.16 26.16 26.16 26.15 26.15 26.14 26.14 26.14 26.13 26.13 26.13 26.13 26.13 26.12 26.12 26.13 26.14 26.15 26.16 26.17 26.18 26.19 26.20 26.21 26.21 26.21 26.22 26.23 26.23 26.23 26.23 26.23 26.23 26.22 26.21 26.21 26.20 26.19 26.19 26.18 26.16 26.14 26.13 26.11 26.10 26.09 26.08 26.06 26.05 26.04 26.02 26.01 26.00 25.99
26.23 26.22 26.22 26.21 26.20 26.19 26.18 26.17 26.17 26.17 26.16 26.16 26.16 26.15 26.15 26.15 26.16 26.16 26.16 26.16 26.16 26.17 26.16 26.16 26.16 26.15 26.15 26.15 26.14 26.14 26.14 26.14 26.14 26.13 26.13 26.13 26.13 26.13 26.14 26.15 26.16 26.17 26.18 26.19 26.20 26.21 26.22 26.23 26.22 26.23 26.24 26.24 26.24 26.24 26.24 26.24 26.23 26.23 26.22 26.21 26.20 26.19 26.18 26.17 26.16 26.13 26.13 26.11 26.10 26.08 26.07 26.05 26.04 26.02 26.01 26.00 25.99
26.22 26.22 26.21 26.20 26.20 26.19 26.18 26.17 26.16 26.16 26.15 26.15 26.15 26.15 26.15 26.15 26.15 26.15 26.15 26.15 26.15 26.16 26.16 26.16 26.15 26.15 26.15 26.15 26.14 26.14 26.14 26.14 26.14 26.14 26.14 26.14 26.14 26.14 26.14 26.15 26.16 26.17 26.18 26.19 26.21 26.22 26.22 26.23 26.24 26.24 26.25 26.25 26.25 26.25 26.25 26.24 26.24 26.24 26.23 26.22 26.21 26.20 26.19 26.17 26.16 26.15 26.13 26.11 26.10 26.08 26.07 26.05 26.04 26.03 26.01 26.00 25.99
26.21 26.21 26.20 26.19 26.19 26.18 26.18 26.17 26.16 26.15 26.15 26.14 26.14 26.14 26.14 26.14 26.14 26.14 26.14 26.15 26.15 26.15 26.15 26.15 26.15 26.15 26.15 26.15 26.15 26.15 26.15 26.15 26.15 26.14 26.14 26.14 26.14 26.15 26.15 26.16 26.17 26.18 26.19 26.20 26.22 26.22 26.23 26.24 26.25 26.25 26.26 26.26 26.26 26.26 26.26 26.26 26.25 26.25 26.24 26.23 26.22 26.21 26.19 26.18 26.16 26.15 26.13 26.12 26.10 26.09 26.07 26.06 26.04 26.03 26.02 26.01 26.00
26.21 26.20 26.19 26.19 26.18 26.17 26.17 26.16 26.16 26.15 26.15 26.14 26.13 26.13 26.13 26.13 26.13 26.14 26.14 26.14 26.15 26.15 26.14 26.15 26.15 26.14 26.15 26.15 26.15 26.15 26.15 26.15 26.15 26.15 26.15 26.15 26.15 26.16 26.16 26.17 26.18 26.19 26.20 26.21 26.22 26.23 26.24 26.25 26.26 26.27 26.27 26.27 26.27 26.27 26.27 26.27 26.26 26.26 26.25 26.24 26.23 26.21 26.20 26.18 26.17 26.16 26.13 26.12 26.10 26.09 26.07 26.06 26.05 26.04 26.02 26.01 26.00
26.20 26.19 26.18 26.18 26.17 26.17 26.16 26.15 26.15 26.14 26.14 26.13 26.13 26.12 26.12 26.12 26.12 26.13 26.13 26.13 26.14 26.14 26.14 26.14 26.14 26.15 26.15 26.15 26.15 26.15 26.15 26.16 26.16 26.16 26.16 26.16 26.16 26.16 26.17 26.18 26.19 26.20 26.20 26.22 26.23 26.24 26.25 26.26 26.27 26.28 26.28 26.28 26.28 26.28 26.28 26.28 26.27 26.27 26.26 26.25 26.23 26.22 26.21 26.19 26.18 26.16 26.14 26.12 26.10 26.09 26.08 26.06 26.05 26.04 26.03 26.02 26.01
26.19 26.19 26.17 26.17 26.16 26.16 26.15 26.15 26.14 26.13 26.13 26.12 26.12 26.12 26.12 26.11 26.11 26.12 26.13 26.13 26.14 26.14 26.14 26.14 26.15 26.15 26.15 26.15 26.16 26.16 26.16 26.16 26.16 26.16 26.16 26.16 26.17 26.17 26.18 26.19 26.20 26.20 26.21 26.23 26.24 26.25 26.26 26.27 26.28 26.28 26.29 26.29 26.29 26.29 26.29 26.29 26.28 26.28 26.27 26.26 26.25 26.23 26.22 26.20 26.18 26.16 26.14 26.12 26.11 26.09 26.08 26.07 26.06 26.05 26.03 26.02 26.01
26.18 26.18 26.16 26.16 26.16 26.15 26.15 26.14 26.13 26.13 26.12 26.11 26.11 26.10 26.10 26.11 26.11 26.11 26.12 26.13 26.13 26.13 26.13 26.14 26.15 26.15 26.16 26.16 26.16 26.16 26.16 26.17 26.17 26.17 26.17 26.17 26.17 26.18 26.19 26.19 26.20 26.21 26.22 26.23 26.25 26.26 26.27 26.28 26.29 26.29 26.30 26.30 26.30 26.30 26.30 26.30 26.29 26.29 26.28 26.27 26.26 26.24 26.22 26.20 26.18 26.16 26.14 26.13 26.11 26.10 26.09 26.07 26.06 26.05 26.04 26.03 26.02
26.17 26.17 26.16 26.15 26.15 26.15 26.14 26.14 26.13 26.12 26.12 26.11 26.10 26.09 26.09 26.10 26.11 26.12 26.12 26.13 26.13 26.13 26.14 26.14 26.14 26.15 26.16 26.16 26.17 26.17 26.17 26.17 26.17 26.18 26.18 26.18 26.18 26.18 26.19 26.20 26.21 26.22 26.23 26.24 26.25 26.26 26.28 26.29 26.29 26.30 26.31 26.31 26.31 26.31 26.31 26.31 26.30 26.30 26.29 26.28 26.27 26.25 26.22 26.20 26.18 26.16 26.14 26.13 26.12 26.11 26.09 26.08 26.07 26.06 26.05 26.04 26.03
26.16 26.16 26.16 26.15 26.14 26.14 26.14 26.13 26.13 26.12 26.11 26.10 26.10 26.09 26.08 26.09 26.10 26.11 26.12 26.12 26.13 26.14 26.14 26.14 26.15 26.16 26.16 26.17 26.17 26.17 26.18 26.17 26.17 26.18 26.18 26.19 26.18 26.19 26.19 26.20 26.21 26.22 26.24 26.25 26.26 26.27 26.28 26.29 26.30 26.30 26.31 26.31 26.31 26.31 26.32 26.31 26.31 26.31 26.30 26.29 26.27 26.25 26.23 26.20 26.18 26.16 26.14 26.13 26.12 26.11 26.10 26.08 26.07 26.06 26.05 26.04 26.03
26.16 26.15 26.15 26.14 26.14 26.14 26.13 26.13 26.12 26.12 26.11 26.11 26.10 26.09 26.09 26.09 26.11 26.12 26.12 26.13 26.14 26.14 26.15 26.15 26.15 26.16 26.17 26.17 26.18 26.17 26.18 26.18 26.18 26.18 26.19 26.19 26.19 26.19 26.20 26.21 26.22 26.23 26.24 26.25 26.26 26.27 26.29 26.29 26.30 26.31 26.31 26.31 26.31 26.31 26.32 26.32 26.32 26.31 26.30 26.28 26.27 26.25 26.23 26.20 26.18 26.16 26.14 26.13 26.12 26.11 26.11 26.10 26.08 26.07 26.06 26.05 26.04
26.15 26.15 26.15 26.14 26.13 26.13 26.13 26.13 26.13 26.12 26.12 26.11 26.10 26.10 26.10 26.11 26.11 26.11 26.13 26.14 26.15 26.15 26.15 26.16 26.16 26.16 26.17 26.17 26.18 26.18 26.18 26.18 26.18 26.18 26.19 26.19 26.19 26.19 26.20 26.21 26.22 26.23 26.24 26.25 26.26 26.28 26.29 26.29 26.30 26.31 26.31 26.31 26.31 26.31 26.31 26.32 26.31 26.30 26.29 26.28 26.26 26.25 26.22 26.20 26.18 26.16 26.15 26.14 26.13 26.12 26.11 26.10 26.09 26.08 26.07 26.06 26.05
26.15 26.14 26.14 26.14 26.13 26.13 26.13 26.13 26.13 26.12 26.12 26.12 26.11 26.11 26.11 26.12 26.11 26.13 26.14 26.15 26.16 26.16 26.16 26.16 26.17 26.17 26.17 26.18 26.18 26.18 26.18 26.18 26.18 26.19 26.19 26.19 26.19 26.20 26.20 26.21 26.22 26.23 26.24 26.25 26.26 26.28 26.28 26.29 26.30 26.30 26.30 26.31 26.31 26.31 26.30 26.31 26.30 26.29 26.28 26.27 26.25 26.24 26.22 26.20 26.18 26.16 26.15 26.14 26.13 26.12 26.11 26.11 26.10 26.09 26.08 26.07 26.06
26.14 26.14 26.14 26.14 26.14 26.13 26.13 26.13 26.13 26.13 26.13 26.13 26.12 26.12 26.13 26.12 26.13 26.14 26.15 26.16 26.17 26.17 26.18 26.17 26.17 26.17 26.17 26.17 26.18 26.18 26.18 26.18 26.18 26.19 26.19 26.20 26.20 26.20 26.21 26.21 26.22 26.23 26.24 26.25 26.26 26.27 26.28 26.29 26.30 26.30 26.30 26.30 26.30 26.30 26.30 26.30 26.29 26.28 26.27 26.26 26.24 26.23 26.22 26.19 26.18 26.17 26.15 26.14 26.13 26.13 26.12 26.11 26.11 26.10 26.08 26.08 26.07
26.13 26.13 26.13 26.13 26.14 26.13 26.13 26.14 26.14 26.14 26.14 26.14 26.14 26.14 26.13 26.13 26.14 26.15 26.16 26.17 26.18 26.18 26.19 26.19 26.18 26.18 26.18 26.17 26.18 26.18 26.18 26.18 26.18 26.19 26.19 26.19 26.20 26.20 26.21 26.21 26.22 26.23 26.25 26.25 26.26 26.27 26.28 26.28 26.29 26.29 26.30 26.30 26.30 26.29 26.29 26.29 26.28 26.27 26.26 26.25 26.23 26.22 26.21 26.19 26.18 26.17 26.15 26.15 26.14 26.13 26.12 26.12 26.11 26.11 26.10 26.09 26.08
26.13 26.13 26.13 26.13 26.13 26.14 26.14 26.14 26.14 26.15 26.15 26.15 26.15 26.13 26.14 26.15 26.16 26.17 26.18 26.19 26.19 26.19 26.20 26.20 26.20 26.19 26.18 26.18 26.17 26.18 26.18 26.18 26.19 26.19 26.19 26.19 26.20 26.20 26.21 26.22 26.22 26.23 26.24 26.25 26.26 26.27 26.28 26.28 26.29 26.29 26.29 26.29 26.29 26.29 26.28 26.28 26.27 26.26 26.25 26.24 26.23 26.21 26.20 26.19 26.18 26.17 26.16 26.15 26.14 26.14 26.13 26.12 26.12 26.11 26.11 26.10 26.09
26.12 26.12 26.13 26.13 26.14 26.14 26.15 26.15 26.15 26.16 26.16 26.16 26.14 26.15 26.15 26.16 26.17 26.18 26.19 26.20 26.20 26.21 26.21 26.20 26.20 26.20 26.19 26.18 26.17 26.18 26.18 26.18 26.19 26.19 26.20 26.19 26.20 26.20 26.21 26.22 26.22 26.23 26.24 26.25 26.26 26.27 26.28 26.28 26.28 26.29 26.29 26.29 26.29 26.29 26.28 26.27 26.26 26.25 26.24 26.23 26.22 26.21 26.20 26.19 26.17 26.17 26.16 26.15 26.15 26.14 26.14 26.13 26.13 26.12 26.12 26.11 26.10
26.12 26.12 26.12 26.13 26.14 26.14 26.15 26.16 26.16 26.17 26.17 26.15 26.15 26.16 26.16 26.17 26.18 26.19 26.20 26.21 26.22 26.22 26.21 26.21 26.21 26.20 26.20 26.18 26.17 26.18 26.18 26.18 26.19 26.19 26.20 26.20 26.19 26.20 26.21 26.22 26.23 26.23 26.24 26.25 26.26 26.27 26.28 26.28 26.28 26.29 26.30 26.29 26.29 26.28 26.27 26.26 26.25 26.24 26.24 26.22 26.21 26.21 26.19 26.19 26.18 26.17 26.16 26.16 26.15 26.15 26.14 26.14 26.13 26.13 26.13 26.12 26.11
26.11 26.11 26.12 26.13 26.14 26.15 26.15 26.16 26.17 26.18 26.17 26.16 26.16 26.16 26.17 26.18 26.19 26.21 26.22 26.23 26.23 26.23 26.22 26.22 26.21 26.21 26.20 26.19 26.18 26.18 26.19 26.18 26.19 26.19 26.20 26.20 26.19 26.20 26.20 26.22 26.23 26.23 26.24 26.25 26.26 26.27 26.28 26.28 26.29 26.30 26.29 26.29 26.28 26.28 26.27 26.26 26.25 26.24 26.23 26.22 26.21 26.20 26.20 26.19 26.18 26.17 26.16 26.16 26.16 26.15 26.15 26.14 26.14 26.14 26.13 26.13 26.12
26.11 26.12 26.12 26.13 26.14 26.14 26.15 26.16 26.18 26.17 26.17 26.17 26.17 26.17 26.17 26.18 26.20 26.21 26.23 26.24 26.23 26.23 26.23 26.22 26.22 26.21 26.20 26.19 26.19 26.19 26.20 26.20 26.19 26.19 26.20 26.20 26.20 26.20 26.20 26.22 26.23 26.24 26.24 26.25 26.26 26.28 26.28 26.29 26.29 26.29 26.29 26.29 26.28 26.28 26.27 26.25 26.24 26.24 26.23 26.22 26.21 26.20 26.20 26.19 26.19 26.18 26.17 26.17 26.16 26.16 26.15 26.15 26.15 26.14 26.14 26.14 26.14
26.12 26.12 26.12 26.13 26.14 26.15 26.16 26.17 26.16 26.17 26.18 26.17 26.17 26.18 26.18 26.19 26.20 26.22 26.23 26.24 26.24 26.23 26.23 26.23 26.22 26.21 26.20 26.19 26.19 26.19 26.20 26.20 26.19 26.20 26.21 26.20 26.20 26.20 26.21 26.22 26.23 26.24 26.26 26.26 26.27 26.28 26.28 26.29 26.29 26.29 26.29 26.29 26.29 26.28 26.27 26.26 26.25 26.24 26.23 26.22 26.21 26.21 26.20 26.20 26.19 26.19 26.18 26.18 26.17 26.16 26.16 26.16 26.15 26.15 26.15 26.15 26.15
26.12 26.12 26.13 26.13 26.14 26.15 26.16 26.15 26.16 26.17 26.18 26.18 26.18 26.18 26.19 26.20 26.21 26.22 26.23 26.24 26.24 26.24 26.23 26.23 26.22 26.21 26.21 26.20 26.19 26.19 26.19 26.20 26.20 26.21 26.21 26.21 26.21 26.22 26.22 26.23 26.24 26.25 26.26 26.26 26.27 26.27 26.28 26.29 26.29 26.30 26.29 26.29 26.29 26.28 26.27 26.27 26.26 26.25 26.24 26.23 26.22 26.21 26.21 26.20 26.20 26.20 26.19 26.18 26.18 26.18 26.17 26.16 26.16 26.16 26.15 26.16 26.15
26.12 26.13 26.13 26.14 26.14 26.15 26.14 26.15 26.16 26.17 26.18 26.18 26.19 26.18 26.19 26.20 26.21 26.22 26.23 26.24 26.24 26.24 26.23 26.23 26.22 26.21 26.21 26.20 26.20 26.20 26.19 26.20 26.21 26.21 26.21 26.21 26.21 26.22 26.22 26.23 26.24 26.25 26.26 26.26 26.27 26.27 26.28 26.29 26.29 26.30 26.30 26.30 26.29 26.29 26.28 26.27 26.26 26.26 26.25 26.24 26.23 26.22 26.22 26.21 26.21 26.20 26.20 26.19 26.18 26.18 26.17 26.17 26.17 26.16 26.16 26.16 26.16
26.13 26.13 26.13 26.14 26.14 26.14 26.15 26.15 26.16 26.17 26.17 26.18 26.19 26.19 26.20 26.20 26.21 26.22 26.23 26.24 26.24 26.24 26.23 26.23 26.22 26.21 26.21 26.20 26.20 26.20 26.20 26.20 26.20 26.21 26.21 26.21 26.22 26.22 26.23 26.23 26.24 26.25 26.26 26.26 26.27 26.27 26.28 26.29 26.29 26.30 26.30 26.30 26.30 26.29 26.29 26.28 26.27 26.27 26.26 26.25 26.24 26.23 26.23 26.22 26.21 26.21 26.21 26.20 26.19 26.19 26.18 26.18 26.18 26.17 26.17 26.17 26.17
26.14 26.14 26.14 26.14 26.13 26.14 26.15 26.15 26.16 26.17 26.17 26.18 26.19 26.20 26.20 26.21 26.22 26.22 26.23 26.24 26.24 26.24 26.23 26.23 26.22 26.22 26.21 26.20 26.20 26.20 26.20 26.20 26.20 26.21 26.21 26.22 26.22 26.22 26.23 26.23 26.24 26.24 26.25 26.26 26.27 26.27 26.28 26.29 26.30 26.30 26.31 26.31 26.30 26.30 26.30 26.29 26.28 26.28 26.27 26.26 26.25 26.24 26.23 26.23 26.22 26.22 26.21 26.21 26.20 26.20 26.19 26.18 26.18 26.18 26.18 26.18 26.18
26.14 26.14 26.14 26.15 26.14 26.14 26.15 26.15 26.15 26.16 26.17 26.18 26.19 26.20 26.21 26.22 26.22 26.22 26.23 26.24 26.24 26.24 26.23 26.23 26.23 26.22 26.21 26.20 26.20 26.20 26.20 26.20 26.20 26.21 26.21 26.22 26.22 26.23 26.23 26.23 26.24 26.25 26.25 26.26 26.27 26.27 26.28 26.29 26.30 26.30 26.32 26.31 26.31 26.31 26.31 26.30 26.29 26.29 26.28 26.27 26.26 26.25 26.24 26.24 26.23 26.22 26.22 26.22 26.21 26.20 26.20 26.19 26.19 26.18 26.19 26.19 26.19
26.15 26.15 26.15 26.14 26.14 26.14 26.15 26.15 26.15 26.16 26.16 26.18 26.19 26.20 26.21 26.22 26.22 26.22 26.23 26.24 26.24 26.23 26.23 26.23 26.22 26.22 26.21 26.20 26.20 26.20 26.20 26.20 26.20 26.21 26.21 26.22 26.22 26.22 26.23 26.23 26.24 26.26 26.26 26.27 26.28 26.28 26.28 26.29 26.31 26.32 26.32 26.33 26.32 26.32 26.31 26.31 26.30 26.30 26.29 26.28 26.27 26.26 26.25 26.25 26.24 26.23 26.23 26.22 26.22 26.21 26.20 26.20 26.19 26.19 26.20 26.20 26.20
26.15 26.15 26.15 26.14 26.15 26.15 26.15 26.15 26.15 26.15 26.16 26.17 26.19 26.20 26.21 26.22 26.23 26.23 26.23 26.23 26.23 26.23 26.23 26.23 26.22 26.22 26.21 26.21 26.20 26.20 26.20 26.20 26.21 26.21 26.21 26.22 26.22 26.22 26.24 26.25 26.26 26.26 26.27 26.28 26.28 26.29 26.30 26.31 26.31 26.33 26.33 26.33 26.33 26.33 26.33 26.32 26.31 26.30 26.29 26.28 26.27 26.27 26.26 26.25 26.25 26.24 26.23 26.23 26.22 26.22 26.21 26.21 26.20 26.20 26.21 26.21 26.21
26.16 26.16 26.15 26.15 26.15 26.15 26.15 26.15 26.15 26.15 26.16 26.17 26.19 26.20 26.21 26.22 26.22 26.23 26.24 26.23 26.23 26.23 26.23 26.23 26.22 26.22 26.21 26.20 26.20 26.20 26.20 26.20 26.21 26.21 26.21 26.23 26.24 26.24 26.24 26.25 26.26 26.27 26.27 26.28 26.29 26.29 26.30 26.31 26.32 26.33 26.34 26.34 26.34 26.34 26.33 26.33 26.33 26.31 26.30 26.29 26.28 26.27 26.26 26.26 26.25 26.25 26.24 26.23 26.23 26.22 26.22 26.22 26.22 26.22 26.22 26.22 26.22
26.17 26.17 26.17 26.17 26.16 26.16 26.16 26.16 26.16 26.16 26.16 26.18 26.19 26.20 26.21 26.22 26.22 26.23 26.23 26.23 26.23 26.23 26.23 26.23 26.22 26.21 26.21 26.20 26.20 26.20 26.20 26.21 26.21 26.21 26.23 26.23 26.23 26.23 26.24 26.25 26.26 26.27 26.28 26.28 26.29 26.30 26.30 26.31 26.32 26.33 26.33 26.34 26.34 26.34 26.33 26.33 26.33 26.32 26.31 26.29 26.28 26.27 26.27 26.26 26.25 26.25 26.24 26.24 26.23 26.24 26.23 26.22 26.24 26.23 26.23 26.23 26.23
26.18 26.18 26.18 26.17 26.17 26.16 26.16 26.16 26.16 26.16 26.17 26.18 26.19 26.20 26.21 26.22 26.22 26.22 26.23 26.23 26.23 26.22 26.22 26.22 26.22 26.21 26.21 26.21 26.20 26.20 26.21 26.21 26.22 26.23 26.23 26.24 26.24 26.24 26.25 26.25 26.26 26.27 26.28 26.29 26.30 26.30 26.31 26.32 26.32 26.33 26.33 26.34 26.34 26.34 26.33 26.33 26.32 26.31 26.31 26.30 26.29 26.28 26.27 26.26 26.26 26.25 26.24 26.25 26.24 26.24 26.24 26.24 26.24 26.24 26.23 26.23 26.23
26.19 26.19 26.19 26.18 26.18 26.18 26.17 26.17 26.17 26.17 26.18 26.18 26.19 26.20 26.21 26.21 26.22 26.22 26.23 26.23 26.22 26.22 26.22 26.22 26.21 26.21 26.21 26.20 26.20 26.21 26.21 26.22 26.23 26.23 26.23 26.23 26.24 26.24 26.25 26.26 26.26 26.28 26.28 26.29 26.30 26.31 26.31 26.32 26.33 26.33 26.33 26.34 26.34 26.33 26.33 26.32 26.32 26.31 26.30 26.30 26.29 26.28 26.28 26.27 26.26 26.25 26.25 26.25 26.25 26.24 26.24 26.25 26.24 26.24 26.24 26.24 26.24
26.20 26.20 26.19 26.19 26.19 26.19 26.19 26.18 26.18 26.18 26.18 26.19 26.19 26.20 26.21 26.21 26.21 26.22 26.22 26.22 26.22 26.22 26.22 26.21 26.21 26.21 26.21 26.20 26.20 26.22 26.22 26.23 26.23 26.23 26.23 26.24 26.24 26.25 26.25 26.26 26.27 26.28 26.29 26.29 26.30 26.31 26.31 26.32 26.33 26.33 26.33 26.33 26.33 26.33 26.32 26.32 26.31 26.31 26.30 26.30 26.29 26.28 26.28 26.27 26.27 26.26 26.26 26.25 26.25 26.25 26.25 26.25 26.25 26.26 26.25 26.25 26.25
26.22 26.22 26.22 26.21 26.21 26.21 26.19 26.19 26.19 26.18 26.19 26.19 26.20 26.21 26.21 26.21 26.21 26.21 26.23 26.23 26.22 26.21 26.21 26.22 26.21 26.21 26.20 26.20 26.22 26.22 26.23 26.23 26.23 26.24 26.24 26.24 26.25 26.26 26.26 26.27 26.27 26.28 26.30 26.30 26.31 26.31 26.32 26.32 26.33 26.33 26.33 26.33 26.33 26.33 26.32 26.32 26.31 26.30 26.30 26.30 26.29 26.29 26.28 26.28 26.27 26.27 26.26 26.26 26.26 26.25 26.25 26.26 26.26 26.26 26.26 26.26 26.26
