data/Validacao/T061015.grd
DSAA
94	94
0.0000	100.0000
0.0000	100.0000
24.8004	26.7985
[rows 0 to 33 of 94, columns 0 to 76 of 94]
25.10 25.54 25.59 25.62 25.68 25.75 25.82 25.88 25.95 26.02 26.09 26.15 26.21 26.26 26.31 26.35 26.42 26.44 26.46 26.46 26.40 26.41 26.37 26.32 26.25 26.22 26.11 26.06 26.06 26.01 26.02 25.98 25.94 25.91 25.88 25.86 25.84 25.84 25.87 25.90 25.93 25.96 25.97 25.95 25.97 25.99 25.97 25.99 26.05 26.06 26.08 26.09 26.09 26.09 26.01 26.00 26.01 26.04 26.10 26.13 26.17 26.21 26.25 26.30 26.34 26.38 26.41 26.45 26.49 26.57 26.61 26.64 26.69 26.74 26.79 26.80 26.75
25.53 25.56 25.61 25.67 25.73 25.77 25.84 25.92 25.99 26.06 26.13 26.19 26.25 26.30 26.35 26.39 26.46 26.48 26.49 26.48 26.45 26.44 26.39 26.34 26.26 26.21 26.14 26.12 26.07 26.01 26.00 25.98 25.94 25.90 25.87 25.85 25.83 25.85 25.87 25.90 25.93 25.95 25.96 25.95 25.97 25.98 25.97 25.99 26.05 26.07 26.09 26.10 26.10 26.11 26.03 26.03 26.04 26.07 26.08 26.16 26.19 26.23 26.27 26.32 26.36 26.44 26.42 26.46 26.51 26.57 26.61 26.64 26.68 26.72 26.78 26.78 26.75
25.56 25.59 25.63 25.69 25.76 25.83 25.90 25.95 26.02 26.10 26.16 26.23 26.29 26.34 26.38 26.42 26.46 26.51 26.51 26.50 26.47 26.46 26.41 26.35 26.28 26.22 26.16 26.13 26.07 26.03 26.00 25.97 25.93 25.90 25.87 25.85 25.84 25.86 25.88 25.90 25.93 25.95 25.96 25.95 25.96 25.98 25.98 25.99 26.02 26.08 26.10 26.11 26.12 26.12 26.13 26.07 26.09 26.11 26.13 26.19 26.22 26.26 26.30 26.34 26.41 26.45 26.49 26.47 26.53 26.57 26.60 26.62 26.65 26.69 26.74 26.74 26.71
25.60 25.62 25.66 25.71 25.78 25.85 25.93 26.01 26.08 26.13 26.20 26.26 26.32 26.37 26.41 26.45 26.48 26.53 26.53 26.53 26.49 26.48 26.43 26.37 26.29 26.23 26.20 26.13 26.08 26.03 26.05 25.96 25.94 25.91 25.88 25.86 25.85 25.85 25.90 25.91 25.93 25.95 25.93 25.95 25.97 25.99 25.98 26.00 26.03 26.05 26.11 26.13 26.14 26.15 26.16 26.11 26.13 26.15 26.18 26.20 26.26 26.29 26.32 26.40 26.43 26.46 26.49 26.52 26.52 26.55 26.58 26.59 26.62 26.67 26.68 26.68 26.66
25.61 25.64 25.68 25.73 25.80 25.87 25.95 26.03 26.11 26.18 26.25 26.29 26.34 26.40 26.44 26.48 26.51 26.55 26.56 26.55 26.56 26.50 26.45 26.39 26.31 26.29 26.23 26.15 26.08 26.04 26.05 26.00 25.95 25.92 25.89 25.87 25.86 25.86 25.91 25.92 25.94 25.96 25.94 25.95 25.97 25.99 26.01 26.02 26.04 26.07 26.09 26.15 26.16 26.18 26.20 26.21 26.18 26.20 26.22 26.25 26.27 26.32 26.38 26.41 26.44 26.46 26.48 26.50 26.51 26.53 26.55 26.57 26.57 26.62 26.62 26.62 26.60
25.63 25.66 25.70 25.75 25.82 25.89 25.97 26.05 26.12 26.20 26.27 26.33 26.39 26.42 26.46 26.50 26.53 26.58 26.58 26.58 26.58 26.52 26.46 26.40 26.36 26.29 26.23 26.15 26.10 26.10 26.06 26.02 25.98 25.94 25.91 25.89 25.88 25.89 25.93 25.94 25.95 25.97 25.95 25.96 25.98 26.00 26.02 26.03 26.05 26.08 26.11 26.13 26.19 26.21 26.23 26.25 26.22 26.24 26.27 26.29 26.31 26.38 26.41 26.43 26.44 26.46 26.47 26.49 26.50 26.49 26.51 26.52 26.53 26.55 26.56 26.55 26.54
25.64 25.66 25.71 25.76 25.83 25.90 25.98 26.06 26.14 26.21 26.28 26.34 26.40 26.45 26.49 26.52 26.56 26.60 26.61 26.63 26.60 26.54 26.48 26.44 26.36 26.30 26.23 26.16 26.11 26.10 26.07 26.04 26.00 25.97 25.93 25.91 25.90 25.91 25.94 25.95 25.97 25.98 25.96 25.97 25.99 26.00 26.03 26.04 26.07 26.10 26.13 26.16 26.19 26.24 26.27 26.29 26.27 26.29 26.31 26.33 26.37 26.39 26.42 26.43 26.44 26.45 26.46 26.46 26.47 26.46 26.46 26.46 26.47 26.49 26.49 26.48 26.47
25.65 25.67 25.72 25.77 25.83 25.90 25.98 26.06 26.14 26.22 26.29 26.34 26.39 26.44 26.49 26.54 26.58 26.62 26.64 26.65 26.62 26.58 26.51 26.44 26.37 26.30 26.23 26.17 26.11 26.10 26.08 26.05 26.03 26.00 25.97 25.94 25.92 25.93 25.97 25.97 25.99 26.00 25.98 25.98 25.99 26.01 26.03 26.05 26.08 26.11 26.14 26.18 26.22 26.25 26.30 26.33 26.35 26.34 26.35 26.39 26.40 26.41 26.42 26.44 26.44 26.44 26.44 26.43 26.42 26.42 26.41 26.44 26.43 26.41 26.41 26.41 26.40
25.64 25.67 25.71 25.76 25.82 25.89 25.97 26.05 26.14 26.22 26.29 26.34 26.38 26.43 26.47 26.53 26.59 26.63 26.67 26.68 26.64 26.58 26.51 26.44 26.37 26.30 26.23 26.17 26.11 26.11 26.09 26.07 26.05 26.03 26.00 25.98 25.96 25.96 25.99 26.00 26.00 25.99 25.99 26.00 26.00 26.02 26.03 26.05 26.08 26.12 26.16 26.21 26.25 26.28 26.32 26.35 26.38 26.39 26.41 26.42 26.43 26.43 26.43 26.44 26.43 26.42 26.41 26.40 26.38 26.37 26.40 26.37 26.36 26.34 26.33 26.33 26.32
25.63 25.65 25.69 25.75 25.81 25.88 25.95 26.04 26.13 26.22 26.28 26.32 26.36 26.40 26.44 26.51 26.57 26.63 26.69 26.71 26.65 26.58 26.51 26.43 26.37 26.30 26.24 26.18 26.11 26.12 26.11 26.10 26.08 26.06 26.04 26.01 26.02 25.98 26.01 26.02 26.02 26.01 26.01 26.01 26.02 26.02 26.03 26.05 26.09 26.13 26.18 26.23 26.27 26.31 26.35 26.38 26.41 26.42 26.44 26.44 26.45 26.45 26.44 26.42 26.42 26.40 26.38 26.36 26.33 26.31 26.33 26.30 26.28 26.26 26.25 26.24 26.24
25.62 25.64 25.67 25.72 25.78 25.84 25.92 26.00 26.08 26.17 26.23 26.28 26.32 26.36 26.41 26.47 26.54 26.60 26.65 26.66 26.62 26.56 26.50 26.43 26.38 26.32 26.26 26.20 26.16 26.14 26.14 26.13 26.11 26.10 26.08 26.05 26.05 26.03 26.03 26.03 26.03 26.03 26.02 26.03 26.03 26.04 26.05 26.06 26.11 26.15 26.20 26.24 26.28 26.32 26.36 26.39 26.42 26.44 26.45 26.46 26.46 26.45 26.44 26.42 26.39 26.38 26.35 26.31 26.28 26.25 26.26 26.23 26.22 26.17 26.16 26.16 26.16
25.60 25.62 25.64 25.68 25.74 25.80 25.87 25.94 26.02 26.10 26.16 26.22 26.27 26.32 26.37 26.43 26.49 26.55 26.59 26.59 26.57 26.53 26.49 26.44 26.39 26.34 26.28 26.24 26.20 26.18 26.17 26.16 26.15 26.13 26.11 26.11 26.09 26.07 26.06 26.06 26.05 26.05 26.04 26.04 26.03 26.04 26.06 26.09 26.12 26.16 26.21 26.25 26.29 26.32 26.36 26.39 26.42 26.44 26.45 26.46 26.46 26.45 26.43 26.40 26.38 26.35 26.31 26.27 26.23 26.22 26.19 26.16 26.14 26.09 26.07 26.07 26.07
25.57 25.58 25.60 25.64 25.69 25.75 25.81 25.88 25.95 26.03 26.09 26.15 26.21 26.27 26.32 26.38 26.44 26.49 26.52 26.53 26.52 26.50 26.47 26.43 26.40 26.36 26.32 26.28 26.25 26.23 26.21 26.20 26.18 26.17 26.16 26.15 26.14 26.11 26.09 26.11 26.07 26.07 26.06 26.06 26.05 26.06 26.08 26.11 26.14 26.18 26.22 26.26 26.29 26.32 26.36 26.39 26.41 26.44 26.45 26.45 26.45 26.44 26.42 26.39 26.36 26.32 26.28 26.23 26.19 26.17 26.12 26.08 26.05 26.03 25.98 25.98 25.98
25.53 25.53 25.56 25.59 25.63 25.69 25.75 25.81 25.88 25.95 26.02 26.08 26.14 26.20 26.26 26.32 26.38 26.43 26.46 26.47 26.48 26.47 26.45 26.43 26.41 26.38 26.35 26.32 26.29 26.27 26.26 26.24 26.22 26.20 26.20 26.19 26.17 26.15 26.15 26.14 26.10 26.09 26.09 26.07 26.07 26.08 26.10 26.12 26.15 26.19 26.22 26.26 26.29 26.32 26.35 26.38 26.40 26.42 26.45 26.45 26.44 26.42 26.41 26.37 26.34 26.30 26.25 26.20 26.17 26.11 26.06 26.01 25.97 25.94 25.90 25.89 25.90
25.50 25.51 25.52 25.55 25.59 25.62 25.68 25.74 25.81 25.87 25.94 26.01 26.07 26.14 26.20 26.26 26.32 26.37 26.40 26.42 26.43 26.44 26.44 26.43 26.42 26.40 26.38 26.36 26.32 26.30 26.27 26.28 26.26 26.25 26.23 26.22 26.21 26.19 26.17 26.15 26.14 26.12 26.11 26.09 26.09 26.10 26.11 26.13 26.16 26.19 26.23 26.26 26.29 26.32 26.35 26.38 26.40 26.41 26.44 26.44 26.43 26.41 26.39 26.36 26.32 26.27 26.22 26.16 26.13 26.06 26.00 25.95 25.90 25.85 25.82 25.81 25.82
25.45 25.45 25.46 25.49 25.53 25.58 25.61 25.67 25.73 25.80 25.87 25.94 26.01 26.08 26.14 26.20 26.26 26.31 26.35 26.37 26.40 26.42 26.43 26.43 26.43 26.42 26.41 26.39 26.37 26.35 26.33 26.32 26.30 26.29 26.27 26.27 26.25 26.24 26.22 26.20 26.16 26.14 26.13 26.11 26.11 26.11 26.11 26.14 26.17 26.19 26.23 26.26 26.29 26.32 26.35 26.37 26.39 26.41 26.44 26.44 26.43 26.41 26.38 26.34 26.30 26.25 26.21 26.15 26.09 26.02 25.95 25.89 25.83 25.79 25.76 25.73 25.74
25.39 25.39 25.40 25.43 25.47 25.52 25.57 25.61 25.66 25.73 25.79 25.87 25.95 26.02 26.09 26.15 26.21 26.25 26.29 26.32 26.36 26.40 26.42 26.44 26.45 26.44 26.43 26.42 26.40 26.39 26.37 26.35 26.34 26.32 26.31 26.30 26.29 26.28 26.26 26.24 26.19 26.17 26.15 26.13 26.12 26.11 26.12 26.13 26.16 26.20 26.23 26.27 26.30 26.33 26.35 26.37 26.39 26.40 26.41 26.43 26.42 26.40 26.37 26.33 26.28 26.24 26.19 26.13 26.06 25.99 25.91 25.85 25.77 25.72 25.69 25.68 25.68
25.31 25.31 25.35 25.38 25.42 25.46 25.51 25.56 25.60 25.66 25.73 25.81 25.89 25.97 26.04 26.10 26.16 26.20 26.25 26.28 26.33 26.38 26.42 26.45 26.47 26.46 26.45 26.45 26.43 26.41 26.40 26.38 26.36 26.36 26.35 26.34 26.33 26.32 26.29 26.27 26.23 26.20 26.18 26.15 26.13 26.12 26.11 26.13 26.16 26.20 26.24 26.28 26.29 26.32 26.34 26.37 26.38 26.40 26.41 26.41 26.40 26.39 26.36 26.33 26.28 26.23 26.17 26.12 26.05 25.97 25.89 25.82 25.73 25.66 25.62 25.62 25.62
25.25 25.26 25.29 25.33 25.38 25.42 25.46 25.50 25.55 25.59 25.68 25.76 25.85 25.93 26.00 26.06 26.12 26.17 26.20 26.24 26.31 26.37 26.43 26.47 26.49 26.49 26.48 26.48 26.46 26.43 26.42 26.40 26.37 26.36 26.37 26.37 26.34 26.35 26.30 26.29 26.26 26.23 26.20 26.17 26.16 26.12 26.10 26.11 26.15 26.20 26.24 26.28 26.30 26.32 26.34 26.35 26.38 26.40 26.41 26.41 26.40 26.38 26.36 26.32 26.28 26.24 26.17 26.12 26.05 25.96 25.88 25.80 25.71 25.63 25.56 25.56 25.59
25.23 25.24 25.27 25.30 25.33 25.37 25.41 25.46 25.50 25.57 25.64 25.73 25.82 25.90 25.98 26.04 26.10 26.15 26.19 26.23 26.30 26.37 26.43 26.49 26.50 26.50 26.50 26.48 26.47 26.45 26.43 26.41 26.39 26.38 26.37 26.38 26.36 26.37 26.32 26.31 26.28 26.23 26.21 26.19 26.18 26.14 26.12 26.13 26.17 26.21 26.25 26.29 26.31 26.32 26.33 26.35 26.36 26.39 26.40 26.40 26.39 26.38 26.35 26.32 26.28 26.23 26.17 26.11 26.03 25.98 25.91 25.83 25.72 25.64 25.56 25.57 25.62
25.26 25.26 25.27 25.29 25.32 25.35 25.39 25.43 25.50 25.56 25.63 25.71 25.80 25.88 25.96 26.03 26.10 26.15 26.20 26.25 26.31 26.38 26.43 26.48 26.50 26.51 26.51 26.49 26.47 26.46 26.44 26.42 26.42 26.41 26.40 26.39 26.38 26.36 26.34 26.32 26.29 26.27 26.24 26.21 26.19 26.17 26.15 26.17 26.19 26.23 26.26 26.29 26.30 26.32 26.33 26.35 26.36 26.37 26.39 26.39 26.39 26.37 26.35 26.32 26.28 26.23 26.17 26.12 26.05 26.00 25.93 25.86 25.76 25.70 25.65 25.64 25.69
25.31 25.30 25.29 25.30 25.32 25.35 25.38 25.45 25.50 25.56 25.63 25.70 25.79 25.87 25.95 26.03 26.10 26.16 26.22 26.27 26.33 26.38 26.44 26.47 26.50 26.51 26.50 26.49 26.47 26.46 26.44 26.44 26.42 26.41 26.41 26.39 26.37 26.35 26.34 26.32 26.30 26.28 26.26 26.24 26.21 26.21 26.20 26.20 26.23 26.25 26.27 26.29 26.30 26.32 26.33 26.34 26.35 26.36 26.37 26.38 26.38 26.37 26.35 26.32 26.29 26.24 26.19 26.13 26.07 26.01 25.97 25.91 25.82 25.77 25.74 25.73 25.76
25.36 25.34 25.34 25.33 25.34 25.36 25.41 25.45 25.50 25.56 25.63 25.71 25.79 25.87 25.96 26.04 26.11 26.18 26.24 26.29 26.34 26.40 26.44 26.48 26.50 26.50 26.50 26.48 26.46 26.46 26.44 26.43 26.42 26.41 26.40 26.38 26.36 26.34 26.33 26.32 26.30 26.29 26.27 26.26 26.25 26.24 26.24 26.24 26.26 26.27 26.29 26.30 26.31 26.31 26.32 26.33 26.34 26.35 26.37 26.38 26.38 26.37 26.36 26.33 26.30 26.25 26.22 26.16 26.11 26.05 25.99 25.93 25.87 25.85 25.83 25.83 25.84
25.40 25.38 25.38 25.38 25.38 25.41 25.43 25.47 25.51 25.57 25.64 25.72 25.80 25.89 25.97 26.05 26.13 26.20 26.26 26.31 26.36 26.41 26.45 26.48 26.50 26.50 26.49 26.47 26.46 26.44 26.43 26.43 26.41 26.39 26.39 26.36 26.34 26.32 26.31 26.29 26.30 26.29 26.29 26.28 26.27 26.27 26.27 26.28 26.29 26.30 26.30 26.31 26.31 26.31 26.31 26.32 26.33 26.34 26.36 26.38 26.38 26.38 26.37 26.35 26.32 26.28 26.23 26.19 26.15 26.09 26.04 25.99 25.94 25.90 25.91 25.91 25.92
25.45 25.43 25.42 25.42 25.45 25.46 25.46 25.49 25.53 25.58 25.65 25.73 25.82 25.90 25.99 26.07 26.15 26.22 26.28 26.33 26.38 26.43 26.47 26.49 26.50 26.50 26.49 26.46 26.45 26.42 26.40 26.42 26.40 26.37 26.34 26.33 26.31 26.30 26.30 26.29 26.29 26.29 26.30 26.29 26.29 26.29 26.30 26.31 26.31 26.32 26.33 26.32 26.32 26.31 26.30 26.31 26.31 26.33 26.35 26.37 26.38 26.39 26.38 26.37 26.34 26.32 26.28 26.24 26.19 26.14 26.10 26.06 26.01 25.98 25.98 25.99 25.97
25.49 25.48 25.46 25.46 25.51 25.51 25.52 25.54 25.57 25.60 25.67 25.75 25.84 25.93 26.02 26.10 26.17 26.24 26.30 26.36 26.41 26.45 26.48 26.50 26.51 26.50 26.48 26.46 26.43 26.40 26.38 26.40 26.36 26.34 26.32 26.30 26.28 26.27 26.26 26.28 26.28 26.29 26.30 26.30 26.31 26.32 26.33 26.33 26.34 26.34 26.34 26.34 26.32 26.31 26.29 26.29 26.29 26.32 26.34 26.37 26.39 26.40 26.40 26.39 26.37 26.35 26.32 26.28 26.24 26.19 26.15 26.12 26.07 26.05 26.05 26.00 26.01
25.54 25.53 25.51 25.56 25.55 25.55 25.56 25.57 25.59 25.64 25.70 25.78 25.86 25.96 26.05 26.13 26.20 26.27 26.33 26.38 26.43 26.47 26.50 26.52 26.52 26.50 26.48 26.44 26.41 26.38 26.39 26.36 26.33 26.31 26.29 26.27 26.24 26.24 26.24 26.25 26.28 26.28 26.29 26.31 26.32 26.33 26.35 26.36 26.36 26.36 26.36 26.35 26.33 26.31 26.28 26.26 26.27 26.29 26.33 26.37 26.40 26.41 26.42 26.41 26.40 26.39 26.36 26.33 26.29 26.25 26.22 26.19 26.16 26.13 26.12 26.08 26.08
25.60 25.58 25.56 25.61 25.60 25.60 25.60 25.61 25.62 25.65 25.72 25.81 25.90 26.00 26.09 26.16 26.23 26.29 26.35 26.40 26.44 26.48 26.51 26.53 26.53 26.50 26.46 26.42 26.39 26.34 26.31 26.32 26.30 26.28 26.26 26.23 26.20 26.21 26.22 26.25 26.27 26.28 26.30 26.30 26.33 26.35 26.38 26.39 26.38 26.38 26.38 26.37 26.34 26.31 26.27 26.24 26.23 26.27 26.32 26.37 26.41 26.43 26.44 26.44 26.43 26.44 26.41 26.37 26.33 26.30 26.26 26.24 26.22 26.19 26.15 26.15 26.15
25.68 25.66 25.68 25.66 25.65 25.65 25.65 25.65 25.66 25.68 25.75 25.84 25.94 26.04 26.14 26.20 26.25 26.31 26.36 26.41 26.45 26.48 26.52 26.55 26.53 26.49 26.44 26.39 26.33 26.30 26.27 26.28 26.26 26.24 26.21 26.18 26.17 26.20 26.21 26.22 26.24 26.26 26.28 26.30 26.32 26.35 26.38 26.39 26.39 26.39 26.39 26.39 26.36 26.31 26.26 26.22 26.20 26.25 26.32 26.37 26.42 26.45 26.45 26.46 26.47 26.47 26.44 26.40 26.37 26.34 26.28 26.26 26.24 26.24 26.21 26.21 26.21
25.73 25.71 25.69 25.68 25.71 25.70 25.70 25.71 25.72 25.75 25.81 25.89 25.98 26.07 26.15 26.21 26.26 26.31 26.36 26.41 26.45 26.47 26.50 26.51 26.50 26.46 26.41 26.36 26.31 26.27 26.24 26.24 26.22 26.19 26.17 26.17 26.16 26.17 26.19 26.20 26.21 26.23 26.25 26.28 26.31 26.34 26.36 26.37 26.38 26.38 26.38 26.37 26.35 26.31 26.28 26.25 26.24 26.26 26.31 26.37 26.41 26.44 26.45 26.46 26.48 26.47 26.45 26.43 26.40 26.37 26.32 26.30 26.30 26.29 26.26 26.26 26.26
25.78 25.76 25.75 25.74 25.73 25.76 25.76 25.77 25.79 25.82 25.87 25.94 26.01 26.09 26.15 26.21 26.26 26.30 26.35 26.39 26.43 26.46 26.48 26.47 26.46 26.41 26.37 26.32 26.28 26.23 26.20 26.16 26.18 26.16 26.15 26.12 26.11 26.13 26.14 26.16 26.19 26.22 26.23 26.26 26.29 26.31 26.33 26.35 26.35 26.36 26.36 26.35 26.34 26.32 26.29 26.27 26.26 26.28 26.32 26.36 26.40 26.43 26.44 26.46 26.46 26.47 26.46 26.44 26.42 26.37 26.35 26.36 26.34 26.32 26.30 26.30 26.30
25.83 25.81 25.80 25.79 25.79 25.79 25.83 25.84 25.86 25.89 25.93 25.97 26.03 26.09 26.16 26.21 26.25 26.28 26.32 26.39 26.42 26.43 26.45 26.44 26.40 26.37 26.33 26.29 26.24 26.20 26.16 26.15 26.14 26.13 26.11 26.07 26.08 26.09 26.10 26.13 26.16 26.19 26.20 26.25 26.28 26.29 26.31 26.32 26.33 26.35 26.36 26.35 26.34 26.32 26.30 26.29 26.28 26.27 26.29 26.35 26.39 26.42 26.44 26.45 26.45 26.47 26.47 26.45 26.42 26.40 26.39 26.39 26.38 26.35 26.34 26.33 26.33
25.87 25.86 25.85 25.85 25.85 25.85 25.84 25.85 25.90 25.93 25.96 26.01 26.06 26.11 26.17 26.16 26.20 26.27 26.30 26.37 26.39 26.38 26.38 26.41 26.37 26.35 26.30 26.25 26.18 26.19 26.15 26.11 26.07 26.09 26.06 26.03 26.04 26.04 26.06 26.08 26.13 26.16 26.19 26.23 26.27 26.29 26.29 26.30 26.33 26.34 26.34 26.34 26.33 26.32 26.31 26.30 26.30 26.27 26.29 26.31 26.37 26.40 26.43 26.45 26.45 26.45 26.45 26.44 26.43 26.42 26.42 26.38 26.37 26.35 26.32 26.32 26.32
25.93 25.92 25.91 25.91 25.91 25.91 25.89 25.91 25.93 25.98 26.01 26.05 26.09 26.13 26.13 26.17 26.20 26.24 26.27 26.33 26.35 26.36 26.36 26.36 26.35 26.33 26.26 26.25 26.21 26.16 26.11 26.07 26.03 26.04 26.00 26.00 25.99 26.00 26.02 26.05 26.08 26.12 26.15 26.21 26.25 26.28 26.29 26.31 26.32 26.33 26.33 26.33 26.33 26.32 26.31 26.30 26.29 26.27 26.28 26.30 26.35 26.38 26.42 26.44 26.45 26.47 26.44 26.44 26.41 26.40 26.41 26.40 26.39 26.35 26.34 26.30 26.30
