data/Validacao/T061015.grd
DSAA
94	94
0.0000	100.0000
0.0000	100.0000
24.8004	26.7985
[rows 34 to 67 of 94, columns 0 to 76 of 94]
25.98 25.97 25.96 25.96 25.96 25.96 25.97 25.98 26.00 26.01 26.03 26.06 26.11 26.11 26.14 26.17 26.19 26.22 26.24 26.30 26.32 26.33 26.33 26.32 26.32 26.30 26.26 26.26 26.19 26.14 26.08 26.04 26.02 25.98 25.96 25.93 25.95 25.96 25.98 25.99 26.04 26.09 26.14 26.18 26.24 26.27 26.29 26.31 26.31 26.32 26.32 26.32 26.32 26.31 26.30 26.30 26.30 26.30 26.31 26.32 26.34 26.37 26.39 26.45 26.46 26.44 26.44 26.42 26.42 26.41 26.42 26.41 26.40 26.36 26.35 26.32 26.31
26.02 26.01 26.01 26.01 26.01 26.01 26.02 26.03 26.04 26.04 26.06 26.08 26.11 26.12 26.14 26.16 26.19 26.21 26.22 26.28 26.29 26.30 26.30 26.29 26.29 26.27 26.24 26.24 26.16 26.12 26.07 26.03 25.99 25.96 25.93 25.90 25.89 25.89 25.92 25.96 26.02 26.08 26.12 26.17 26.22 26.23 26.28 26.30 26.31 26.32 26.32 26.33 26.32 26.31 26.31 26.31 26.30 26.31 26.31 26.36 26.37 26.37 26.39 26.41 26.46 26.44 26.42 26.42 26.42 26.39 26.39 26.40 26.39 26.37 26.36 26.32 26.31
26.05 26.05 26.05 26.05 26.05 26.05 26.06 26.06 26.06 26.07 26.09 26.10 26.12 26.14 26.15 26.16 26.18 26.19 26.21 26.26 26.27 26.27 26.27 26.26 26.25 26.25 26.23 26.21 26.14 26.10 26.05 26.00 25.98 25.94 25.91 25.87 25.85 25.85 25.88 25.93 26.00 26.06 26.12 26.17 26.22 26.23 26.27 26.30 26.31 26.32 26.33 26.33 26.32 26.32 26.31 26.31 26.31 26.31 26.32 26.36 26.38 26.40 26.42 26.40 26.44 26.45 26.42 26.42 26.40 26.40 26.39 26.40 26.39 26.37 26.35 26.31 26.30
26.08 26.08 26.08 26.08 26.08 26.09 26.09 26.10 26.09 26.10 26.11 26.12 26.14 26.15 26.15 26.17 26.18 26.19 26.19 26.24 26.25 26.26 26.25 26.24 26.23 26.24 26.21 26.17 26.13 26.10 26.06 26.05 26.02 25.94 25.91 25.86 25.83 25.81 25.86 25.92 26.00 26.06 26.12 26.16 26.21 26.23 26.27 26.30 26.31 26.32 26.33 26.34 26.33 26.33 26.32 26.32 26.31 26.33 26.34 26.37 26.39 26.41 26.43 26.40 26.41 26.45 26.41 26.41 26.40 26.39 26.41 26.40 26.38 26.36 26.34 26.32 26.28
26.10 26.10 26.10 26.10 26.10 26.11 26.11 26.12 26.12 26.12 26.13 26.14 26.15 26.13 26.19 26.20 26.20 26.21 26.21 26.23 26.23 26.23 26.23 26.22 26.23 26.23 26.20 26.17 26.15 26.13 26.09 26.06 26.02 25.99 25.92 25.87 25.85 25.84 25.87 25.93 26.01 26.06 26.11 26.17 26.21 26.25 26.29 26.30 26.33 26.34 26.34 26.34 26.35 26.34 26.34 26.33 26.34 26.35 26.35 26.39 26.41 26.43 26.44 26.43 26.44 26.47 26.43 26.39 26.39 26.38 26.37 26.38 26.36 26.34 26.31 26.26 26.24
26.11 26.11 26.12 26.12 26.13 26.13 26.14 26.14 26.15 26.16 26.16 26.17 26.14 26.15 26.20 26.21 26.22 26.22 26.22 26.24 26.24 26.24 26.23 26.22 26.24 26.23 26.20 26.17 26.15 26.12 26.10 26.08 26.04 26.01 25.98 25.93 25.88 25.88 25.91 25.96 26.02 26.08 26.13 26.20 26.25 26.28 26.31 26.32 26.34 26.35 26.35 26.36 26.35 26.36 26.36 26.35 26.35 26.35 26.36 26.41 26.42 26.44 26.42 26.44 26.45 26.48 26.46 26.40 26.39 26.37 26.35 26.36 26.32 26.29 26.26 26.22 26.20
26.12 26.13 26.13 26.14 26.15 26.15 26.16 26.17 26.18 26.19 26.19 26.20 26.21 26.18 26.23 26.23 26.24 26.24 26.24 26.25 26.25 26.25 26.24 26.27 26.25 26.23 26.21 26.18 26.16 26.13 26.09 26.10 26.07 26.03 26.00 25.96 25.94 25.95 25.95 25.99 26.05 26.10 26.16 26.23 26.27 26.30 26.33 26.34 26.36 26.37 26.38 26.37 26.37 26.37 26.37 26.37 26.37 26.37 26.38 26.39 26.40 26.46 26.44 26.43 26.45 26.46 26.47 26.46 26.40 26.36 26.36 26.33 26.30 26.25 26.20 26.18 26.15
26.13 26.14 26.15 26.15 26.16 26.18 26.19 26.20 26.21 26.22 26.23 26.23 26.24 26.26 26.26 26.27 26.27 26.26 26.25 26.27 26.27 26.28 26.27 26.28 26.26 26.23 26.20 26.19 26.16 26.14 26.13 26.12 26.09 26.06 26.04 26.01 26.01 26.00 25.99 26.03 26.06 26.11 26.19 26.25 26.27 26.33 26.36 26.37 26.39 26.40 26.40 26.40 26.39 26.38 26.38 26.39 26.39 26.40 26.40 26.41 26.42 26.44 26.43 26.44 26.46 26.48 26.47 26.47 26.40 26.37 26.35 26.31 26.23 26.21 26.15 26.12 26.11
26.14 26.14 26.15 26.17 26.18 26.19 26.21 26.22 26.24 26.25 26.26 26.27 26.29 26.29 26.29 26.29 26.30 26.30 26.31 26.29 26.29 26.30 26.29 26.27 26.28 26.25 26.22 26.21 26.18 26.15 26.16 26.13 26.11 26.08 26.07 26.05 26.05 26.05 26.06 26.05 26.09 26.14 26.21 26.23 26.27 26.31 26.33 26.36 26.38 26.39 26.39 26.38 26.40 26.40 26.40 26.40 26.40 26.41 26.42 26.43 26.41 26.43 26.45 26.46 26.46 26.47 26.45 26.44 26.42 26.39 26.35 26.24 26.20 26.16 26.12 26.11 26.06
26.14 26.15 26.16 26.18 26.19 26.21 26.23 26.25 26.27 26.28 26.30 26.27 26.32 26.33 26.33 26.31 26.32 26.32 26.32 26.32 26.31 26.30 26.33 26.31 26.31 26.27 26.27 26.24 26.21 26.18 26.16 26.14 26.12 26.10 26.09 26.07 26.08 26.09 26.08 26.11 26.13 26.18 26.24 26.25 26.30 26.36 26.39 26.42 26.41 26.41 26.41 26.40 26.39 26.39 26.39 26.39 26.39 26.42 26.42 26.42 26.40 26.41 26.43 26.44 26.45 26.46 26.46 26.44 26.41 26.37 26.33 26.28 26.24 26.19 26.15 26.11 26.09
26.13 26.15 26.16 26.18 26.20 26.22 26.24 26.26 26.29 26.31 26.32 26.34 26.35 26.35 26.35 26.36 26.35 26.35 26.35 26.34 26.33 26.35 26.35 26.36 26.34 26.32 26.29 26.27 26.22 26.22 26.19 26.17 26.14 26.13 26.09 26.11 26.09 26.11 26.13 26.14 26.15 26.21 26.25 26.30 26.35 26.39 26.43 26.46 26.47 26.43 26.43 26.42 26.41 26.41 26.41 26.40 26.40 26.40 26.40 26.39 26.40 26.42 26.44 26.45 26.46 26.46 26.45 26.43 26.40 26.36 26.30 26.25 26.24 26.19 26.12 26.08 26.05
26.12 26.14 26.16 26.18 26.20 26.23 26.25 26.28 26.32 26.34 26.36 26.38 26.38 26.38 26.39 26.39 26.39 26.38 26.38 26.37 26.36 26.39 26.38 26.39 26.36 26.34 26.31 26.28 26.25 26.22 26.20 26.17 26.15 26.14 26.13 26.12 26.13 26.14 26.16 26.19 26.18 26.22 26.26 26.33 26.38 26.42 26.46 26.49 26.49 26.46 26.45 26.44 26.43 26.42 26.42 26.42 26.41 26.41 26.39 26.40 26.42 26.43 26.45 26.45 26.47 26.47 26.45 26.42 26.38 26.33 26.28 26.23 26.22 26.17 26.10 26.05 26.02
26.11 26.12 26.15 26.18 26.21 26.24 26.28 26.32 26.34 26.38 26.41 26.41 26.41 26.41 26.42 26.42 26.42 26.41 26.43 26.43 26.42 26.41 26.39 26.42 26.40 26.36 26.34 26.31 26.29 26.26 26.23 26.20 26.18 26.17 26.14 26.15 26.15 26.17 26.19 26.22 26.21 26.25 26.29 26.34 26.40 26.45 26.49 26.49 26.48 26.48 26.47 26.46 26.44 26.44 26.43 26.43 26.42 26.42 26.39 26.41 26.42 26.43 26.44 26.46 26.47 26.48 26.45 26.41 26.37 26.32 26.26 26.24 26.19 26.15 26.08 26.04 25.99
26.08 26.10 26.12 26.17 26.20 26.24 26.28 26.32 26.38 26.43 26.43 26.43 26.44 26.44 26.45 26.45 26.45 26.47 26.47 26.46 26.45 26.44 26.42 26.43 26.42 26.39 26.37 26.34 26.31 26.29 26.26 26.23 26.21 26.19 26.17 26.17 26.18 26.19 26.21 26.24 26.23 26.29 26.31 26.35 26.40 26.45 26.48 26.49 26.48 26.48 26.47 26.45 26.45 26.44 26.44 26.43 26.42 26.42 26.41 26.41 26.42 26.42 26.44 26.45 26.46 26.47 26.44 26.39 26.35 26.30 26.26 26.21 26.16 26.09 26.04 26.01 25.96
26.06 26.08 26.10 26.14 26.17 26.22 26.29 26.34 26.38 26.43 26.46 26.44 26.45 26.46 26.47 26.48 26.48 26.48 26.50 26.50 26.49 26.47 26.46 26.46 26.45 26.42 26.39 26.37 26.34 26.30 26.28 26.25 26.23 26.21 26.20 26.20 26.20 26.21 26.23 26.25 26.28 26.31 26.31 26.35 26.39 26.44 26.47 26.46 26.46 26.46 26.46 26.45 26.44 26.44 26.43 26.42 26.38 26.38 26.39 26.40 26.41 26.42 26.43 26.43 26.44 26.43 26.40 26.36 26.34 26.29 26.24 26.15 26.09 26.06 26.01 25.96 25.93
26.03 26.05 26.08 26.12 26.16 26.20 26.28 26.33 26.38 26.42 26.45 26.48 26.47 26.48 26.49 26.50 26.51 26.51 26.54 26.53 26.52 26.50 26.51 26.50 26.48 26.47 26.44 26.39 26.35 26.33 26.27 26.24 26.21 26.20 26.22 26.22 26.22 26.23 26.24 26.26 26.29 26.32 26.33 26.36 26.38 26.39 26.40 26.41 26.42 26.42 26.42 26.43 26.42 26.42 26.37 26.36 26.36 26.39 26.39 26.40 26.41 26.38 26.38 26.41 26.41 26.39 26.36 26.35 26.30 26.25 26.20 26.11 26.05 26.02 25.97 25.93 25.89
26.01 26.03 26.06 26.10 26.14 26.19 26.27 26.32 26.37 26.41 26.45 26.48 26.51 26.50 26.52 26.53 26.54 26.54 26.54 26.56 26.55 26.53 26.54 26.53 26.50 26.49 26.46 26.41 26.37 26.32 26.29 26.28 26.23 26.22 26.21 26.18 26.18 26.19 26.23 26.25 26.28 26.32 26.34 26.34 26.36 26.36 26.38 26.37 26.38 26.38 26.39 26.39 26.35 26.35 26.35 26.34 26.35 26.36 26.36 26.37 26.38 26.36 26.38 26.38 26.37 26.35 26.34 26.30 26.25 26.20 26.13 26.06 26.01 25.98 25.94 25.90 25.86
25.98 26.00 26.04 26.08 26.12 26.21 26.26 26.31 26.36 26.41 26.45 26.48 26.52 26.55 26.53 26.57 26.58 26.59 26.59 26.60 26.58 26.57 26.54 26.51 26.53 26.49 26.46 26.40 26.37 26.34 26.32 26.29 26.24 26.23 26.20 26.19 26.18 26.18 26.20 26.21 26.22 26.29 26.29 26.31 26.33 26.34 26.35 26.34 26.34 26.35 26.35 26.33 26.25 26.26 26.26 26.27 26.26 26.34 26.34 26.35 26.35 26.36 26.36 26.35 26.33 26.30 26.29 26.25 26.21 26.15 26.07 26.00 25.95 25.91 25.88 25.84 25.83
25.97 25.99 26.03 26.13 26.17 26.22 26.26 26.31 26.36 26.41 26.46 26.50 26.54 26.57 26.60 26.62 26.64 26.65 26.65 26.64 26.62 26.59 26.54 26.53 26.50 26.49 26.45 26.38 26.38 26.35 26.32 26.29 26.26 26.24 26.21 26.19 26.18 26.18 26.17 26.19 26.21 26.22 26.27 26.27 26.29 26.28 26.26 26.27 26.24 26.24 26.21 26.21 26.23 26.24 26.22 26.25 26.27 26.28 26.28 26.29 26.29 26.31 26.28 26.31 26.29 26.26 26.24 26.20 26.14 26.06 26.00 25.95 25.90 25.87 25.85 25.82 25.80
25.94 26.02 26.06 26.10 26.15 26.21 26.26 26.30 26.36 26.41 26.46 26.50 26.54 26.58 26.61 26.64 26.66 26.68 26.68 26.66 26.63 26.60 26.56 26.55 26.51 26.47 26.44 26.41 26.37 26.34 26.31 26.28 26.27 26.24 26.20 26.18 26.17 26.16 26.16 26.17 26.18 26.19 26.20 26.19 26.20 26.24 26.25 26.22 26.19 26.19 26.20 26.16 26.17 26.19 26.20 26.24 26.24 26.25 26.26 26.26 26.28 26.28 26.26 26.28 26.26 26.23 26.21 26.15 26.07 26.01 25.95 25.90 25.85 25.84 25.81 25.79 25.76
25.97 25.99 26.03 26.08 26.14 26.19 26.23 26.29 26.34 26.40 26.45 26.50 26.54 26.58 26.62 26.65 26.68 26.67 26.68 26.67 26.64 26.63 26.59 26.55 26.51 26.48 26.44 26.41 26.38 26.35 26.32 26.28 26.27 26.22 26.19 26.17 26.15 26.14 26.14 26.15 26.15 26.16 26.16 26.15 26.16 26.19 26.19 26.15 26.13 26.14 26.10 26.11 26.13 26.15 26.18 26.20 26.22 26.22 26.23 26.24 26.26 26.26 26.25 26.24 26.23 26.20 26.17 26.09 26.02 25.95 25.89 25.86 25.81 25.80 25.78 25.76 25.74
25.93 25.97 26.02 26.07 26.11 26.17 26.23 26.28 26.34 26.39 26.44 26.49 26.54 26.55 26.62 26.66 26.69 26.68 26.71 26.71 26.67 26.65 26.60 26.56 26.52 26.48 26.45 26.41 26.38 26.35 26.32 26.29 26.24 26.22 26.19 26.16 26.14 26.12 26.12 26.12 26.13 26.13 26.13 26.06 26.06 26.10 26.14 26.10 26.08 26.08 26.05 26.06 26.08 26.13 26.15 26.16 26.18 26.18 26.20 26.21 26.23 26.23 26.23 26.22 26.20 26.19 26.13 26.06 25.98 25.91 25.84 25.81 25.79 25.77 25.75 25.74 25.72
25.91 25.96 25.99 26.05 26.11 26.16 26.22 26.28 26.34 26.39 26.44 26.49 26.54 26.58 26.62 26.66 26.69 26.72 26.75 26.73 26.68 26.60 26.55 26.51 26.47 26.48 26.45 26.42 26.38 26.35 26.32 26.28 26.23 26.20 26.17 26.14 26.11 26.09 26.06 26.06 26.06 26.06 26.03 26.02 26.01 26.04 26.04 26.05 26.03 26.03 26.03 26.05 26.07 26.09 26.11 26.12 26.14 26.16 26.16 26.17 26.19 26.19 26.19 26.18 26.17 26.16 26.08 26.00 25.95 25.86 25.79 25.77 25.76 25.74 25.73 25.72 25.71
25.94 25.97 25.99 26.06 26.11 26.17 26.22 26.25 26.31 26.36 26.41 26.46 26.53 26.57 26.62 26.63 26.67 26.70 26.72 26.69 26.66 26.58 26.54 26.50 26.47 26.48 26.45 26.41 26.38 26.36 26.31 26.27 26.23 26.19 26.16 26.13 26.11 26.09 26.05 26.05 26.04 26.04 26.00 25.99 25.98 25.97 26.01 26.03 26.00 25.97 25.98 26.00 26.02 26.04 26.06 26.08 26.10 26.12 26.13 26.14 26.15 26.16 26.15 26.14 26.14 26.10 26.03 25.96 25.91 25.84 25.78 25.75 25.73 25.72 25.71 25.71 25.72
25.97 26.00 26.01 26.06 26.09 26.15 26.20 26.26 26.31 26.36 26.41 26.45 26.53 26.57 26.60 26.63 26.66 26.68 26.69 26.64 26.62 26.56 26.56 26.52 26.49 26.46 26.47 26.44 26.39 26.35 26.30 26.27 26.23 26.19 26.16 26.13 26.10 26.08 26.05 26.04 26.03 26.02 25.98 25.97 25.95 25.93 25.96 25.95 25.95 25.92 25.93 25.95 25.97 25.99 26.02 26.03 26.05 26.07 26.09 26.10 26.11 26.11 26.11 26.12 26.10 26.06 26.00 25.93 25.86 25.80 25.77 25.73 25.71 25.71 25.71 25.71 25.72
25.98 26.00 26.03 26.08 26.11 26.16 26.21 26.26 26.31 26.36 26.40 26.44 26.48 26.55 26.58 26.61 26.62 26.64 26.64 26.60 26.58 26.55 26.53 26.50 26.47 26.42 26.45 26.42 26.38 26.33 26.30 26.26 26.23 26.19 26.16 26.13 26.11 26.09 26.04 26.03 26.02 26.00 25.96 25.95 25.95 25.94 25.92 25.91 25.87 25.87 25.89 25.91 25.93 25.94 25.96 25.98 26.01 26.03 26.03 26.06 26.07 26.07 26.07 26.08 26.05 26.02 25.96 25.90 25.83 25.78 25.74 25.72 25.71 25.71 25.71 25.73 25.75
26.01 26.03 26.06 26.10 26.13 26.18 26.22 26.27 26.32 26.36 26.40 26.43 26.46 26.49 26.55 26.55 26.59 26.60 26.60 26.56 26.54 26.51 26.49 26.47 26.43 26.40 26.38 26.37 26.38 26.31 26.28 26.26 26.23 26.19 26.16 26.14 26.11 26.09 26.05 26.03 26.01 25.99 25.95 25.95 25.93 25.91 25.88 25.86 25.82 25.83 25.84 25.86 25.88 25.90 25.91 25.93 25.96 25.98 26.00 26.01 26.02 26.03 26.03 26.04 26.02 25.98 25.92 25.86 25.81 25.76 25.72 25.71 25.70 25.71 25.72 25.74 25.77
26.05 26.03 26.06 26.09 26.16 26.21 26.24 26.28 26.32 26.36 26.39 26.42 26.45 26.47 26.50 26.52 26.53 26.54 26.56 26.52 26.50 26.48 26.46 26.41 26.38 26.36 26.34 26.32 26.28 26.30 26.28 26.25 26.20 26.20 26.16 26.17 26.15 26.12 26.08 26.06 26.04 26.01 25.96 25.93 25.90 25.87 25.85 25.77 25.76 25.74 25.79 25.81 25.83 25.85 25.87 25.88 25.91 25.94 25.95 25.97 25.97 25.98 25.99 26.01 25.98 25.94 25.89 25.84 25.78 25.74 25.70 25.69 25.70 25.71 25.73 25.76 25.80
26.04 26.06 26.09 26.15 26.19 26.23 26.27 26.29 26.33 26.36 26.39 26.41 26.43 26.46 26.48 26.49 26.50 26.50 26.49 26.49 26.47 26.46 26.40 26.38 26.36 26.34 26.32 26.28 26.27 26.26 26.24 26.23 26.21 26.21 26.19 26.18 26.16 26.13 26.09 26.07 26.02 25.98 25.95 25.92 25.88 25.84 25.81 25.77 25.72 25.71 25.69 25.76 25.78 25.80 25.82 25.84 25.86 25.89 25.90 25.93 25.92 25.94 25.95 25.97 25.95 25.92 25.87 25.81 25.76 25.72 25.69 25.68 25.69 25.71 25.75 25.79 25.83
26.09 26.10 26.13 26.16 26.21 26.25 26.28 26.32 26.34 26.37 26.39 26.40 26.43 26.44 26.45 26.45 26.46 26.46 26.45 26.44 26.43 26.38 26.36 26.34 26.33 26.31 26.28 26.27 26.26 26.25 26.24 26.23 26.21 26.20 26.21 26.19 26.17 26.15 26.13 26.07 26.03 25.98 25.94 25.89 25.85 25.81 25.77 25.73 25.71 25.67 25.65 25.66 25.73 25.75 25.77 25.79 25.82 25.84 25.86 25.88 25.88 25.90 25.92 25.94 25.93 25.90 25.86 25.80 25.74 25.70 25.67 25.67 25.68 25.72 25.76 25.81 25.86
26.12 26.14 26.16 26.18 26.21 26.24 26.30 26.33 26.36 26.37 26.39 26.41 26.41 26.41 26.40 26.40 26.41 26.42 26.41 26.40 26.39 26.35 26.36 26.31 26.30 26.29 26.28 26.25 26.25 26.24 26.24 26.23 26.22 26.21 26.20 26.20 26.20 26.18 26.14 26.09 26.03 25.97 25.91 25.88 25.83 25.78 25.73 25.69 25.67 25.64 25.64 25.63 25.68 25.70 25.72 25.74 25.78 25.78 25.81 25.84 25.86 25.87 25.89 25.91 25.92 25.90 25.85 25.79 25.73 25.67 25.65 25.66 25.69 25.73 25.78 25.83 25.90
26.16 26.17 26.19 26.21 26.23 26.26 26.28 26.33 26.36 26.39 26.40 26.38 26.38 26.37 26.37 26.37 26.37 26.37 26.36 26.36 26.35 26.33 26.32 26.31 26.27 26.26 26.25 26.25 26.23 26.23 26.23 26.22 26.22 26.22 26.21 26.22 26.21 26.21 26.16 26.10 26.04 25.98 25.92 25.86 25.82 25.76 25.70 25.66 25.65 25.62 25.61 25.61 25.64 25.66 25.68 25.68 25.71 25.74 25.76 25.79 25.82 25.84 25.86 25.89 25.90 25.91 25.86 25.79 25.73 25.66 25.63 25.67 25.71 25.76 25.80 25.86 25.93
26.19 26.21 26.22 26.24 26.25 26.27 26.30 26.32 26.34 26.38 26.36 26.35 26.35 26.35 26.34 26.34 26.33 26.33 26.32 26.31 26.30 26.29 26.28 26.28 26.24 26.23 26.23 26.23 26.22 26.21 26.21 26.21 26.21 26.21 26.21 26.22 26.22 26.19 26.16 26.11 26.07 26.00 25.94 25.88 25.81 25.77 25.71 25.66 25.64 25.61 25.60 25.59 25.62 25.62 25.61 25.64 25.65 25.68 25.72 25.75 25.78 25.82 25.84 25.85 25.87 25.87 25.85 25.79 25.74 25.69 25.68 25.71 25.75 25.79 25.84 25.90 25.97
26.22 26.24 26.25 26.26 26.26 26.27 26.31 26.31 26.32 26.33 26.32 26.33 26.32 26.31 26.31 26.31 26.30 26.28 26.27 26.26 26.23 26.24 26.25 26.24 26.24 26.20 26.20 26.20 26.19 26.19 26.19 26.19 26.20 26.20 26.21 26.21 26.21 26.19 26.17 26.13 26.08 26.02 25.97 25.91 25.84 25.79 25.72 25.68 25.64 25.63 25.59 25.55 25.54 25.56 25.57 25.59 25.60 25.63 25.67 25.70 25.74 25.78 25.80 25.82 25.83 25.84 25.82 25.80 25.77 25.74 25.74 25.76 25.80 25.83 25.88 25.93 26.00
