data/Validacao/T081015.grd
DSAA
94	94
0.0000	100.0000
0.0000	100.0000
26.5881	27.0938
[rows 0 to 33 of 94, columns 0 to 76 of 94]
27.06 26.99 26.98 26.96 26.96 26.96 26.95 26.95 26.95 26.94 26.93 26.93 26.92 26.91 26.90 26.89 26.88 26.87 26.86 26.85 26.85 26.84 26.83 26.83 26.82 26.81 26.79 26.79 26.78 26.78 26.78 26.77 26.77 26.77 26.77 26.77 26.76 26.76 26.77 26.78 26.78 26.79 26.80 26.81 26.82 26.82 26.83 26.83 26.84 26.85 26.86 26.88 26.89 26.91 26.92 26.92 26.93 26.91 26.91 26.92 26.92 26.91 26.91 26.91 26.89 26.89 26.88 26.87 26.88 26.88 26.88 26.87 26.86 26.85 26.84 26.83 26.83
26.99 26.99 26.99 26.99 26.98 26.96 26.96 26.96 26.95 26.95 26.94 26.93 26.92 26.92 26.91 26.90 26.89 26.88 26.86 26.85 26.85 26.84 26.84 26.83 26.82 26.81 26.79 26.79 26.78 26.78 26.78 26.78 26.77 26.77 26.77 26.77 26.76 26.76 26.77 26.78 26.78 26.79 26.80 26.81 26.82 26.82 26.83 26.83 26.84 26.86 26.88 26.88 26.89 26.90 26.92 26.92 26.93 26.94 26.92 26.92 26.92 26.92 26.91 26.91 26.90 26.89 26.90 26.89 26.88 26.88 26.87 26.87 26.86 26.85 26.84 26.83 26.83
26.99 26.99 26.99 26.99 26.99 26.98 26.98 26.96 26.96 26.95 26.95 26.94 26.93 26.92 26.91 26.90 26.89 26.88 26.87 26.86 26.85 26.85 26.84 26.83 26.82 26.82 26.81 26.79 26.78 26.78 26.78 26.78 26.77 26.77 26.77 26.77 26.77 26.77 26.77 26.78 26.79 26.80 26.80 26.81 26.81 26.82 26.83 26.84 26.85 26.86 26.88 26.88 26.89 26.90 26.91 26.92 26.93 26.94 26.92 26.92 26.92 26.92 26.92 26.91 26.91 26.90 26.90 26.89 26.88 26.87 26.87 26.86 26.86 26.85 26.84 26.83 26.82
27.00 27.00 27.00 26.99 26.99 26.99 26.98 26.98 26.97 26.96 26.95 26.95 26.94 26.93 26.92 26.91 26.90 26.89 26.88 26.87 26.86 26.84 26.84 26.83 26.82 26.82 26.80 26.79 26.78 26.78 26.77 26.77 26.78 26.77 26.77 26.76 26.77 26.77 26.78 26.78 26.79 26.80 26.81 26.80 26.81 26.82 26.83 26.84 26.86 26.87 26.88 26.88 26.89 26.90 26.91 26.92 26.93 26.94 26.94 26.93 26.93 26.92 26.92 26.91 26.91 26.90 26.90 26.89 26.88 26.87 26.87 26.86 26.86 26.85 26.84 26.83 26.82
27.01 27.00 27.00 27.00 26.99 26.99 26.99 26.98 26.98 26.97 26.97 26.95 26.95 26.94 26.93 26.92 26.91 26.90 26.89 26.88 26.86 26.85 26.84 26.84 26.83 26.81 26.81 26.79 26.79 26.78 26.78 26.77 26.77 26.78 26.77 26.77 26.77 26.78 26.78 26.78 26.79 26.80 26.80 26.81 26.82 26.83 26.83 26.85 26.86 26.87 26.87 26.88 26.89 26.89 26.90 26.92 26.93 26.94 26.94 26.95 26.93 26.93 26.92 26.92 26.91 26.91 26.90 26.89 26.88 26.87 26.87 26.86 26.85 26.84 26.84 26.83 26.82
27.02 27.00 27.00 27.00 27.00 27.00 26.99 26.99 26.98 26.98 26.97 26.97 26.96 26.95 26.94 26.93 26.92 26.91 26.90 26.89 26.87 26.85 26.84 26.83 26.82 26.82 26.81 26.81 26.79 26.78 26.78 26.77 26.77 26.77 26.77 26.77 26.77 26.78 26.78 26.79 26.79 26.80 26.80 26.81 26.82 26.83 26.84 26.85 26.86 26.87 26.87 26.88 26.88 26.89 26.90 26.92 26.93 26.94 26.94 26.95 26.93 26.93 26.92 26.93 26.92 26.91 26.90 26.89 26.88 26.87 26.86 26.86 26.85 26.84 26.84 26.83 26.82
27.02 27.02 27.00 27.00 27.00 27.00 27.00 26.99 26.99 26.98 26.98 26.97 26.97 26.96 26.95 26.94 26.93 26.92 26.91 26.89 26.88 26.86 26.84 26.82 26.82 26.82 26.81 26.81 26.79 26.79 26.78 26.77 26.77 26.78 26.77 26.77 26.77 26.78 26.79 26.79 26.79 26.80 26.80 26.81 26.82 26.83 26.85 26.85 26.86 26.86 26.87 26.87 26.88 26.89 26.90 26.91 26.93 26.94 26.94 26.95 26.95 26.94 26.94 26.93 26.92 26.91 26.90 26.89 26.88 26.87 26.86 26.85 26.85 26.84 26.84 26.83 26.82
27.02 27.02 27.01 27.01 27.00 27.00 27.00 27.00 26.99 26.99 26.98 26.98 26.97 26.97 26.96 26.95 26.95 26.93 26.92 26.90 26.89 26.86 26.84 26.82 26.82 26.82 26.81 26.81 26.81 26.79 26.79 26.78 26.77 26.78 26.78 26.77 26.78 26.78 26.78 26.79 26.80 26.81 26.81 26.82 26.83 26.83 26.85 26.85 26.86 26.86 26.86 26.86 26.87 26.88 26.89 26.90 26.92 26.94 26.94 26.95 26.95 26.94 26.94 26.93 26.92 26.91 26.90 26.89 26.87 26.87 26.86 26.85 26.85 26.85 26.84 26.83 26.82
27.02 27.02 27.01 27.01 27.01 27.01 27.00 27.00 27.00 26.99 26.99 26.98 26.98 26.97 26.97 26.96 26.96 26.95 26.93 26.91 26.89 26.86 26.84 26.82 26.81 26.82 26.81 26.81 26.81 26.80 26.79 26.78 26.78 26.78 26.78 26.78 26.78 26.78 26.78 26.79 26.80 26.80 26.81 26.82 26.83 26.84 26.85 26.86 26.86 26.85 26.85 26.85 26.86 26.87 26.89 26.90 26.92 26.93 26.94 26.95 26.95 26.94 26.93 26.92 26.91 26.90 26.89 26.88 26.88 26.87 26.86 26.86 26.85 26.85 26.84 26.83 26.82
27.02 27.02 27.02 27.01 27.01 27.01 27.01 27.00 27.00 27.00 26.99 26.99 26.98 26.98 26.97 26.97 26.96 26.96 26.95 26.92 26.89 26.87 26.85 26.82 26.81 26.82 26.82 26.81 26.81 26.81 26.79 26.78 26.78 26.78 26.78 26.77 26.78 26.78 26.78 26.79 26.80 26.80 26.81 26.82 26.83 26.84 26.85 26.86 26.85 26.85 26.84 26.84 26.85 26.86 26.88 26.90 26.92 26.94 26.94 26.95 26.96 26.94 26.93 26.92 26.91 26.89 26.89 26.88 26.88 26.87 26.86 26.86 26.85 26.85 26.84 26.83 26.83
27.03 27.03 27.03 27.01 27.01 27.01 27.01 27.01 27.00 27.00 27.00 26.99 26.99 26.98 26.98 26.97 26.96 26.96 26.94 26.93 26.90 26.87 26.85 26.83 26.82 26.81 26.82 26.82 26.81 26.81 26.79 26.79 26.78 26.77 26.78 26.78 26.77 26.77 26.78 26.78 26.80 26.80 26.81 26.81 26.82 26.84 26.85 26.85 26.85 26.84 26.83 26.83 26.84 26.86 26.87 26.89 26.91 26.92 26.93 26.94 26.95 26.93 26.92 26.91 26.90 26.89 26.88 26.87 26.87 26.87 26.86 26.86 26.85 26.85 26.84 26.84 26.83
27.03 27.03 27.03 27.03 27.02 27.01 27.01 27.01 27.01 27.00 27.00 26.99 26.99 26.98 26.98 26.97 26.97 26.95 26.94 26.92 26.91 26.88 26.86 26.84 26.83 26.82 26.82 26.82 26.81 26.81 26.80 26.79 26.78 26.77 26.77 26.78 26.78 26.77 26.78 26.78 26.78 26.80 26.80 26.81 26.82 26.83 26.84 26.84 26.84 26.83 26.83 26.83 26.84 26.85 26.86 26.88 26.90 26.91 26.91 26.92 26.92 26.92 26.90 26.90 26.89 26.88 26.87 26.87 26.86 26.86 26.86 26.86 26.86 26.85 26.85 26.84 26.84
27.04 27.03 27.03 27.03 27.02 27.02 27.01 27.01 27.01 27.01 27.00 27.00 26.99 26.99 26.98 26.97 26.96 26.95 26.94 26.92 26.91 26.89 26.86 26.85 26.83 26.82 26.81 26.82 26.81 26.81 26.80 26.79 26.78 26.77 26.77 26.77 26.77 26.77 26.77 26.78 26.78 26.79 26.80 26.81 26.81 26.83 26.83 26.83 26.83 26.82 26.82 26.83 26.83 26.84 26.86 26.86 26.88 26.89 26.89 26.90 26.90 26.90 26.89 26.88 26.87 26.87 26.86 26.86 26.86 26.86 26.86 26.86 26.86 26.85 26.85 26.85 26.84
27.04 27.04 27.04 27.03 27.03 27.02 27.02 27.01 27.01 27.01 27.00 27.00 26.99 26.99 26.98 26.97 26.96 26.95 26.94 26.92 26.91 26.89 26.87 26.85 26.84 26.83 26.81 26.81 26.81 26.81 26.81 26.79 26.78 26.77 26.77 26.77 26.77 26.77 26.77 26.77 26.77 26.78 26.79 26.80 26.81 26.82 26.82 26.82 26.82 26.82 26.82 26.82 26.82 26.84 26.84 26.85 26.86 26.87 26.87 26.88 26.88 26.88 26.88 26.87 26.86 26.86 26.85 26.85 26.85 26.85 26.86 26.86 26.86 26.86 26.85 26.85 26.84
27.04 27.04 27.04 27.03 27.03 27.02 27.02 27.02 27.01 27.01 27.01 27.00 27.00 26.99 26.98 26.97 26.96 26.95 26.94 26.92 26.91 26.89 26.88 26.86 26.84 26.83 26.82 26.81 26.81 26.81 26.81 26.79 26.78 26.77 26.77 26.77 26.77 26.77 26.77 26.77 26.77 26.77 26.79 26.81 26.81 26.81 26.81 26.81 26.81 26.81 26.81 26.81 26.82 26.83 26.83 26.83 26.84 26.85 26.85 26.86 26.86 26.86 26.87 26.85 26.85 26.84 26.84 26.84 26.85 26.85 26.85 26.86 26.86 26.87 26.86 26.85 26.85
27.04 27.04 27.04 27.04 27.03 27.03 27.02 27.02 27.01 27.01 27.01 27.00 27.00 26.98 26.98 26.97 26.96 26.95 26.94 26.92 26.91 26.89 26.88 26.86 26.85 26.83 26.82 26.81 26.81 26.81 26.80 26.79 26.78 26.77 26.77 26.77 26.76 26.76 26.76 26.76 26.76 26.77 26.79 26.79 26.79 26.80 26.81 26.80 26.80 26.80 26.80 26.81 26.81 26.81 26.82 26.82 26.83 26.83 26.84 26.84 26.84 26.85 26.85 26.85 26.83 26.83 26.83 26.84 26.84 26.85 26.84 26.86 26.87 26.86 26.86 26.86 26.86
27.04 27.04 27.04 27.04 27.04 27.03 27.03 27.02 27.01 27.01 27.01 27.00 26.99 26.98 26.98 26.97 26.96 26.95 26.94 26.92 26.91 26.89 26.88 26.86 26.85 26.84 26.82 26.81 26.81 26.81 26.79 26.79 26.77 26.77 26.76 26.77 26.76 26.76 26.76 26.76 26.77 26.76 26.78 26.78 26.78 26.80 26.79 26.79 26.79 26.79 26.80 26.80 26.80 26.80 26.80 26.80 26.81 26.82 26.82 26.82 26.83 26.83 26.83 26.83 26.82 26.82 26.82 26.83 26.84 26.84 26.84 26.85 26.86 26.87 26.87 26.87 26.87
27.04 27.04 27.04 27.04 27.04 27.03 27.03 27.03 27.01 27.01 27.01 27.00 26.99 26.98 26.98 26.97 26.96 26.95 26.94 26.92 26.91 26.89 26.88 26.86 26.85 26.84 26.82 26.80 26.81 26.80 26.79 26.78 26.77 26.77 26.76 26.76 26.76 26.76 26.76 26.76 26.76 26.76 26.77 26.78 26.78 26.79 26.79 26.79 26.79 26.80 26.79 26.79 26.79 26.79 26.79 26.79 26.80 26.80 26.81 26.81 26.81 26.81 26.82 26.82 26.82 26.81 26.82 26.82 26.83 26.83 26.84 26.86 26.86 26.87 26.88 26.88 26.87
27.04 27.04 27.04 27.04 27.04 27.03 27.03 27.03 27.02 27.01 27.00 26.99 26.99 26.98 26.97 26.97 26.96 26.95 26.93 26.92 26.90 26.89 26.87 26.86 26.85 26.83 26.82 26.81 26.81 26.79 26.78 26.78 26.77 26.77 26.75 26.76 26.75 26.75 26.74 26.75 26.75 26.76 26.76 26.77 26.77 26.78 26.79 26.79 26.80 26.79 26.79 26.78 26.78 26.78 26.78 26.78 26.79 26.79 26.80 26.80 26.80 26.80 26.81 26.81 26.81 26.80 26.81 26.81 26.82 26.83 26.84 26.86 26.87 26.88 26.88 26.89 26.88
27.04 27.04 27.04 27.04 27.04 27.03 27.03 27.03 27.02 27.01 27.00 26.99 26.99 26.98 26.97 26.96 26.95 26.94 26.93 26.92 26.90 26.89 26.87 26.86 26.84 26.83 26.82 26.81 26.79 26.79 26.78 26.78 26.76 26.76 26.76 26.76 26.75 26.74 26.74 26.74 26.76 26.75 26.76 26.77 26.77 26.77 26.77 26.78 26.78 26.78 26.78 26.77 26.78 26.78 26.78 26.78 26.78 26.79 26.79 26.79 26.79 26.80 26.80 26.80 26.80 26.80 26.80 26.81 26.82 26.83 26.84 26.86 26.87 26.88 26.89 26.89 26.89
27.04 27.04 27.04 27.04 27.03 27.03 27.03 27.02 27.01 27.01 27.00 26.98 26.98 26.97 26.96 26.95 26.94 26.93 26.92 26.91 26.90 26.88 26.87 26.85 26.84 26.83 26.81 26.80 26.78 26.77 26.78 26.77 26.77 26.77 26.77 26.75 26.75 26.74 26.75 26.75 26.76 26.76 26.76 26.76 26.76 26.76 26.77 26.78 26.78 26.78 26.78 26.78 26.78 26.78 26.78 26.78 26.78 26.79 26.79 26.79 26.79 26.80 26.80 26.80 26.80 26.80 26.82 26.82 26.83 26.83 26.84 26.86 26.87 26.88 26.89 26.89 26.89
27.03 27.03 27.04 27.03 27.03 27.02 27.02 27.01 27.01 27.00 26.99 26.99 26.97 26.96 26.95 26.95 26.94 26.93 26.91 26.90 26.89 26.87 26.86 26.85 26.83 26.82 26.80 26.79 26.78 26.77 26.77 26.76 26.76 26.76 26.76 26.75 26.74 26.74 26.75 26.75 26.75 26.76 26.75 26.76 26.75 26.75 26.77 26.77 26.77 26.78 26.78 26.78 26.78 26.78 26.78 26.78 26.79 26.79 26.79 26.80 26.80 26.80 26.80 26.80 26.80 26.81 26.82 26.83 26.83 26.83 26.84 26.86 26.87 26.88 26.88 26.89 26.90
27.03 27.03 27.03 27.03 27.02 27.02 27.01 27.00 27.00 26.99 26.99 26.98 26.97 26.95 26.94 26.94 26.93 26.92 26.91 26.89 26.88 26.87 26.86 26.84 26.83 26.81 26.80 26.79 26.77 26.76 26.77 26.76 26.75 26.75 26.75 26.74 26.74 26.73 26.74 26.74 26.75 26.75 26.75 26.74 26.75 26.75 26.75 26.77 26.77 26.77 26.78 26.78 26.78 26.78 26.79 26.79 26.80 26.80 26.80 26.80 26.80 26.81 26.80 26.81 26.81 26.81 26.83 26.84 26.83 26.84 26.84 26.85 26.87 26.88 26.88 26.89 26.90
27.03 27.03 27.02 27.02 27.01 27.01 27.00 27.00 26.99 26.99 26.98 26.97 26.96 26.95 26.93 26.93 26.92 26.91 26.90 26.88 26.87 26.86 26.85 26.84 26.82 26.80 26.79 26.78 26.76 26.75 26.75 26.73 26.73 26.74 26.74 26.73 26.74 26.75 26.74 26.74 26.74 26.74 26.75 26.74 26.74 26.74 26.75 26.76 26.77 26.77 26.77 26.79 26.79 26.79 26.79 26.80 26.80 26.81 26.81 26.81 26.81 26.81 26.81 26.81 26.82 26.83 26.83 26.84 26.83 26.84 26.84 26.85 26.87 26.87 26.87 26.89 26.89
27.02 27.02 27.02 27.01 27.00 27.00 27.00 26.99 26.98 26.98 26.97 26.96 26.95 26.94 26.93 26.91 26.91 26.90 26.89 26.87 26.86 26.85 26.84 26.83 26.81 26.80 26.79 26.77 26.76 26.75 26.74 26.74 26.73 26.72 26.73 26.74 26.74 26.74 26.74 26.74 26.73 26.73 26.73 26.74 26.74 26.74 26.74 26.75 26.77 26.77 26.78 26.78 26.79 26.80 26.80 26.80 26.81 26.81 26.82 26.82 26.81 26.82 26.82 26.82 26.82 26.83 26.84 26.84 26.84 26.84 26.84 26.85 26.86 26.87 26.88 26.89 26.90
27.02 27.02 27.01 27.01 27.00 27.00 26.99 26.98 26.97 26.97 26.96 26.95 26.94 26.93 26.92 26.91 26.90 26.89 26.88 26.87 26.86 26.85 26.83 26.82 26.81 26.79 26.78 26.77 26.75 26.74 26.73 26.73 26.72 26.72 26.73 26.73 26.73 26.74 26.73 26.73 26.73 26.73 26.73 26.73 26.74 26.73 26.74 26.75 26.77 26.77 26.78 26.79 26.79 26.80 26.81 26.81 26.82 26.82 26.83 26.82 26.82 26.82 26.82 26.83 26.83 26.84 26.84 26.85 26.85 26.84 26.84 26.85 26.86 26.87 26.88 26.90 26.90
27.02 27.02 27.01 27.00 27.00 26.99 26.98 26.97 26.96 26.96 26.95 26.94 26.94 26.93 26.92 26.91 26.90 26.88 26.87 26.86 26.85 26.84 26.82 26.81 26.80 26.79 26.77 26.76 26.74 26.73 26.75 26.75 26.72 26.71 26.72 26.73 26.73 26.73 26.73 26.72 26.72 26.72 26.73 26.74 26.74 26.73 26.74 26.74 26.75 26.77 26.78 26.79 26.80 26.80 26.82 26.82 26.83 26.83 26.83 26.83 26.83 26.83 26.83 26.83 26.84 26.84 26.84 26.85 26.85 26.86 26.85 26.85 26.85 26.87 26.88 26.90 26.90
27.02 27.01 27.01 27.00 26.99 26.98 26.97 26.97 26.96 26.95 26.94 26.93 26.92 26.91 26.91 26.90 26.89 26.88 26.86 26.85 26.84 26.83 26.82 26.81 26.80 26.78 26.76 26.76 26.75 26.75 26.74 26.75 26.75 26.74 26.74 26.74 26.75 26.73 26.72 26.74 26.73 26.74 26.74 26.74 26.74 26.74 26.74 26.75 26.77 26.78 26.79 26.80 26.80 26.81 26.82 26.83 26.84 26.83 26.83 26.84 26.84 26.84 26.84 26.84 26.84 26.85 26.85 26.85 26.86 26.86 26.85 26.85 26.85 26.87 26.89 26.90 26.90
27.02 27.01 27.00 26.99 26.99 26.98 26.97 26.96 26.95 26.94 26.93 26.92 26.91 26.91 26.90 26.89 26.88 26.87 26.86 26.85 26.85 26.84 26.84 26.83 26.81 26.80 26.79 26.76 26.75 26.75 26.75 26.75 26.75 26.74 26.74 26.75 26.75 26.75 26.76 26.73 26.74 26.73 26.74 26.74 26.74 26.74 26.74 26.75 26.76 26.78 26.79 26.81 26.81 26.82 26.82 26.83 26.84 26.84 26.84 26.84 26.85 26.85 26.84 26.84 26.85 26.85 26.85 26.85 26.85 26.86 26.88 26.88 26.87 26.88 26.89 26.90 26.91
27.02 27.01 27.00 27.00 26.98 26.97 26.96 26.95 26.94 26.93 26.92 26.91 26.91 26.90 26.89 26.88 26.87 26.88 26.87 26.85 26.85 26.84 26.83 26.83 26.81 26.80 26.79 26.77 26.76 26.75 26.75 26.75 26.75 26.75 26.75 26.76 26.76 26.75 26.75 26.76 26.76 26.76 26.74 26.74 26.74 26.74 26.75 26.76 26.77 26.79 26.80 26.81 26.81 26.82 26.83 26.84 26.84 26.85 26.84 26.84 26.84 26.84 26.84 26.85 26.85 26.85 26.85 26.85 26.85 26.86 26.88 26.88 26.89 26.88 26.89 26.90 26.91
27.02 27.01 27.00 26.99 26.99 26.97 26.96 26.95 26.94 26.93 26.92 26.91 26.90 26.89 26.88 26.89 26.88 26.88 26.86 26.85 26.84 26.83 26.83 26.83 26.82 26.81 26.79 26.78 26.77 26.76 26.76 26.76 26.77 26.76 26.76 26.76 26.75 26.75 26.75 26.75 26.76 26.76 26.76 26.75 26.75 26.75 26.75 26.76 26.77 26.78 26.80 26.81 26.81 26.82 26.83 26.83 26.84 26.85 26.85 26.85 26.85 26.84 26.84 26.85 26.85 26.85 26.85 26.85 26.85 26.87 26.88 26.88 26.89 26.90 26.90 26.90 26.91
27.02 27.01 27.00 26.99 26.98 26.97 26.96 26.95 26.94 26.92 26.91 26.92 26.91 26.90 26.90 26.89 26.88 26.87 26.86 26.85 26.85 26.83 26.83 26.82 26.81 26.80 26.80 26.79 26.78 26.78 26.77 26.78 26.77 26.77 26.77 26.77 26.76 26.76 26.76 26.76 26.76 26.77 26.77 26.77 26.75 26.76 26.76 26.76 26.77 26.78 26.80 26.81 26.81 26.82 26.82 26.83 26.83 26.84 26.84 26.85 26.85 26.85 26.85 26.84 26.84 26.85 26.85 26.85 26.87 26.87 26.87 26.89 26.89 26.90 26.91 26.91 26.91
27.02 27.01 27.00 26.99 26.98 26.97 26.96 26.95 26.95 26.94 26.93 26.92 26.91 26.90 26.89 26.88 26.87 26.87 26.86 26.85 26.85 26.84 26.83 26.82 26.82 26.81 26.80 26.80 26.79 26.79 26.79 26.78 26.78 26.78 26.78 26.77 26.77 26.76 26.76 26.76 26.77 26.77 26.77 26.77 26.77 26.78 26.77 26.77 26.78 26.78 26.79 26.81 26.81 26.82 26.82 26.82 26.83 26.83 26.84 26.84 26.84 26.85 26.85 26.85 26.85 26.84 26.86 26.86 26.87 26.87 26.88 26.89 26.89 26.90 26.91 26.92 26.92
27.03 27.02 27.02 27.01 26.99 26.98 26.97 26.96 26.95 26.94 26.93 26.92 26.92 26.91 26.91 26.88 26.87 26.87 26.87 26.86 26.85 26.84 26.84 26.84 26.82 26.81 26.81 26.80 26.80 26.80 26.80 26.79 26.79 26.78 26.78 26.77 26.77 26.77 26.77 26.77 26.77 26.77 26.78 26.78 26.78 26.79 26.79 26.79 26.78 26.80 26.80 26.81 26.82 26.82 26.83 26.83 26.83 26.84 26.84 26.84 26.84 26.84 26.84 26.84 26.84 26.84 26.85 26.86 26.87 26.88 26.88 26.89 26.90 26.90 26.91 26.93 26.94
