data/Validacao/T101115.grd
DSAA
94	94
0.0000	100.0000
0.0000	100.0000
26.1431	27.4468
[rows 34 to 67 of 94, columns 0 to 76 of 94]
26.97 26.95 26.95 26.91 26.88 26.84 26.81 26.78 26.75 26.72 26.69 26.66 26.63 26.61 26.58 26.55 26.53 26.51 26.50 26.51 26.53 26.56 26.59 26.63 26.68 26.72 26.76 26.80 26.79 26.76 26.74 26.72 26.69 26.67 26.65 26.62 26.61 26.60 26.60 26.61 26.62 26.64 26.66 26.71 26.72 26.74 26.78 26.78 26.78 26.78 26.77 26.76 26.75 26.74 26.74 26.74 26.75 26.76 26.77 26.78 26.78 26.80 26.80 26.80 26.83 26.84 26.85 26.83 26.84 26.84 26.85 26.86 26.87 26.88 26.89 26.88 26.89
27.03 27.01 26.98 26.95 26.91 26.87 26.84 26.81 26.78 26.74 26.71 26.67 26.64 26.60 26.57 26.53 26.50 26.47 26.45 26.45 26.48 26.51 26.56 26.60 26.65 26.70 26.73 26.78 26.77 26.77 26.72 26.70 26.66 26.65 26.62 26.60 26.58 26.57 26.57 26.59 26.60 26.63 26.65 26.70 26.72 26.77 26.78 26.79 26.79 26.77 26.76 26.74 26.72 26.71 26.70 26.70 26.70 26.71 26.72 26.74 26.75 26.77 26.78 26.81 26.82 26.84 26.83 26.84 26.85 26.86 26.86 26.87 26.88 26.89 26.89 26.89 26.89
27.06 27.04 27.01 26.97 26.93 26.90 26.87 26.83 26.80 26.76 26.73 26.69 26.65 26.61 26.57 26.52 26.48 26.43 26.40 26.39 26.43 26.48 26.53 26.58 26.63 26.68 26.72 26.77 26.78 26.78 26.77 26.72 26.69 26.64 26.61 26.58 26.56 26.54 26.55 26.57 26.59 26.62 26.66 26.71 26.76 26.78 26.79 26.80 26.80 26.79 26.76 26.74 26.71 26.69 26.67 26.66 26.66 26.67 26.69 26.71 26.74 26.76 26.80 26.81 26.83 26.86 26.88 26.86 26.87 26.87 26.87 26.88 26.89 26.89 26.89 26.89 26.89
27.08 27.06 27.03 26.99 26.96 26.92 26.89 26.85 26.82 26.78 26.74 26.70 26.66 26.62 26.57 26.52 26.47 26.41 26.36 26.35 26.40 26.46 26.52 26.58 26.63 26.67 26.71 26.76 26.77 26.77 26.76 26.74 26.68 26.65 26.60 26.57 26.54 26.52 26.53 26.56 26.60 26.64 26.68 26.73 26.78 26.81 26.82 26.82 26.82 26.80 26.77 26.74 26.71 26.68 26.65 26.63 26.62 26.64 26.67 26.70 26.72 26.78 26.80 26.83 26.86 26.87 26.87 26.88 26.88 26.88 26.89 26.89 26.89 26.89 26.90 26.89 26.89
27.07 27.05 27.03 27.00 26.97 26.93 26.90 26.87 26.83 26.79 26.75 26.71 26.67 26.63 26.58 26.53 26.48 26.42 26.38 26.37 26.41 26.47 26.53 26.58 26.63 26.68 26.73 26.76 26.77 26.77 26.76 26.74 26.69 26.66 26.63 26.59 26.55 26.53 26.55 26.58 26.62 26.66 26.70 26.78 26.81 26.84 26.85 26.86 26.85 26.83 26.79 26.76 26.72 26.69 26.65 26.63 26.62 26.64 26.67 26.69 26.75 26.79 26.81 26.86 26.88 26.91 26.92 26.90 26.91 26.91 26.89 26.89 26.89 26.89 26.89 26.89 26.89
27.04 27.03 27.01 26.99 26.96 26.94 26.91 26.88 26.84 26.80 26.76 26.72 26.68 26.64 26.60 26.55 26.50 26.46 26.43 26.42 26.45 26.50 26.55 26.60 26.66 26.71 26.74 26.76 26.77 26.78 26.77 26.75 26.72 26.67 26.64 26.61 26.59 26.58 26.58 26.61 26.65 26.70 26.75 26.80 26.85 26.88 26.90 26.90 26.89 26.86 26.83 26.79 26.75 26.71 26.67 26.65 26.64 26.65 26.68 26.73 26.76 26.79 26.85 26.89 26.91 26.94 26.95 26.92 26.93 26.92 26.90 26.90 26.90 26.89 26.89 26.89 26.90
27.01 27.01 26.99 26.97 26.95 26.93 26.91 26.88 26.85 26.81 26.77 26.74 26.70 26.66 26.62 26.58 26.54 26.50 26.48 26.48 26.50 26.54 26.58 26.63 26.68 26.73 26.75 26.77 26.79 26.79 26.78 26.76 26.72 26.70 26.66 26.64 26.62 26.62 26.64 26.65 26.69 26.75 26.81 26.85 26.90 26.93 26.94 26.95 26.94 26.91 26.88 26.84 26.79 26.75 26.71 26.68 26.67 26.70 26.72 26.75 26.78 26.84 26.88 26.91 26.94 26.96 26.97 26.98 26.93 26.92 26.92 26.91 26.90 26.90 26.89 26.90 26.91
26.98 26.98 26.97 26.95 26.93 26.91 26.89 26.87 26.85 26.81 26.78 26.75 26.72 26.68 26.64 26.61 26.58 26.55 26.54 26.54 26.56 26.58 26.62 26.67 26.71 26.74 26.77 26.79 26.80 26.80 26.80 26.78 26.74 26.72 26.70 26.68 26.67 26.66 26.69 26.69 26.74 26.80 26.86 26.92 26.96 26.99 27.00 27.00 26.99 26.96 26.92 26.88 26.83 26.79 26.75 26.73 26.74 26.73 26.75 26.78 26.81 26.88 26.91 26.94 26.97 26.98 26.98 26.98 26.97 26.94 26.93 26.92 26.91 26.91 26.90 26.91 26.92
26.96 26.95 26.94 26.93 26.91 26.90 26.88 26.86 26.84 26.81 26.79 26.76 26.73 26.70 26.67 26.64 26.62 26.60 26.60 26.60 26.61 26.62 26.65 26.68 26.73 26.76 26.78 26.80 26.82 26.82 26.82 26.80 26.78 26.75 26.73 26.71 26.72 26.73 26.75 26.74 26.78 26.84 26.92 26.97 27.02 27.05 27.07 27.07 27.06 27.02 26.97 26.93 26.88 26.83 26.81 26.79 26.78 26.78 26.77 26.80 26.83 26.89 26.92 26.95 26.97 26.97 26.98 26.98 26.99 26.97 26.94 26.93 26.91 26.92 26.92 26.92 26.93
26.93 26.93 26.92 26.91 26.90 26.88 26.86 26.85 26.83 26.81 26.79 26.77 26.75 26.72 26.70 26.68 26.66 26.65 26.63 26.64 26.65 26.67 26.69 26.73 26.76 26.78 26.81 26.83 26.84 26.84 26.84 26.82 26.80 26.78 26.76 26.75 26.75 26.76 26.79 26.83 26.87 26.91 26.97 27.02 27.07 27.11 27.14 27.14 27.12 27.08 27.03 27.00 26.94 26.89 26.86 26.82 26.80 26.80 26.81 26.84 26.88 26.92 26.95 26.97 26.99 27.00 27.01 27.00 27.00 26.96 26.95 26.94 26.92 26.91 26.91 26.93 26.94
26.91 26.90 26.90 26.89 26.88 26.86 26.85 26.84 26.83 26.81 26.80 26.78 26.76 26.74 26.72 26.71 26.70 26.69 26.69 26.68 26.69 26.71 26.75 26.77 26.80 26.82 26.84 26.86 26.87 26.87 26.86 26.84 26.82 26.80 26.78 26.78 26.78 26.80 26.84 26.87 26.92 26.96 27.02 27.07 27.12 27.17 27.22 27.21 27.18 27.15 27.10 27.05 26.98 26.94 26.90 26.87 26.84 26.83 26.85 26.86 26.91 26.94 26.99 27.00 27.02 27.03 27.03 27.02 27.01 26.97 26.96 26.93 26.93 26.92 26.92 26.94 26.93
26.89 26.88 26.88 26.87 26.86 26.85 26.84 26.83 26.82 26.81 26.80 26.79 26.78 26.77 26.76 26.76 26.74 26.73 26.73 26.74 26.75 26.76 26.77 26.81 26.82 26.84 26.86 26.88 26.88 26.88 26.87 26.86 26.84 26.82 26.81 26.81 26.81 26.83 26.87 26.91 26.96 27.00 27.06 27.13 27.19 27.24 27.28 27.28 27.25 27.19 27.13 27.07 27.01 26.97 26.93 26.90 26.87 26.86 26.87 26.89 26.93 26.98 27.01 27.04 27.05 27.06 27.05 27.04 27.00 26.98 26.95 26.93 26.92 26.92 26.92 26.94 26.97
26.87 26.86 26.86 26.85 26.84 26.84 26.83 26.82 26.81 26.80 26.80 26.80 26.80 26.79 26.79 26.79 26.79 26.79 26.80 26.80 26.81 26.82 26.83 26.85 26.86 26.87 26.88 26.89 26.89 26.89 26.88 26.87 26.85 26.84 26.83 26.83 26.84 26.86 26.90 26.94 26.99 27.05 27.08 27.16 27.22 27.29 27.34 27.34 27.28 27.22 27.15 27.09 27.04 26.99 26.95 26.92 26.90 26.89 26.89 26.91 26.96 26.99 27.02 27.05 27.07 27.08 27.07 27.04 27.02 26.97 26.95 26.93 26.92 26.91 26.94 26.97 26.99
26.87 26.84 26.84 26.83 26.83 26.82 26.81 26.82 26.81 26.81 26.81 26.81 26.82 26.83 26.83 26.84 26.85 26.86 26.86 26.87 26.87 26.88 26.87 26.90 26.90 26.90 26.90 26.90 26.90 26.89 26.89 26.88 26.87 26.86 26.85 26.85 26.86 26.88 26.92 26.96 27.01 27.06 27.13 27.17 27.23 27.29 27.34 27.34 27.28 27.22 27.16 27.10 27.05 27.01 26.97 26.94 26.91 26.91 26.92 26.94 26.96 27.00 27.02 27.04 27.06 27.07 27.06 27.03 26.99 26.97 26.95 26.93 26.92 26.93 26.95 26.98 26.99
26.85 26.84 26.83 26.83 26.82 26.82 26.82 26.82 26.81 26.81 26.82 26.84 26.86 26.86 26.88 26.89 26.91 26.92 26.93 26.93 26.94 26.93 26.93 26.95 26.94 26.93 26.92 26.91 26.90 26.89 26.89 26.88 26.88 26.87 26.86 26.87 26.91 26.93 26.96 26.98 27.02 27.07 27.13 27.18 27.21 27.26 27.29 27.28 27.25 27.20 27.15 27.10 27.06 27.01 26.98 26.95 26.92 26.91 26.93 26.94 26.96 26.98 27.01 27.02 27.03 27.03 27.03 27.01 26.98 26.96 26.94 26.93 26.93 26.96 26.97 27.00 27.00
26.83 26.83 26.82 26.82 26.82 26.82 26.82 26.81 26.81 26.82 26.84 26.86 26.88 26.91 26.94 26.95 26.97 26.98 27.00 27.00 27.02 27.01 27.01 26.99 26.97 26.95 26.93 26.91 26.90 26.89 26.89 26.88 26.88 26.88 26.87 26.90 26.92 26.93 26.96 26.99 27.02 27.05 27.12 27.16 27.18 27.22 27.22 27.22 27.20 27.17 27.13 27.10 27.05 27.01 26.98 26.95 26.94 26.94 26.93 26.94 26.95 26.97 26.99 26.99 26.99 26.99 26.99 26.98 26.97 26.94 26.94 26.94 26.95 26.97 26.98 27.01 27.01
26.82 26.82 26.82 26.82 26.82 26.82 26.81 26.81 26.82 26.83 26.85 26.88 26.91 26.95 26.98 27.02 27.03 27.05 27.06 27.08 27.08 27.06 27.04 27.03 27.00 26.98 26.95 26.93 26.90 26.89 26.89 26.89 26.88 26.88 26.90 26.90 26.91 26.92 26.95 26.98 27.01 27.07 27.09 27.12 27.14 27.17 27.17 27.17 27.15 27.13 27.09 27.06 27.03 27.00 26.97 26.95 26.93 26.94 26.93 26.93 26.94 26.94 26.95 26.95 26.96 26.96 26.95 26.95 26.94 26.93 26.93 26.95 26.96 26.98 27.00 27.02 27.02
26.82 26.82 26.82 26.81 26.81 26.82 26.82 26.82 26.83 26.85 26.87 26.91 26.94 26.98 27.02 27.05 27.09 27.11 27.15 27.15 27.14 27.12 27.09 27.06 27.04 27.00 26.97 26.94 26.91 26.90 26.89 26.90 26.90 26.91 26.91 26.90 26.90 26.91 26.93 26.98 27.01 27.05 27.06 27.08 27.11 27.10 27.11 27.11 27.10 27.08 27.06 27.03 27.01 26.98 26.95 26.93 26.92 26.92 26.92 26.92 26.93 26.93 26.92 26.92 26.92 26.92 26.92 26.91 26.91 26.92 26.93 26.95 26.97 26.99 27.01 27.03 27.02
26.81 26.81 26.81 26.81 26.81 26.81 26.82 26.82 26.84 26.86 26.89 26.93 26.97 27.02 27.07 27.12 27.16 27.20 27.21 27.21 27.20 27.17 27.14 27.11 27.07 27.03 26.99 26.95 26.92 26.92 26.91 26.90 26.90 26.90 26.90 26.90 26.91 26.91 26.94 26.96 26.99 27.01 27.04 27.05 27.07 27.08 27.05 27.05 27.05 27.03 27.01 26.99 26.98 26.96 26.93 26.92 26.91 26.91 26.90 26.90 26.89 26.88 26.89 26.89 26.88 26.87 26.88 26.88 26.89 26.90 26.92 26.95 26.98 27.02 27.04 27.04 27.04
26.81 26.81 26.81 26.81 26.81 26.82 26.82 26.83 26.84 26.87 26.91 26.95 26.99 27.05 27.10 27.16 27.21 27.25 27.28 27.28 27.26 27.22 27.18 27.14 27.10 27.07 27.00 26.97 26.95 26.92 26.90 26.89 26.89 26.90 26.90 26.90 26.90 26.93 26.94 26.95 26.97 26.99 26.98 27.01 27.03 27.04 27.00 27.00 27.00 26.99 26.98 26.96 26.96 26.94 26.92 26.92 26.90 26.88 26.88 26.89 26.87 26.86 26.84 26.84 26.85 26.83 26.83 26.83 26.85 26.88 26.91 26.95 26.99 27.02 27.05 27.06 27.05
26.81 26.81 26.81 26.81 26.81 26.81 26.82 26.83 26.85 26.88 26.92 26.96 27.01 27.08 27.14 27.20 27.26 27.31 27.34 27.35 27.32 27.28 27.22 27.17 27.12 27.09 27.04 26.97 26.95 26.92 26.91 26.88 26.89 26.89 26.89 26.91 26.91 26.92 26.93 26.95 26.95 26.97 26.95 26.96 26.99 27.00 26.96 26.96 26.95 26.94 26.94 26.93 26.92 26.92 26.90 26.91 26.89 26.88 26.87 26.86 26.85 26.83 26.82 26.80 26.79 26.79 26.79 26.79 26.81 26.84 26.89 26.94 26.99 27.03 27.06 27.07 27.07
26.80 26.80 26.81 26.81 26.81 26.81 26.82 26.83 26.85 26.89 26.93 26.98 27.03 27.09 27.16 27.22 27.29 27.36 27.41 27.42 27.37 27.31 27.25 27.19 27.13 27.10 27.05 27.00 26.94 26.92 26.90 26.88 26.88 26.87 26.90 26.90 26.90 26.91 26.92 26.94 26.96 26.96 26.93 26.94 26.94 26.96 26.96 26.91 26.90 26.90 26.90 26.91 26.91 26.92 26.90 26.90 26.89 26.88 26.87 26.85 26.83 26.81 26.79 26.77 26.76 26.74 26.74 26.75 26.77 26.80 26.85 26.92 26.98 27.03 27.07 27.08 27.08
26.80 26.80 26.81 26.81 26.81 26.81 26.82 26.83 26.86 26.89 26.93 26.98 27.04 27.10 27.16 27.23 27.30 27.37 27.44 27.45 27.38 27.32 27.25 27.19 27.13 27.07 27.01 26.96 26.97 26.91 26.88 26.86 26.86 26.87 26.88 26.88 26.89 26.90 26.91 26.93 26.95 26.96 26.93 26.92 26.92 26.91 26.90 26.91 26.88 26.90 26.88 26.88 26.88 26.90 26.89 26.89 26.89 26.88 26.86 26.84 26.82 26.79 26.76 26.74 26.72 26.70 26.70 26.71 26.73 26.76 26.82 26.89 26.97 27.03 27.07 27.09 27.08
26.80 26.81 26.81 26.81 26.81 26.81 26.82 26.83 26.86 26.88 26.94 26.99 27.04 27.09 27.15 27.22 27.28 27.34 27.39 27.40 27.35 27.30 27.24 27.18 27.12 27.05 27.00 26.98 26.95 26.91 26.88 26.86 26.86 26.85 26.85 26.86 26.88 26.89 26.91 26.93 26.94 26.95 26.93 26.91 26.90 26.89 26.87 26.87 26.87 26.87 26.84 26.85 26.86 26.86 26.87 26.88 26.88 26.87 26.84 26.83 26.80 26.76 26.73 26.70 26.67 26.66 26.65 26.67 26.69 26.73 26.79 26.86 26.94 27.01 27.05 27.07 27.06
26.81 26.81 26.81 26.81 26.81 26.82 26.82 26.83 26.87 26.89 26.93 26.97 27.02 27.08 27.13 27.19 27.24 27.30 27.33 27.33 27.31 27.26 27.22 27.16 27.10 27.04 26.98 26.93 26.93 26.88 26.84 26.83 26.83 26.83 26.83 26.85 26.87 26.89 26.90 26.92 26.93 26.92 26.92 26.90 26.88 26.86 26.85 26.85 26.86 26.84 26.85 26.83 26.83 26.84 26.87 26.87 26.87 26.87 26.85 26.82 26.78 26.75 26.71 26.67 26.63 26.62 26.62 26.63 26.66 26.70 26.76 26.83 26.91 26.98 27.02 27.04 27.04
26.81 26.81 26.81 26.81 26.81 26.81 26.82 26.84 26.86 26.88 26.92 26.96 27.00 27.05 27.10 27.15 27.20 27.24 27.26 27.27 27.26 27.22 27.18 27.13 27.07 27.01 26.95 26.95 26.90 26.84 26.83 26.81 26.79 26.79 26.82 26.82 26.85 26.87 26.90 26.92 26.93 26.92 26.92 26.91 26.87 26.85 26.83 26.83 26.82 26.83 26.83 26.84 26.81 26.82 26.85 26.86 26.86 26.86 26.83 26.80 26.77 26.73 26.68 26.64 26.60 26.58 26.58 26.59 26.63 26.67 26.73 26.80 26.87 26.93 26.98 27.01 27.01
26.81 26.81 26.81 26.81 26.81 26.81 26.83 26.83 26.85 26.87 26.90 26.93 26.97 27.01 27.06 27.11 27.15 27.18 27.20 27.21 27.20 27.17 27.14 27.09 27.03 26.98 26.94 26.88 26.86 26.82 26.79 26.77 26.76 26.77 26.78 26.81 26.84 26.86 26.89 26.91 26.93 26.94 26.92 26.91 26.89 26.85 26.82 26.82 26.81 26.81 26.81 26.82 26.79 26.81 26.84 26.84 26.84 26.84 26.82 26.79 26.75 26.70 26.65 26.59 26.56 26.55 26.55 26.56 26.59 26.64 26.69 26.76 26.83 26.90 26.94 26.98 26.99
26.81 26.81 26.81 26.81 26.81 26.81 26.82 26.83 26.84 26.85 26.88 26.91 26.94 26.98 27.01 27.06 27.09 27.12 27.14 27.15 27.14 27.12 27.11 27.06 27.01 26.96 26.90 26.84 26.80 26.76 26.74 26.72 26.72 26.72 26.75 26.78 26.82 26.85 26.88 26.91 26.93 26.92 26.92 26.90 26.88 26.84 26.82 26.77 26.76 26.75 26.76 26.77 26.77 26.82 26.83 26.82 26.84 26.83 26.81 26.78 26.71 26.66 26.61 26.58 26.54 26.52 26.51 26.52 26.55 26.60 26.65 26.72 26.79 26.85 26.90 26.94 26.95
26.82 26.82 26.82 26.82 26.81 26.81 26.82 26.82 26.82 26.83 26.86 26.88 26.90 26.93 26.96 26.99 27.06 27.08 27.10 27.11 27.11 27.09 27.06 27.02 26.97 26.92 26.87 26.81 26.76 26.72 26.69 26.66 26.67 26.68 26.71 26.76 26.80 26.84 26.88 26.91 26.92 26.93 26.92 26.91 26.87 26.84 26.79 26.76 26.74 26.73 26.75 26.75 26.77 26.81 26.82 26.82 26.82 26.82 26.80 26.76 26.69 26.64 26.59 26.55 26.51 26.48 26.48 26.50 26.52 26.56 26.61 26.68 26.75 26.82 26.87 26.91 26.93
26.82 26.82 26.82 26.82 26.82 26.81 26.81 26.82 26.82 26.82 26.83 26.85 26.87 26.90 26.96 26.99 27.02 27.04 27.05 27.06 27.07 27.05 27.02 26.99 26.94 26.89 26.84 26.79 26.73 26.69 26.65 26.62 26.61 26.63 26.68 26.74 26.80 26.85 26.89 26.92 26.93 26.94 26.92 26.90 26.87 26.82 26.77 26.75 26.73 26.71 26.72 26.74 26.75 26.81 26.80 26.81 26.81 26.82 26.76 26.72 26.68 26.62 26.56 26.50 26.46 26.43 26.43 26.45 26.49 26.53 26.59 26.65 26.72 26.79 26.85 26.89 26.91
26.82 26.82 26.82 26.82 26.82 26.81 26.81 26.81 26.81 26.81 26.81 26.83 26.87 26.90 26.93 26.96 26.98 27.00 27.02 27.02 27.03 27.02 26.99 26.96 26.91 26.87 26.82 26.76 26.71 26.66 26.61 26.58 26.56 26.58 26.65 26.73 26.80 26.86 26.91 26.94 26.96 26.96 26.95 26.91 26.86 26.81 26.76 26.73 26.71 26.71 26.71 26.72 26.75 26.80 26.81 26.80 26.81 26.77 26.75 26.71 26.65 26.59 26.51 26.46 26.40 26.37 26.38 26.42 26.46 26.50 26.56 26.63 26.70 26.78 26.85 26.89 26.91
26.79 26.82 26.82 26.82 26.82 26.81 26.81 26.81 26.81 26.81 26.82 26.83 26.86 26.88 26.91 26.93 26.96 26.97 26.99 26.99 27.00 27.00 26.97 26.94 26.90 26.85 26.80 26.75 26.70 26.64 26.60 26.56 26.53 26.56 26.65 26.73 26.81 26.88 26.93 26.96 26.98 26.99 26.98 26.92 26.86 26.80 26.74 26.71 26.70 26.71 26.71 26.72 26.73 26.80 26.81 26.78 26.78 26.75 26.74 26.69 26.62 26.54 26.47 26.42 26.36 26.33 26.35 26.39 26.44 26.48 26.53 26.62 26.70 26.79 26.86 26.91 26.92
26.81 26.81 26.81 26.81 26.81 26.81 26.81 26.81 26.80 26.80 26.81 26.83 26.85 26.87 26.90 26.92 26.94 26.96 26.97 26.98 26.99 26.98 26.96 26.93 26.90 26.85 26.80 26.74 26.69 26.64 26.60 26.57 26.57 26.60 26.68 26.75 26.83 26.90 26.94 26.98 27.00 27.00 26.99 26.94 26.87 26.81 26.75 26.72 26.71 26.69 26.69 26.70 26.73 26.75 26.76 26.76 26.72 26.72 26.69 26.64 26.57 26.50 26.44 26.39 26.34 26.33 26.35 26.39 26.44 26.49 26.55 26.63 26.72 26.80 26.87 26.92 26.94
26.81 26.81 26.81 26.81 26.81 26.81 26.81 26.80 26.80 26.81 26.81 26.83 26.86 26.88 26.89 26.91 26.93 26.95 26.96 26.97 26.98 26.98 26.96 26.94 26.90 26.85 26.80 26.74 26.69 26.66 26.63 26.61 26.62 26.66 26.72 26.80 26.87 26.92 26.97 27.00 27.02 27.02 27.00 26.95 26.89 26.83 26.77 26.74 26.71 26.71 26.71 26.71 26.76 26.76 26.75 26.77 26.72 26.69 26.68 26.61 26.54 26.47 26.42 26.37 26.35 26.34 26.36 26.40 26.45 26.51 26.59 26.66 26.75 26.83 26.89 26.94 26.97
