data/Validacao/T101115.grd
DSAA
94	94
0.0000	100.0000
0.0000	100.0000
26.1431	27.4468
[rows 0 to 33 of 94, columns 0 to 76 of 94]
26.71 26.71 26.72 26.74 26.75 26.76 26.78 26.77 26.78 26.79 26.80 26.80 26.80 26.80 26.80 26.80 26.80 26.80 26.80 26.80 26.80 26.82 26.83 26.83 26.84 26.84 26.79 26.78 26.77 26.74 26.72 26.70 26.67 26.64 26.61 26.59 26.55 26.52 26.54 26.57 26.61 26.64 26.68 26.72 26.75 26.77 26.75 26.77 26.79 26.79 26.79 26.79 26.78 26.78 26.78 26.79 26.80 26.81 26.81 26.81 26.81 26.81 26.80 26.79 26.73 26.70 26.66 26.62 26.60 26.55 26.51 26.48 26.43 26.38 26.34 26.35 26.39
26.71 26.72 26.73 26.75 26.76 26.78 26.79 26.80 26.81 26.81 26.82 26.82 26.82 26.82 26.82 26.81 26.81 26.81 26.81 26.81 26.81 26.82 26.83 26.83 26.84 26.84 26.83 26.79 26.78 26.75 26.73 26.70 26.67 26.64 26.61 26.59 26.56 26.54 26.56 26.59 26.62 26.66 26.70 26.74 26.77 26.79 26.78 26.81 26.82 26.82 26.81 26.81 26.80 26.80 26.81 26.81 26.82 26.83 26.84 26.84 26.85 26.84 26.84 26.82 26.80 26.73 26.71 26.66 26.62 26.57 26.52 26.49 26.45 26.40 26.37 26.37 26.40
26.72 26.73 26.74 26.76 26.78 26.79 26.81 26.82 26.84 26.84 26.84 26.84 26.84 26.84 26.84 26.83 26.82 26.82 26.82 26.82 26.81 26.82 26.83 26.84 26.84 26.84 26.84 26.80 26.78 26.76 26.73 26.71 26.68 26.65 26.63 26.61 26.59 26.58 26.59 26.62 26.65 26.69 26.73 26.77 26.80 26.82 26.85 26.84 26.85 26.84 26.84 26.83 26.83 26.83 26.83 26.84 26.85 26.86 26.87 26.88 26.89 26.89 26.88 26.86 26.84 26.80 26.75 26.70 26.65 26.60 26.55 26.52 26.48 26.44 26.42 26.41 26.43
26.74 26.75 26.76 26.78 26.79 26.81 26.83 26.85 26.86 26.87 26.87 26.88 26.86 26.86 26.86 26.85 26.84 26.83 26.83 26.83 26.83 26.83 26.83 26.84 26.85 26.85 26.85 26.80 26.79 26.77 26.74 26.72 26.69 26.66 26.64 26.62 26.62 26.62 26.63 26.66 26.69 26.72 26.76 26.80 26.83 26.86 26.89 26.88 26.88 26.88 26.87 26.86 26.86 26.86 26.86 26.87 26.88 26.90 26.92 26.92 26.93 26.94 26.93 26.91 26.88 26.84 26.79 26.74 26.68 26.63 26.58 26.55 26.51 26.48 26.46 26.46 26.47
26.75 26.76 26.78 26.79 26.81 26.83 26.85 26.87 26.89 26.90 26.90 26.90 26.90 26.88 26.88 26.87 26.86 26.85 26.84 26.84 26.84 26.84 26.84 26.85 26.86 26.86 26.85 26.84 26.79 26.78 26.75 26.73 26.70 26.68 26.66 26.64 26.65 26.65 26.67 26.70 26.72 26.76 26.80 26.84 26.87 26.91 26.93 26.94 26.92 26.91 26.90 26.89 26.89 26.89 26.89 26.90 26.92 26.94 26.96 26.97 26.98 26.99 26.98 26.96 26.93 26.89 26.84 26.78 26.73 26.67 26.64 26.59 26.56 26.53 26.51 26.50 26.51
26.76 26.78 26.79 26.81 26.83 26.86 26.88 26.90 26.92 26.93 26.93 26.93 26.92 26.91 26.90 26.89 26.88 26.87 26.86 26.86 26.85 26.85 26.85 26.85 26.86 26.86 26.85 26.84 26.80 26.78 26.76 26.74 26.72 26.70 26.68 26.66 26.66 26.69 26.71 26.73 26.76 26.80 26.84 26.88 26.92 26.95 26.97 26.98 26.98 26.95 26.93 26.92 26.92 26.92 26.92 26.94 26.96 26.98 27.00 27.02 27.04 27.04 27.04 27.02 26.99 26.94 26.89 26.83 26.77 26.71 26.68 26.64 26.60 26.57 26.56 26.55 26.54
26.77 26.79 26.81 26.83 26.85 26.88 26.90 26.93 26.95 26.96 26.96 26.96 26.95 26.93 26.92 26.91 26.89 26.88 26.87 26.87 26.86 26.86 26.86 26.86 26.86 26.86 26.86 26.84 26.81 26.79 26.78 26.76 26.74 26.72 26.70 26.69 26.69 26.72 26.74 26.77 26.80 26.84 26.88 26.92 26.96 26.99 27.01 27.02 27.02 27.00 26.97 26.96 26.95 26.95 26.95 26.97 26.99 27.02 27.05 27.07 27.09 27.10 27.09 27.07 27.04 26.99 26.93 26.88 26.82 26.76 26.73 26.68 26.64 26.62 26.60 26.59 26.58
26.81 26.80 26.82 26.84 26.87 26.90 26.93 26.95 26.98 26.99 27.00 26.99 26.98 26.96 26.94 26.93 26.91 26.89 26.88 26.88 26.87 26.87 26.88 26.88 26.87 26.87 26.85 26.84 26.81 26.80 26.78 26.77 26.75 26.74 26.72 26.71 26.72 26.74 26.78 26.81 26.84 26.87 26.91 26.96 26.99 27.03 27.05 27.05 27.04 27.03 26.99 26.98 26.98 26.97 26.98 27.00 27.02 27.05 27.09 27.13 27.15 27.16 27.15 27.12 27.08 27.05 26.99 26.94 26.85 26.79 26.77 26.72 26.68 26.65 26.63 26.61 26.60
26.81 26.80 26.82 26.85 26.88 26.91 26.94 26.98 27.01 27.03 27.03 27.02 27.00 26.99 26.97 26.95 26.93 26.91 26.90 26.89 26.88 26.88 26.88 26.89 26.88 26.86 26.85 26.83 26.81 26.80 26.79 26.78 26.76 26.75 26.75 26.74 26.75 26.76 26.81 26.84 26.86 26.90 26.94 26.97 27.01 27.04 27.07 27.07 27.05 27.03 27.01 26.99 26.99 26.99 27.00 27.01 27.04 27.08 27.12 27.17 27.20 27.21 27.19 27.16 27.12 27.08 27.02 26.96 26.91 26.85 26.80 26.75 26.71 26.67 26.65 26.64 26.63
26.80 26.82 26.81 26.84 26.88 26.91 26.95 26.99 27.04 27.07 27.07 27.05 27.03 27.01 26.99 26.97 26.94 26.93 26.91 26.90 26.89 26.89 26.89 26.89 26.88 26.86 26.84 26.82 26.80 26.80 26.79 26.78 26.77 26.77 26.76 26.76 26.77 26.79 26.83 26.86 26.88 26.91 26.94 26.96 27.00 27.04 27.07 27.08 27.04 27.02 27.00 26.99 26.98 26.99 27.00 27.02 27.05 27.09 27.14 27.19 27.25 27.26 27.22 27.18 27.14 27.10 27.04 26.98 26.92 26.87 26.82 26.76 26.73 26.70 26.68 26.67 26.65
26.79 26.81 26.83 26.84 26.87 26.91 26.95 27.00 27.04 27.08 27.08 27.06 27.05 27.03 27.01 26.98 26.96 26.94 26.92 26.91 26.90 26.89 26.89 26.88 26.87 26.85 26.83 26.82 26.80 26.79 26.79 26.79 26.78 26.78 26.78 26.78 26.79 26.80 26.85 26.86 26.88 26.90 26.92 26.94 26.96 26.99 27.02 27.02 27.00 26.98 26.96 26.96 26.97 26.97 26.99 27.02 27.05 27.08 27.13 27.18 27.23 27.24 27.20 27.17 27.13 27.09 27.03 26.98 26.92 26.87 26.85 26.77 26.74 26.72 26.70 26.69 26.68
26.77 26.79 26.81 26.82 26.86 26.90 26.95 26.99 27.04 27.07 27.08 27.07 27.05 27.04 27.01 26.99 26.97 26.95 26.93 26.91 26.90 26.89 26.88 26.87 26.86 26.84 26.82 26.81 26.80 26.79 26.78 26.78 26.78 26.78 26.79 26.79 26.80 26.81 26.83 26.86 26.86 26.88 26.89 26.90 26.91 26.92 26.94 26.94 26.92 26.91 26.91 26.92 26.93 26.93 26.96 26.99 27.03 27.06 27.10 27.14 27.17 27.18 27.16 27.13 27.10 27.05 27.01 26.96 26.91 26.87 26.84 26.81 26.75 26.73 26.72 26.70 26.69
26.74 26.76 26.79 26.82 26.84 26.89 26.93 26.98 27.02 27.05 27.07 27.07 27.06 27.04 27.03 27.00 26.98 26.96 26.94 26.92 26.90 26.89 26.87 26.86 26.84 26.83 26.81 26.80 26.79 26.78 26.77 26.77 26.78 26.79 26.79 26.80 26.81 26.82 26.84 26.84 26.84 26.84 26.84 26.83 26.83 26.84 26.84 26.84 26.83 26.83 26.84 26.85 26.88 26.89 26.92 26.95 26.99 27.02 27.06 27.09 27.11 27.12 27.10 27.08 27.05 27.01 26.97 26.93 26.89 26.85 26.83 26.81 26.75 26.73 26.72 26.71 26.71
26.72 26.74 26.77 26.80 26.83 26.87 26.92 26.97 27.01 27.04 27.06 27.07 27.06 27.05 27.03 27.01 26.99 26.96 26.94 26.92 26.90 26.88 26.86 26.84 26.83 26.81 26.80 26.79 26.78 26.77 26.77 26.77 26.78 26.79 26.80 26.80 26.81 26.81 26.83 26.82 26.81 26.79 26.78 26.76 26.75 26.74 26.74 26.74 26.74 26.74 26.76 26.78 26.81 26.84 26.87 26.90 26.94 26.98 27.01 27.03 27.05 27.05 27.04 27.02 27.00 26.97 26.93 26.89 26.86 26.82 26.81 26.78 26.76 26.73 26.72 26.73 26.72
26.69 26.71 26.73 26.77 26.81 26.85 26.90 26.95 27.00 27.03 27.06 27.07 27.07 27.06 27.04 27.02 27.00 26.97 26.95 26.92 26.89 26.88 26.85 26.83 26.81 26.80 26.78 26.77 26.76 26.76 26.76 26.76 26.77 26.78 26.79 26.80 26.80 26.80 26.80 26.78 26.77 26.74 26.71 26.69 26.66 26.64 26.63 26.63 26.64 26.65 26.68 26.71 26.74 26.78 26.82 26.86 26.89 26.93 26.95 26.97 26.99 26.99 26.98 26.96 26.94 26.91 26.88 26.85 26.82 26.79 26.78 26.76 26.75 26.74 26.74 26.72 26.72
26.65 26.67 26.70 26.74 26.79 26.84 26.89 26.94 26.99 27.03 27.06 27.07 27.08 27.07 27.05 27.03 27.00 26.98 26.95 26.92 26.89 26.87 26.85 26.82 26.80 26.78 26.77 26.75 26.74 26.75 26.75 26.76 26.77 26.78 26.80 26.80 26.79 26.78 26.77 26.75 26.73 26.69 26.65 26.61 26.57 26.54 26.52 26.52 26.53 26.56 26.59 26.63 26.68 26.72 26.76 26.80 26.84 26.87 26.90 26.92 26.93 26.93 26.92 26.90 26.89 26.86 26.84 26.81 26.79 26.76 26.75 26.74 26.73 26.73 26.73 26.71 26.71
26.61 26.63 26.66 26.71 26.76 26.82 26.87 26.92 26.97 27.02 27.05 27.07 27.08 27.08 27.07 27.04 27.01 26.98 26.94 26.91 26.88 26.87 26.84 26.82 26.79 26.77 26.76 26.74 26.73 26.73 26.74 26.75 26.77 26.78 26.80 26.81 26.79 26.78 26.76 26.72 26.69 26.64 26.59 26.54 26.49 26.44 26.41 26.41 26.43 26.47 26.52 26.57 26.62 26.66 26.71 26.75 26.79 26.82 26.85 26.87 26.88 26.87 26.86 26.85 26.83 26.81 26.79 26.77 26.75 26.74 26.73 26.72 26.72 26.72 26.72 26.71 26.71
26.57 26.59 26.63 26.68 26.74 26.79 26.85 26.90 26.96 27.00 27.04 27.07 27.09 27.09 27.08 27.05 27.02 26.98 26.94 26.90 26.88 26.85 26.83 26.81 26.79 26.77 26.75 26.73 26.72 26.72 26.73 26.75 26.77 26.79 26.80 26.80 26.80 26.78 26.75 26.71 26.65 26.60 26.54 26.47 26.41 26.35 26.31 26.30 26.34 26.40 26.46 26.52 26.57 26.62 26.67 26.71 26.75 26.79 26.82 26.84 26.84 26.83 26.82 26.80 26.78 26.77 26.75 26.73 26.72 26.71 26.71 26.71 26.71 26.71 26.71 26.71 26.71
26.54 26.56 26.61 26.66 26.71 26.77 26.82 26.88 26.94 26.99 27.03 27.06 27.08 27.09 27.09 27.05 27.01 26.97 26.93 26.90 26.87 26.84 26.82 26.81 26.79 26.76 26.74 26.72 26.71 26.72 26.73 26.75 26.76 26.78 26.80 26.81 26.81 26.79 26.75 26.70 26.64 26.58 26.51 26.43 26.35 26.28 26.21 26.20 26.27 26.35 26.42 26.49 26.55 26.60 26.64 26.68 26.72 26.76 26.79 26.81 26.81 26.80 26.79 26.77 26.75 26.73 26.71 26.71 26.70 26.70 26.70 26.70 26.70 26.70 26.70 26.71 26.71
26.52 26.55 26.59 26.63 26.68 26.73 26.79 26.85 26.91 26.96 27.00 27.03 27.05 27.07 27.07 27.04 27.00 26.96 26.92 26.89 26.86 26.84 26.82 26.80 26.78 26.77 26.75 26.72 26.71 26.72 26.74 26.75 26.77 26.78 26.80 26.81 26.81 26.79 26.75 26.69 26.63 26.56 26.49 26.41 26.33 26.25 26.17 26.17 26.24 26.33 26.41 26.48 26.54 26.59 26.64 26.68 26.72 26.76 26.79 26.80 26.80 26.79 26.77 26.75 26.73 26.70 26.69 26.69 26.68 26.68 26.69 26.69 26.70 26.70 26.70 26.71 26.73
26.55 26.57 26.59 26.62 26.66 26.71 26.76 26.81 26.87 26.92 26.96 26.99 27.01 27.02 27.02 27.01 26.98 26.95 26.92 26.89 26.86 26.84 26.82 26.80 26.78 26.77 26.75 26.74 26.73 26.74 26.75 26.76 26.78 26.79 26.80 26.81 26.80 26.78 26.74 26.69 26.62 26.55 26.49 26.42 26.34 26.27 26.22 26.22 26.27 26.34 26.41 26.48 26.55 26.60 26.65 26.70 26.74 26.77 26.79 26.80 26.79 26.78 26.76 26.74 26.72 26.70 26.69 26.68 26.68 26.68 26.69 26.69 26.70 26.70 26.71 26.72 26.73
26.58 26.58 26.60 26.62 26.65 26.69 26.73 26.78 26.83 26.87 26.91 26.94 26.96 26.98 26.98 26.97 26.95 26.94 26.91 26.89 26.86 26.84 26.82 26.80 26.79 26.78 26.77 26.76 26.75 26.75 26.75 26.78 26.79 26.80 26.81 26.80 26.81 26.78 26.74 26.69 26.63 26.57 26.49 26.45 26.38 26.32 26.29 26.29 26.33 26.38 26.44 26.51 26.57 26.63 26.68 26.73 26.77 26.79 26.81 26.81 26.80 26.79 26.77 26.75 26.73 26.72 26.69 26.69 26.69 26.68 26.69 26.69 26.70 26.71 26.71 26.73 26.74
26.60 26.60 26.60 26.62 26.64 26.67 26.70 26.74 26.79 26.83 26.86 26.89 26.91 26.93 26.94 26.94 26.93 26.92 26.90 26.88 26.86 26.84 26.83 26.81 26.80 26.79 26.79 26.78 26.77 26.77 26.77 26.78 26.80 26.80 26.81 26.81 26.81 26.78 26.74 26.71 26.66 26.59 26.55 26.49 26.43 26.39 26.36 26.37 26.39 26.44 26.49 26.55 26.61 26.67 26.73 26.77 26.81 26.83 26.84 26.84 26.82 26.81 26.79 26.77 26.75 26.73 26.72 26.70 26.69 26.69 26.70 26.70 26.70 26.71 26.72 26.74 26.75
26.62 26.61 26.61 26.61 26.63 26.65 26.68 26.71 26.74 26.78 26.81 26.84 26.87 26.89 26.90 26.90 26.90 26.89 26.88 26.87 26.86 26.85 26.83 26.82 26.82 26.81 26.80 26.80 26.80 26.79 26.79 26.78 26.78 26.81 26.81 26.82 26.81 26.79 26.75 26.72 26.67 26.62 26.58 26.54 26.49 26.45 26.44 26.44 26.46 26.50 26.55 26.60 26.66 26.72 26.77 26.81 26.85 26.87 26.88 26.87 26.85 26.84 26.82 26.80 26.78 26.75 26.74 26.73 26.72 26.70 26.70 26.71 26.71 26.72 26.73 26.75 26.76
26.64 26.63 26.62 26.61 26.62 26.64 26.65 26.68 26.70 26.73 26.76 26.79 26.82 26.85 26.86 26.87 26.87 26.87 26.86 26.86 26.85 26.85 26.84 26.84 26.83 26.83 26.83 26.83 26.82 26.81 26.80 26.79 26.78 26.79 26.79 26.80 26.79 26.77 26.76 26.72 26.68 26.64 26.63 26.55 26.51 26.52 26.54 26.54 26.56 26.57 26.61 26.68 26.73 26.78 26.83 26.86 26.89 26.91 26.92 26.91 26.89 26.87 26.85 26.82 26.80 26.78 26.75 26.74 26.73 26.73 26.74 26.74 26.75 26.76 26.76 26.76 26.79
26.66 26.64 26.63 26.62 26.62 26.62 26.63 26.64 26.66 26.68 26.71 26.74 26.78 26.81 26.83 26.84 26.84 26.84 26.84 26.84 26.84 26.85 26.85 26.86 26.85 26.85 26.85 26.85 26.84 26.83 26.81 26.80 26.79 26.80 26.79 26.79 26.78 26.77 26.76 26.73 26.70 26.71 26.67 26.64 26.61 26.59 26.61 26.61 26.63 26.65 26.70 26.74 26.78 26.83 26.88 26.90 26.93 26.95 26.95 26.94 26.92 26.90 26.87 26.85 26.82 26.79 26.77 26.75 26.74 26.74 26.75 26.75 26.76 26.77 26.79 26.81 26.82
26.68 26.66 26.65 26.63 26.62 26.61 26.61 26.61 26.61 26.62 26.65 26.69 26.74 26.78 26.81 26.82 26.82 26.81 26.80 26.81 26.82 26.84 26.86 26.87 26.87 26.87 26.87 26.87 26.86 26.84 26.83 26.81 26.80 26.78 26.78 26.78 26.77 26.76 26.80 26.74 26.75 26.74 26.71 26.68 26.66 26.64 26.67 26.67 26.69 26.71 26.76 26.79 26.83 26.87 26.91 26.95 26.97 26.98 26.98 26.97 26.95 26.93 26.90 26.87 26.83 26.81 26.78 26.76 26.75 26.75 26.76 26.77 26.77 26.80 26.81 26.82 26.83
26.71 26.70 26.67 26.65 26.63 26.61 26.60 26.58 26.57 26.57 26.60 26.65 26.71 26.76 26.80 26.80 26.78 26.77 26.76 26.76 26.79 26.82 26.85 26.88 26.89 26.89 26.89 26.89 26.88 26.86 26.84 26.82 26.80 26.78 26.78 26.77 26.76 26.74 26.79 26.78 26.76 26.76 26.74 26.72 26.70 26.69 26.69 26.73 26.74 26.77 26.80 26.83 26.88 26.91 26.94 26.97 26.99 26.99 26.99 26.99 26.98 26.96 26.92 26.88 26.84 26.81 26.78 26.77 26.76 26.76 26.79 26.79 26.79 26.82 26.82 26.83 26.84
26.75 26.73 26.70 26.67 26.65 26.62 26.60 26.57 26.55 26.53 26.56 26.62 26.68 26.74 26.78 26.77 26.75 26.73 26.71 26.72 26.76 26.80 26.84 26.88 26.89 26.89 26.89 26.90 26.89 26.86 26.84 26.81 26.79 26.77 26.75 26.77 26.78 26.74 26.78 26.78 26.77 26.76 26.75 26.74 26.74 26.73 26.73 26.77 26.79 26.80 26.85 26.87 26.90 26.93 26.95 26.98 26.99 26.99 26.99 26.99 26.99 26.97 26.93 26.89 26.85 26.81 26.80 26.79 26.79 26.80 26.80 26.81 26.81 26.82 26.83 26.84 26.85
26.79 26.76 26.73 26.70 26.67 26.64 26.61 26.59 26.56 26.55 26.57 26.61 26.65 26.70 26.72 26.72 26.71 26.69 26.69 26.70 26.73 26.77 26.81 26.84 26.86 26.87 26.88 26.89 26.88 26.86 26.83 26.80 26.78 26.75 26.77 26.75 26.73 26.72 26.73 26.77 26.77 26.77 26.77 26.76 26.76 26.76 26.76 26.77 26.82 26.83 26.87 26.88 26.90 26.92 26.94 26.96 26.97 26.97 26.97 26.98 26.97 26.96 26.93 26.89 26.86 26.83 26.81 26.80 26.80 26.81 26.81 26.82 26.84 26.83 26.84 26.85 26.86
26.82 26.80 26.77 26.73 26.70 26.67 26.64 26.61 26.59 26.58 26.58 26.60 26.63 26.66 26.67 26.67 26.67 26.66 26.66 26.67 26.70 26.73 26.77 26.80 26.82 26.84 26.86 26.87 26.85 26.84 26.81 26.78 26.79 26.76 26.75 26.73 26.71 26.69 26.71 26.69 26.75 26.75 26.77 26.77 26.78 26.77 26.78 26.79 26.82 26.86 26.87 26.88 26.89 26.90 26.92 26.93 26.93 26.94 26.94 26.95 26.94 26.93 26.91 26.89 26.86 26.84 26.82 26.81 26.81 26.83 26.84 26.84 26.85 26.84 26.85 26.86 26.87
26.86 26.83 26.80 26.77 26.74 26.70 26.67 26.65 26.62 26.61 26.60 26.61 26.62 26.63 26.64 26.63 26.63 26.62 26.63 26.64 26.66 26.69 26.72 26.75 26.78 26.80 26.83 26.84 26.82 26.81 26.81 26.79 26.77 26.74 26.72 26.69 26.68 26.67 26.67 26.67 26.67 26.74 26.76 26.76 26.78 26.79 26.79 26.82 26.82 26.82 26.86 26.86 26.87 26.87 26.88 26.88 26.89 26.90 26.91 26.91 26.91 26.90 26.89 26.88 26.86 26.85 26.83 26.82 26.82 26.84 26.84 26.85 26.84 26.85 26.86 26.87 26.87
26.89 26.87 26.84 26.81 26.77 26.74 26.71 26.69 26.66 26.64 26.63 26.62 26.61 26.61 26.61 26.60 26.58 26.58 26.58 26.60 26.62 26.65 26.68 26.71 26.74 26.77 26.79 26.81 26.79 26.81 26.79 26.76 26.73 26.72 26.69 26.67 26.66 26.65 26.64 26.65 26.65 26.67 26.74 26.75 26.76 26.78 26.79 26.81 26.81 26.82 26.82 26.82 26.82 26.84 26.84 26.84 26.85 26.86 26.86 26.87 26.87 26.87 26.87 26.86 26.85 26.85 26.83 26.84 26.84 26.83 26.84 26.84 26.87 26.87 26.87 26.88 26.88
26.93 26.91 26.88 26.85 26.81 26.78 26.75 26.72 26.70 26.67 26.65 26.63 26.63 26.61 26.60 26.56 26.55 26.54 26.55 26.56 26.57 26.60 26.63 26.67 26.71 26.75 26.76 26.80 26.78 26.78 26.77 26.74 26.72 26.69 26.66 26.65 26.63 26.63 26.62 26.63 26.64 26.65 26.70 26.72 26.74 26.77 26.78 26.81 26.81 26.81 26.80 26.78 26.79 26.79 26.80 26.79 26.80 26.81 26.82 26.82 26.82 26.83 26.83 26.82 26.82 26.84 26.83 26.83 26.83 26.83 26.85 26.85 26.86 26.87 26.88 26.89 26.89
