data/Validacao/T141015.grd
DSAA
94	94
0.0000	100.0000
0.0000	100.0000
25.9250	27.1047
[rows 0 to 33 of 94, columns 0 to 76 of 94]
26.10 26.47 26.50 26.48 26.51 26.53 26.56 26.59 26.62 26.65 26.68 26.71 26.74 26.76 26.79 26.80 26.84 26.85 26.86 26.86 26.82 26.85 26.83 26.80 26.77 26.73 26.69 26.66 26.67 26.65 26.65 26.65 26.64 26.62 26.61 26.58 26.56 26.54 26.56 26.58 26.62 26.63 26.64 26.65 26.66 26.62 26.63 26.59 26.59 26.60 26.61 26.62 26.62 26.63 26.58 26.61 26.62 26.63 26.62 26.65 26.65 26.68 26.68 26.67 26.66 26.60 26.63 26.61 26.59 26.58 26.56 26.52 26.51 26.49 26.47 26.51 26.52
26.47 26.49 26.51 26.53 26.56 26.54 26.57 26.60 26.63 26.66 26.70 26.73 26.76 26.78 26.80 26.82 26.85 26.86 26.86 26.86 26.83 26.85 26.82 26.80 26.76 26.74 26.68 26.65 26.69 26.64 26.66 26.64 26.63 26.61 26.60 26.58 26.56 26.56 26.56 26.58 26.62 26.63 26.63 26.65 26.65 26.62 26.59 26.60 26.59 26.60 26.61 26.62 26.63 26.64 26.62 26.63 26.64 26.65 26.66 26.67 26.67 26.70 26.70 26.69 26.68 26.67 26.64 26.63 26.61 26.59 26.57 26.53 26.52 26.50 26.52 26.52 26.53
26.50 26.51 26.53 26.55 26.57 26.60 26.63 26.61 26.65 26.68 26.71 26.74 26.77 26.79 26.81 26.83 26.84 26.86 26.85 26.85 26.83 26.84 26.82 26.79 26.75 26.73 26.70 26.70 26.67 26.65 26.61 26.63 26.62 26.61 26.60 26.58 26.57 26.57 26.58 26.59 26.62 26.63 26.64 26.64 26.61 26.58 26.59 26.60 26.61 26.60 26.61 26.62 26.63 26.64 26.63 26.64 26.66 26.67 26.68 26.69 26.69 26.72 26.72 26.71 26.70 26.70 26.66 26.64 26.62 26.60 26.58 26.55 26.53 26.51 26.54 26.54 26.54
26.52 26.53 26.55 26.57 26.59 26.61 26.64 26.68 26.71 26.70 26.73 26.76 26.79 26.81 26.83 26.84 26.84 26.86 26.85 26.84 26.82 26.83 26.81 26.78 26.74 26.71 26.71 26.68 26.66 26.64 26.63 26.61 26.61 26.61 26.60 26.58 26.59 26.59 26.59 26.60 26.63 26.64 26.64 26.61 26.61 26.58 26.59 26.60 26.64 26.61 26.62 26.63 26.64 26.65 26.64 26.66 26.68 26.69 26.71 26.71 26.72 26.74 26.74 26.75 26.74 26.72 26.70 26.66 26.64 26.62 26.60 26.56 26.55 26.57 26.56 26.55 26.56
26.53 26.55 26.57 26.58 26.60 26.63 26.66 26.69 26.73 26.76 26.79 26.78 26.80 26.82 26.84 26.85 26.85 26.88 26.85 26.84 26.86 26.82 26.79 26.76 26.73 26.74 26.71 26.67 26.65 26.63 26.62 26.61 26.60 26.61 26.60 26.59 26.60 26.60 26.61 26.61 26.62 26.65 26.63 26.61 26.61 26.62 26.59 26.63 26.64 26.62 26.63 26.63 26.65 26.66 26.70 26.68 26.70 26.71 26.74 26.75 26.74 26.77 26.78 26.77 26.76 26.74 26.72 26.68 26.66 26.64 26.61 26.59 26.56 26.58 26.57 26.57 26.58
26.55 26.57 26.58 26.60 26.62 26.64 26.67 26.71 26.74 26.78 26.81 26.84 26.86 26.84 26.85 26.86 26.86 26.88 26.87 26.84 26.85 26.81 26.78 26.75 26.75 26.72 26.70 26.68 26.64 26.63 26.62 26.63 26.63 26.61 26.61 26.60 26.60 26.62 26.62 26.63 26.63 26.64 26.61 26.61 26.62 26.62 26.60 26.63 26.61 26.62 26.63 26.65 26.66 26.68 26.72 26.74 26.72 26.75 26.77 26.77 26.78 26.80 26.80 26.79 26.78 26.76 26.74 26.72 26.68 26.65 26.62 26.60 26.58 26.59 26.58 26.59 26.59
26.56 26.57 26.59 26.60 26.62 26.65 26.69 26.72 26.76 26.80 26.83 26.85 26.87 26.89 26.90 26.87 26.87 26.89 26.88 26.88 26.85 26.81 26.77 26.77 26.73 26.71 26.69 26.67 26.64 26.62 26.62 26.63 26.63 26.62 26.62 26.61 26.61 26.63 26.64 26.64 26.64 26.63 26.62 26.62 26.63 26.63 26.63 26.64 26.62 26.63 26.64 26.65 26.66 26.69 26.73 26.76 26.76 26.78 26.79 26.80 26.81 26.83 26.82 26.82 26.80 26.78 26.76 26.73 26.70 26.66 26.63 26.61 26.59 26.60 26.60 26.59 26.59
26.56 26.57 26.59 26.61 26.63 26.66 26.69 26.73 26.77 26.81 26.84 26.87 26.88 26.90 26.91 26.91 26.91 26.90 26.89 26.89 26.86 26.83 26.79 26.75 26.72 26.69 26.68 26.66 26.65 26.63 26.62 26.64 26.64 26.65 26.63 26.62 26.63 26.64 26.65 26.65 26.65 26.64 26.64 26.63 26.63 26.64 26.64 26.64 26.62 26.63 26.64 26.68 26.70 26.73 26.75 26.78 26.78 26.80 26.82 26.85 26.86 26.85 26.85 26.84 26.82 26.80 26.77 26.74 26.71 26.68 26.63 26.65 26.63 26.61 26.60 26.60 26.59
26.56 26.57 26.59 26.60 26.63 26.66 26.70 26.74 26.78 26.82 26.85 26.88 26.89 26.90 26.91 26.92 26.92 26.91 26.90 26.90 26.88 26.83 26.78 26.74 26.71 26.68 26.67 26.66 26.65 26.63 26.65 26.65 26.65 26.67 26.68 26.62 26.64 26.65 26.64 26.66 26.67 26.65 26.65 26.64 26.64 26.64 26.65 26.63 26.63 26.63 26.64 26.67 26.70 26.74 26.77 26.80 26.81 26.83 26.86 26.87 26.88 26.88 26.86 26.85 26.83 26.81 26.78 26.75 26.71 26.68 26.70 26.64 26.62 26.60 26.60 26.59 26.59
26.55 26.56 26.57 26.60 26.63 26.66 26.70 26.74 26.79 26.83 26.86 26.88 26.90 26.91 26.91 26.92 26.92 26.92 26.92 26.94 26.89 26.83 26.78 26.72 26.70 26.68 26.67 26.66 26.65 26.65 26.66 26.66 26.67 26.69 26.69 26.66 26.64 26.66 26.67 26.67 26.68 26.66 26.66 26.66 26.65 26.65 26.66 26.64 26.64 26.64 26.66 26.67 26.70 26.74 26.79 26.83 26.84 26.87 26.88 26.89 26.90 26.89 26.87 26.86 26.84 26.82 26.78 26.74 26.71 26.67 26.69 26.63 26.61 26.59 26.59 26.58 26.58
26.54 26.55 26.56 26.59 26.62 26.65 26.69 26.73 26.78 26.82 26.85 26.87 26.89 26.90 26.91 26.92 26.92 26.92 26.93 26.93 26.88 26.83 26.78 26.74 26.71 26.70 26.68 26.67 26.66 26.67 26.68 26.68 26.69 26.68 26.71 26.68 26.67 26.68 26.65 26.68 26.69 26.67 26.67 26.67 26.66 26.67 26.67 26.64 26.65 26.65 26.67 26.68 26.71 26.75 26.79 26.83 26.86 26.87 26.88 26.89 26.90 26.89 26.88 26.85 26.83 26.81 26.77 26.73 26.69 26.66 26.66 26.64 26.63 26.58 26.57 26.57 26.57
26.52 26.53 26.54 26.56 26.60 26.64 26.68 26.72 26.76 26.80 26.84 26.86 26.88 26.90 26.91 26.91 26.91 26.93 26.92 26.92 26.88 26.84 26.80 26.76 26.74 26.72 26.70 26.70 26.69 26.69 26.70 26.71 26.71 26.70 26.70 26.70 26.70 26.69 26.67 26.70 26.68 26.68 26.68 26.68 26.66 26.67 26.68 26.65 26.66 26.68 26.69 26.71 26.73 26.76 26.80 26.85 26.86 26.87 26.88 26.88 26.89 26.88 26.87 26.85 26.82 26.79 26.75 26.71 26.67 26.67 26.64 26.62 26.61 26.56 26.55 26.55 26.55
26.50 26.51 26.53 26.55 26.59 26.62 26.66 26.70 26.75 26.78 26.82 26.85 26.87 26.89 26.90 26.90 26.92 26.92 26.90 26.91 26.88 26.85 26.81 26.79 26.77 26.75 26.74 26.73 26.72 26.72 26.73 26.73 26.74 26.72 26.72 26.72 26.71 26.71 26.71 26.71 26.69 26.69 26.69 26.66 26.66 26.68 26.68 26.66 26.69 26.70 26.71 26.72 26.75 26.77 26.82 26.85 26.85 26.86 26.87 26.87 26.87 26.86 26.85 26.83 26.79 26.76 26.73 26.69 26.65 26.65 26.62 26.59 26.58 26.57 26.53 26.53 26.53
26.48 26.49 26.50 26.53 26.56 26.60 26.64 26.68 26.72 26.76 26.80 26.83 26.86 26.88 26.89 26.92 26.91 26.91 26.89 26.90 26.88 26.86 26.84 26.81 26.80 26.78 26.77 26.76 26.75 26.75 26.76 26.76 26.76 26.75 26.75 26.74 26.73 26.73 26.72 26.72 26.70 26.70 26.70 26.67 26.67 26.69 26.69 26.67 26.70 26.71 26.72 26.74 26.76 26.81 26.83 26.84 26.84 26.85 26.86 26.87 26.86 26.85 26.83 26.81 26.78 26.73 26.70 26.66 26.65 26.62 26.59 26.56 26.55 26.54 26.50 26.50 26.54
26.47 26.48 26.50 26.52 26.55 26.57 26.61 26.65 26.69 26.73 26.77 26.81 26.84 26.87 26.90 26.91 26.91 26.90 26.89 26.90 26.88 26.87 26.85 26.84 26.83 26.82 26.81 26.80 26.79 26.78 26.78 26.79 26.79 26.76 26.76 26.75 26.75 26.74 26.74 26.73 26.72 26.72 26.70 26.70 26.70 26.68 26.68 26.70 26.71 26.72 26.74 26.75 26.80 26.81 26.83 26.84 26.84 26.85 26.85 26.85 26.85 26.83 26.81 26.78 26.75 26.71 26.67 26.63 26.62 26.59 26.56 26.53 26.51 26.51 26.52 26.50 26.51
26.44 26.45 26.46 26.49 26.52 26.56 26.58 26.62 26.66 26.71 26.75 26.79 26.83 26.88 26.90 26.91 26.90 26.90 26.89 26.90 26.89 26.88 26.88 26.87 26.86 26.85 26.84 26.84 26.82 26.82 26.82 26.81 26.79 26.78 26.78 26.77 26.76 26.76 26.74 26.73 26.71 26.70 26.72 26.70 26.70 26.71 26.72 26.71 26.72 26.73 26.75 26.79 26.80 26.82 26.83 26.84 26.83 26.84 26.85 26.84 26.84 26.82 26.79 26.76 26.73 26.69 26.66 26.62 26.59 26.56 26.53 26.50 26.49 26.50 26.49 26.47 26.48
26.40 26.41 26.43 26.46 26.49 26.52 26.56 26.59 26.63 26.68 26.73 26.77 26.83 26.87 26.89 26.91 26.90 26.89 26.89 26.90 26.90 26.90 26.90 26.90 26.89 26.89 26.88 26.87 26.86 26.85 26.85 26.84 26.81 26.80 26.79 26.78 26.77 26.76 26.74 26.73 26.73 26.71 26.72 26.72 26.70 26.72 26.72 26.73 26.73 26.74 26.78 26.80 26.81 26.82 26.83 26.84 26.83 26.84 26.84 26.84 26.83 26.81 26.79 26.75 26.71 26.67 26.63 26.60 26.57 26.54 26.51 26.50 26.48 26.47 26.46 26.47 26.45
26.34 26.35 26.39 26.43 26.46 26.50 26.53 26.57 26.60 26.65 26.70 26.77 26.82 26.87 26.90 26.91 26.90 26.89 26.88 26.90 26.90 26.91 26.92 26.93 26.93 26.92 26.92 26.91 26.89 26.88 26.87 26.86 26.83 26.82 26.80 26.79 26.78 26.76 26.74 26.74 26.73 26.71 26.73 26.73 26.73 26.72 26.73 26.73 26.73 26.78 26.79 26.80 26.81 26.82 26.83 26.84 26.83 26.84 26.84 26.84 26.82 26.80 26.78 26.74 26.69 26.65 26.61 26.61 26.58 26.54 26.51 26.48 26.46 26.44 26.43 26.44 26.43
26.29 26.31 26.35 26.38 26.44 26.47 26.51 26.55 26.59 26.62 26.69 26.75 26.81 26.87 26.91 26.91 26.90 26.89 26.88 26.89 26.91 26.93 26.95 26.96 26.96 26.95 26.95 26.94 26.93 26.89 26.87 26.88 26.83 26.82 26.77 26.79 26.75 26.72 26.70 26.72 26.68 26.69 26.69 26.73 26.74 26.74 26.73 26.77 26.77 26.78 26.80 26.81 26.82 26.83 26.84 26.84 26.84 26.84 26.84 26.84 26.83 26.80 26.77 26.73 26.69 26.64 26.63 26.60 26.57 26.53 26.50 26.47 26.45 26.42 26.40 26.41 26.42
26.28 26.30 26.33 26.37 26.41 26.44 26.48 26.51 26.55 26.61 26.66 26.72 26.78 26.84 26.89 26.90 26.89 26.88 26.87 26.89 26.91 26.94 26.96 26.97 26.97 26.97 26.96 26.95 26.93 26.91 26.88 26.87 26.85 26.83 26.80 26.79 26.73 26.71 26.70 26.69 26.71 26.70 26.69 26.74 26.73 26.74 26.74 26.79 26.78 26.79 26.81 26.82 26.83 26.83 26.84 26.85 26.84 26.84 26.84 26.84 26.83 26.81 26.78 26.74 26.69 26.65 26.65 26.63 26.60 26.57 26.53 26.50 26.45 26.42 26.40 26.42 26.46
26.31 26.31 26.34 26.37 26.40 26.43 26.47 26.50 26.56 26.60 26.66 26.71 26.77 26.82 26.86 26.88 26.89 26.88 26.88 26.91 26.93 26.95 26.97 26.98 26.99 26.98 26.97 26.94 26.94 26.92 26.91 26.90 26.88 26.88 26.86 26.80 26.76 26.71 26.71 26.73 26.72 26.74 26.74 26.74 26.74 26.74 26.74 26.79 26.80 26.80 26.81 26.82 26.83 26.83 26.84 26.85 26.84 26.84 26.84 26.84 26.83 26.81 26.78 26.74 26.71 26.67 26.67 26.64 26.62 26.58 26.55 26.52 26.47 26.45 26.44 26.45 26.52
26.34 26.34 26.35 26.37 26.40 26.43 26.47 26.52 26.56 26.60 26.65 26.70 26.75 26.80 26.84 26.86 26.88 26.89 26.90 26.93 26.95 26.97 26.98 26.99 26.99 26.99 26.96 26.94 26.94 26.92 26.92 26.91 26.89 26.88 26.86 26.80 26.75 26.73 26.71 26.72 26.72 26.74 26.74 26.74 26.73 26.76 26.74 26.75 26.76 26.80 26.81 26.82 26.83 26.84 26.84 26.85 26.84 26.84 26.84 26.84 26.83 26.82 26.79 26.77 26.73 26.70 26.70 26.67 26.66 26.63 26.58 26.55 26.51 26.49 26.49 26.50 26.56
26.37 26.37 26.38 26.39 26.41 26.44 26.49 26.52 26.56 26.59 26.64 26.69 26.74 26.78 26.82 26.85 26.87 26.89 26.90 26.94 26.96 26.98 26.99 27.00 27.00 26.97 26.96 26.95 26.94 26.93 26.92 26.90 26.89 26.88 26.86 26.79 26.75 26.73 26.70 26.69 26.74 26.74 26.74 26.73 26.73 26.76 26.76 26.75 26.76 26.77 26.81 26.82 26.83 26.84 26.84 26.85 26.84 26.84 26.85 26.85 26.84 26.83 26.81 26.79 26.76 26.73 26.73 26.70 26.69 26.66 26.64 26.61 26.59 26.54 26.54 26.58 26.60
26.40 26.40 26.40 26.41 26.43 26.47 26.50 26.52 26.55 26.59 26.63 26.68 26.73 26.77 26.80 26.84 26.86 26.89 26.91 26.95 26.97 26.99 27.00 27.01 26.98 26.98 26.96 26.95 26.94 26.93 26.91 26.91 26.89 26.86 26.85 26.77 26.74 26.72 26.71 26.68 26.73 26.73 26.77 26.75 26.73 26.73 26.74 26.75 26.76 26.77 26.78 26.82 26.83 26.84 26.84 26.85 26.84 26.84 26.85 26.85 26.85 26.85 26.83 26.81 26.79 26.79 26.77 26.74 26.73 26.70 26.68 26.66 26.63 26.61 26.58 26.63 26.65
26.43 26.43 26.43 26.43 26.48 26.49 26.51 26.53 26.55 26.59 26.63 26.67 26.72 26.76 26.80 26.83 26.86 26.88 26.91 26.95 26.97 26.99 27.00 26.99 26.99 26.98 26.96 26.95 26.93 26.92 26.90 26.91 26.89 26.85 26.79 26.74 26.73 26.71 26.70 26.69 26.72 26.72 26.74 26.75 26.75 26.75 26.76 26.74 26.76 26.77 26.78 26.80 26.83 26.84 26.84 26.85 26.83 26.84 26.85 26.86 26.87 26.87 26.86 26.84 26.82 26.83 26.81 26.78 26.77 26.74 26.72 26.70 26.67 26.67 26.70 26.67 26.67
26.49 26.48 26.47 26.48 26.53 26.54 26.55 26.57 26.59 26.58 26.62 26.67 26.71 26.76 26.80 26.83 26.86 26.88 26.91 26.95 26.97 26.99 26.99 26.99 26.99 26.98 26.96 26.94 26.93 26.91 26.88 26.90 26.86 26.83 26.77 26.73 26.71 26.70 26.68 26.69 26.71 26.71 26.73 26.74 26.74 26.74 26.75 26.73 26.75 26.77 26.79 26.80 26.81 26.84 26.84 26.84 26.83 26.84 26.86 26.88 26.89 26.89 26.88 26.87 26.89 26.87 26.85 26.82 26.83 26.78 26.76 26.75 26.72 26.71 26.74 26.72 26.74
26.52 26.51 26.50 26.55 26.55 26.56 26.56 26.57 26.59 26.61 26.64 26.69 26.71 26.76 26.80 26.83 26.86 26.88 26.91 26.95 26.97 26.98 26.99 27.00 26.99 26.98 26.96 26.93 26.92 26.89 26.90 26.87 26.84 26.81 26.75 26.71 26.68 26.69 26.69 26.68 26.70 26.72 26.72 26.75 26.75 26.73 26.74 26.72 26.74 26.77 26.79 26.81 26.82 26.82 26.84 26.84 26.83 26.84 26.87 26.89 26.90 26.91 26.91 26.90 26.92 26.90 26.88 26.89 26.87 26.85 26.82 26.81 26.80 26.78 26.80 26.76 26.78
26.55 26.54 26.53 26.58 26.57 26.57 26.58 26.58 26.59 26.60 26.63 26.68 26.73 26.78 26.80 26.83 26.86 26.89 26.91 26.95 26.95 26.97 26.99 27.00 26.99 26.97 26.95 26.91 26.89 26.86 26.83 26.85 26.82 26.77 26.74 26.72 26.68 26.67 26.67 26.72 26.74 26.74 26.73 26.74 26.74 26.73 26.74 26.75 26.76 26.78 26.81 26.83 26.82 26.82 26.81 26.83 26.82 26.84 26.87 26.90 26.92 26.96 26.96 26.95 26.95 26.95 26.93 26.91 26.91 26.89 26.86 26.85 26.84 26.82 26.81 26.82 26.83
26.60 26.59 26.61 26.60 26.60 26.60 26.59 26.59 26.59 26.59 26.63 26.68 26.73 26.78 26.82 26.85 26.87 26.88 26.91 26.93 26.95 26.97 26.98 27.00 26.97 26.95 26.92 26.89 26.87 26.84 26.81 26.83 26.80 26.75 26.72 26.70 26.71 26.69 26.72 26.74 26.74 26.73 26.72 26.72 26.73 26.72 26.72 26.71 26.74 26.78 26.81 26.84 26.84 26.83 26.83 26.82 26.82 26.85 26.88 26.92 26.95 26.97 26.97 26.97 26.98 26.98 26.96 26.94 26.92 26.90 26.88 26.87 26.85 26.87 26.85 26.85 26.87
26.63 26.62 26.61 26.60 26.62 26.62 26.62 26.61 26.61 26.62 26.65 26.69 26.73 26.77 26.81 26.84 26.86 26.88 26.92 26.92 26.93 26.95 26.96 26.97 26.94 26.92 26.90 26.87 26.84 26.82 26.79 26.80 26.77 26.76 26.75 26.71 26.69 26.69 26.70 26.70 26.72 26.73 26.73 26.71 26.72 26.72 26.72 26.71 26.74 26.77 26.80 26.82 26.82 26.82 26.83 26.84 26.87 26.87 26.88 26.92 26.95 26.96 26.97 26.99 26.99 26.99 26.97 26.96 26.94 26.93 26.91 26.90 26.92 26.90 26.88 26.88 26.89
26.66 26.65 26.64 26.62 26.62 26.64 26.64 26.64 26.64 26.65 26.67 26.70 26.73 26.76 26.79 26.82 26.84 26.86 26.89 26.91 26.93 26.92 26.93 26.94 26.91 26.89 26.87 26.85 26.82 26.79 26.79 26.76 26.80 26.75 26.73 26.71 26.68 26.67 26.68 26.71 26.72 26.71 26.71 26.73 26.74 26.71 26.72 26.71 26.74 26.76 26.79 26.80 26.83 26.83 26.83 26.84 26.87 26.88 26.90 26.93 26.94 26.95 26.96 26.98 26.99 26.99 26.98 26.97 26.96 26.94 26.93 26.94 26.94 26.92 26.90 26.90 26.91
26.69 26.67 26.66 26.65 26.64 26.63 26.66 26.66 26.66 26.67 26.68 26.69 26.71 26.74 26.78 26.81 26.83 26.81 26.88 26.89 26.89 26.89 26.90 26.90 26.90 26.86 26.84 26.82 26.79 26.79 26.77 26.80 26.78 26.73 26.71 26.69 26.66 26.65 26.66 26.67 26.70 26.70 26.70 26.71 26.73 26.74 26.72 26.71 26.73 26.75 26.78 26.80 26.82 26.82 26.84 26.85 26.87 26.86 26.88 26.92 26.94 26.96 26.99 26.98 26.98 26.98 26.98 26.97 26.94 26.93 26.92 26.96 26.95 26.94 26.94 26.92 26.93
26.71 26.70 26.69 26.68 26.67 26.66 26.64 26.64 26.66 26.67 26.68 26.70 26.72 26.74 26.77 26.75 26.77 26.79 26.81 26.85 26.87 26.88 26.89 26.87 26.87 26.86 26.84 26.79 26.76 26.82 26.79 26.77 26.76 26.71 26.69 26.66 26.64 26.63 26.64 26.65 26.69 26.70 26.71 26.73 26.74 26.75 26.76 26.71 26.77 26.77 26.78 26.79 26.81 26.81 26.84 26.85 26.84 26.85 26.87 26.88 26.94 26.97 26.98 26.99 26.99 26.98 26.95 26.95 26.94 26.93 26.97 26.94 26.94 26.96 26.97 26.94 26.94
26.75 26.74 26.73 26.72 26.71 26.70 26.66 26.65 26.65 26.68 26.69 26.70 26.75 26.76 26.78 26.74 26.75 26.77 26.85 26.86 26.84 26.85 26.86 26.90 26.85 26.83 26.82 26.79 26.82 26.80 26.77 26.75 26.73 26.69 26.67 26.66 26.62 26.61 26.61 26.65 26.65 26.67 26.68 26.72 26.74 26.75 26.77 26.76 26.77 26.79 26.80 26.81 26.82 26.82 26.83 26.84 26.82 26.83 26.85 26.86 26.88 26.96 26.97 26.98 26.99 26.99 26.95 26.95 26.91 26.91 26.96 26.97 26.96 26.96 26.93 26.92 26.92
