data/Validacao/T181115.grd
DSAA
94	94
0.0000	100.0000
0.0000	100.0000
25.9470	27.7335
[rows 0 to 33 of 94, columns 0 to 76 of 94]
27.19 27.17 27.14 27.12 27.10 27.07 27.04 27.01 26.98 26.96 26.94 26.93 26.92 26.92 26.92 26.93 26.94 26.97 26.99 27.00 27.02 27.02 27.03 27.04 27.04 27.04 27.03 27.02 27.00 26.99 26.96 26.95 26.93 26.90 26.88 26.85 26.82 26.80 26.81 26.83 26.87 26.90 26.94 26.98 27.02 27.07 27.11 27.14 27.16 27.18 27.19 27.18 27.17 27.16 27.15 27.12 27.09 27.05 27.02 26.98 26.96 26.94 26.93 26.93 26.94 26.95 26.98 27.01 27.05 27.08 27.12 27.14 27.16 27.18 27.19 27.18 27.14
27.17 27.15 27.12 27.10 27.07 27.04 27.01 26.98 26.95 26.92 26.90 26.89 26.89 26.88 26.89 26.90 26.91 26.94 26.96 26.98 26.99 27.01 27.02 27.03 27.04 27.04 27.04 27.01 27.00 26.99 26.98 26.96 26.94 26.92 26.89 26.86 26.84 26.83 26.83 26.85 26.89 26.92 26.96 27.01 27.05 27.10 27.16 27.19 27.19 27.21 27.21 27.21 27.19 27.17 27.15 27.12 27.08 27.04 27.00 26.97 26.94 26.92 26.91 26.91 26.92 26.94 26.97 27.00 27.03 27.07 27.11 27.13 27.15 27.17 27.18 27.16 27.13
27.14 27.12 27.10 27.07 27.04 27.01 26.97 26.94 26.91 26.89 26.87 26.85 26.85 26.85 26.85 26.86 26.88 26.89 26.92 26.95 26.97 26.99 27.01 27.02 27.04 27.04 27.04 27.02 27.01 27.00 26.99 26.97 26.96 26.93 26.91 26.89 26.87 26.86 26.86 26.87 26.91 26.95 26.99 27.03 27.10 27.15 27.18 27.21 27.22 27.23 27.23 27.23 27.21 27.19 27.16 27.12 27.08 27.03 26.99 26.95 26.92 26.89 26.88 26.89 26.90 26.93 26.95 26.98 27.02 27.05 27.09 27.12 27.14 27.15 27.15 27.14 27.12
27.11 27.10 27.08 27.05 27.02 26.98 26.94 26.91 26.87 26.85 26.83 26.83 26.82 26.82 26.82 26.83 26.84 26.86 26.89 26.91 26.94 26.97 26.99 27.02 27.04 27.04 27.02 27.03 27.02 27.01 27.00 26.99 26.97 26.96 26.94 26.92 26.90 26.89 26.89 26.90 26.92 26.97 27.01 27.08 27.12 27.16 27.19 27.22 27.23 27.25 27.25 27.24 27.22 27.20 27.16 27.12 27.07 27.01 26.96 26.92 26.89 26.86 26.85 26.87 26.88 26.91 26.94 26.96 27.00 27.04 27.08 27.10 27.12 27.14 27.14 27.13 27.10
27.10 27.08 27.06 27.03 27.00 26.96 26.91 26.87 26.84 26.82 26.80 26.80 26.80 26.80 26.80 26.81 26.81 26.83 26.85 26.88 26.91 26.94 26.98 27.01 27.04 27.04 27.04 27.03 27.03 27.02 27.01 27.00 27.00 26.99 26.97 26.95 26.94 26.93 26.92 26.93 26.95 26.96 27.03 27.09 27.13 27.16 27.20 27.22 27.24 27.26 27.26 27.25 27.24 27.21 27.15 27.11 27.05 26.99 26.93 26.89 26.85 26.82 26.83 26.84 26.86 26.88 26.92 26.95 26.99 27.03 27.07 27.09 27.11 27.12 27.12 27.11 27.10
27.09 27.07 27.05 27.02 26.98 26.94 26.89 26.85 26.81 26.79 26.78 26.77 26.78 26.78 26.79 26.79 26.79 26.79 26.81 26.84 26.88 26.92 26.97 27.00 27.03 27.05 27.06 27.04 27.04 27.03 27.03 27.02 27.01 27.01 26.99 26.98 26.97 26.96 26.94 26.95 26.96 26.99 27.05 27.09 27.13 27.16 27.20 27.22 27.25 27.27 27.27 27.27 27.24 27.21 27.15 27.09 27.03 26.96 26.90 26.85 26.81 26.79 26.79 26.80 26.83 26.87 26.91 26.95 26.98 27.02 27.06 27.08 27.10 27.11 27.12 27.11 27.09
27.08 27.07 27.04 27.01 26.97 26.92 26.87 26.83 26.79 26.76 26.76 26.76 26.77 26.78 26.78 26.78 26.77 26.76 26.77 26.80 26.84 26.90 26.95 27.00 27.04 27.06 27.07 27.06 27.05 27.05 27.04 27.04 27.03 27.03 27.02 27.01 27.00 26.99 26.96 26.96 26.97 26.99 27.05 27.09 27.12 27.16 27.19 27.21 27.25 27.27 27.28 27.27 27.25 27.20 27.13 27.07 27.00 26.92 26.86 26.80 26.76 26.74 26.75 26.77 26.81 26.86 26.90 26.94 26.98 27.02 27.05 27.08 27.10 27.11 27.12 27.11 27.09
27.09 27.07 27.05 27.01 26.97 26.92 26.86 26.81 26.77 26.75 26.74 26.75 26.77 26.79 26.79 26.78 26.76 26.74 26.73 26.75 26.81 26.88 26.95 27.01 27.06 27.08 27.09 27.08 27.07 27.06 27.06 27.05 27.06 27.05 27.04 27.03 27.02 27.00 26.96 26.96 26.97 26.98 27.02 27.08 27.11 27.14 27.17 27.20 27.24 27.27 27.28 27.28 27.25 27.19 27.12 27.04 26.96 26.88 26.81 26.74 26.70 26.68 26.70 26.74 26.80 26.85 26.90 26.95 26.99 27.02 27.05 27.08 27.10 27.12 27.12 27.11 27.09
27.11 27.08 27.06 27.02 26.98 26.92 26.87 26.81 26.76 26.73 26.73 26.75 26.79 26.81 26.82 26.80 26.76 26.71 26.68 26.70 26.77 26.86 26.96 27.03 27.08 27.10 27.10 27.10 27.09 27.08 27.07 27.07 27.08 27.07 27.05 27.05 27.03 27.01 27.00 26.96 26.95 26.98 27.00 27.06 27.08 27.11 27.14 27.19 27.22 27.25 27.28 27.28 27.25 27.18 27.10 27.01 26.93 26.84 26.76 26.68 26.62 26.62 26.66 26.72 26.79 26.86 26.91 26.95 26.99 27.03 27.06 27.09 27.11 27.13 27.13 27.12 27.10
27.12 27.11 27.08 27.04 27.00 26.95 26.89 26.83 26.77 26.72 26.73 26.77 26.81 26.85 26.87 26.83 26.77 26.71 26.65 26.65 26.75 26.86 26.97 27.06 27.10 27.11 27.11 27.10 27.10 27.08 27.09 27.08 27.09 27.08 27.06 27.06 27.03 27.02 26.98 26.95 26.94 26.96 26.98 27.00 27.05 27.08 27.12 27.15 27.18 27.22 27.26 27.29 27.23 27.15 27.07 26.98 26.89 26.81 26.72 26.63 26.55 26.56 26.63 26.71 26.79 26.88 26.93 26.96 27.00 27.04 27.07 27.10 27.12 27.15 27.15 27.13 27.11
27.15 27.14 27.11 27.07 27.03 26.98 26.93 26.87 26.82 26.77 26.78 26.81 26.85 26.88 26.89 26.85 26.79 26.73 26.68 26.69 26.77 26.87 26.96 27.05 27.09 27.10 27.10 27.10 27.09 27.09 27.09 27.09 27.10 27.09 27.07 27.06 27.03 27.01 26.99 26.93 26.92 26.94 26.94 26.96 27.01 27.04 27.06 27.09 27.12 27.16 27.19 27.21 27.17 27.10 27.02 26.94 26.86 26.78 26.70 26.62 26.56 26.56 26.63 26.71 26.79 26.87 26.93 26.97 27.01 27.05 27.09 27.12 27.14 27.17 27.17 27.15 27.13
27.18 27.17 27.15 27.11 27.08 27.03 26.99 26.94 26.90 26.86 26.86 26.87 26.89 26.90 26.90 26.87 26.83 26.78 26.76 26.77 26.82 26.89 26.96 27.02 27.06 27.08 27.09 27.09 27.08 27.08 27.08 27.10 27.11 27.10 27.08 27.04 27.02 27.01 26.98 26.93 26.91 26.90 26.90 26.91 26.95 26.98 27.00 27.02 27.04 27.06 27.08 27.09 27.07 27.02 26.97 26.90 26.84 26.77 26.70 26.64 26.60 26.61 26.65 26.72 26.79 26.86 26.92 26.97 27.02 27.07 27.11 27.14 27.16 27.19 27.19 27.18 27.16
27.22 27.21 27.19 27.17 27.13 27.09 27.05 27.01 26.98 26.95 26.94 26.93 26.94 26.93 26.93 26.90 26.87 26.84 26.83 26.83 26.86 26.91 26.96 27.00 27.04 27.06 27.07 27.08 27.08 27.08 27.08 27.11 27.11 27.10 27.08 27.04 27.01 26.99 26.96 26.92 26.89 26.87 26.87 26.89 26.89 26.92 26.92 26.93 26.94 26.96 26.98 26.99 26.97 26.95 26.91 26.86 26.81 26.76 26.71 26.66 26.64 26.65 26.68 26.73 26.79 26.85 26.92 26.97 27.04 27.09 27.13 27.17 27.19 27.21 27.22 27.21 27.19
27.26 27.25 27.24 27.23 27.19 27.16 27.13 27.09 27.06 27.03 27.01 27.00 26.99 26.98 26.96 26.94 26.91 26.89 26.88 26.89 26.90 26.93 26.96 26.99 27.02 27.04 27.05 27.06 27.07 27.07 27.08 27.11 27.11 27.10 27.08 27.03 27.01 26.98 26.94 26.92 26.86 26.84 26.82 26.83 26.82 26.84 26.84 26.84 26.84 26.86 26.88 26.89 26.89 26.88 26.85 26.83 26.79 26.75 26.72 26.70 26.68 26.68 26.71 26.75 26.80 26.85 26.91 26.98 27.05 27.11 27.15 27.19 27.22 27.24 27.26 27.25 27.22
27.30 27.30 27.30 27.28 27.26 27.23 27.20 27.17 27.14 27.11 27.09 27.06 27.05 27.02 27.00 26.98 26.95 26.94 26.94 26.93 26.94 26.95 26.97 26.99 27.00 27.02 27.03 27.05 27.07 27.09 27.10 27.09 27.09 27.10 27.08 27.03 27.00 26.97 26.93 26.90 26.84 26.81 26.80 26.77 26.75 26.74 26.74 26.73 26.74 26.77 26.79 26.80 26.81 26.81 26.81 26.79 26.78 26.75 26.73 26.72 26.71 26.71 26.74 26.77 26.81 26.86 26.92 26.98 27.06 27.12 27.17 27.22 27.26 27.26 27.28 27.28 27.26
27.34 27.35 27.35 27.34 27.32 27.30 27.27 27.24 27.22 27.19 27.16 27.13 27.10 27.06 27.04 27.01 27.00 26.99 26.98 26.97 26.97 26.97 26.97 26.98 26.99 27.00 27.01 27.03 27.06 27.06 27.07 27.09 27.09 27.08 27.05 27.01 26.99 26.96 26.93 26.90 26.86 26.81 26.75 26.71 26.68 26.63 26.62 26.64 26.65 26.68 26.70 26.73 26.75 26.76 26.77 26.77 26.77 26.75 26.74 26.73 26.74 26.75 26.76 26.79 26.82 26.87 26.93 26.99 27.07 27.14 27.19 27.24 27.29 27.29 27.31 27.32 27.30
27.39 27.39 27.39 27.38 27.37 27.36 27.34 27.31 27.29 27.26 27.22 27.18 27.14 27.10 27.07 27.05 27.03 27.03 27.02 27.01 26.99 26.98 26.97 26.97 26.97 26.98 26.99 27.01 27.03 27.05 27.06 27.08 27.08 27.07 27.05 27.02 26.99 26.96 26.93 26.89 26.85 26.79 26.71 26.66 26.61 26.56 26.54 26.54 26.57 26.60 26.63 26.67 26.70 26.73 26.75 26.76 26.76 26.76 26.75 26.75 26.75 26.77 26.79 26.81 26.84 26.88 26.94 27.00 27.08 27.15 27.21 27.26 27.29 27.34 27.36 27.36 27.34
27.43 27.44 27.43 27.42 27.41 27.40 27.38 27.37 27.35 27.32 27.28 27.23 27.18 27.13 27.09 27.07 27.06 27.06 27.05 27.04 27.01 26.99 26.97 26.95 26.95 26.96 26.98 26.99 27.03 27.05 27.05 27.08 27.08 27.07 27.05 27.02 27.00 26.97 26.94 26.89 26.84 26.76 26.68 26.61 26.54 26.48 26.45 26.45 26.49 26.53 26.58 26.63 26.67 26.70 26.73 26.76 26.77 26.77 26.77 26.76 26.77 26.78 26.81 26.83 26.85 26.89 26.94 27.01 27.07 27.15 27.22 27.28 27.32 27.38 27.41 27.41 27.38
27.47 27.47 27.46 27.45 27.44 27.43 27.42 27.40 27.39 27.38 27.33 27.26 27.20 27.14 27.10 27.08 27.07 27.07 27.08 27.07 27.03 26.99 26.95 26.93 26.93 26.95 26.96 26.98 27.01 27.04 27.04 27.05 27.05 27.05 27.04 27.02 27.00 26.99 26.94 26.88 26.82 26.74 26.67 26.58 26.50 26.43 26.37 26.37 26.43 26.49 26.55 26.60 26.65 26.69 26.73 26.76 26.79 26.79 26.78 26.78 26.79 26.80 26.82 26.84 26.87 26.89 26.94 27.01 27.08 27.16 27.22 27.29 27.34 27.40 27.46 27.46 27.42
27.49 27.48 27.46 27.45 27.44 27.43 27.43 27.42 27.40 27.39 27.34 27.26 27.20 27.14 27.10 27.08 27.07 27.07 27.08 27.08 27.02 26.98 26.94 26.91 26.91 26.93 26.95 26.97 27.00 27.03 27.03 27.04 27.05 27.04 27.02 27.02 27.01 27.00 26.95 26.88 26.81 26.73 26.66 26.58 26.49 26.42 26.36 26.36 26.42 26.49 26.55 26.60 26.65 26.70 26.75 26.78 26.81 26.81 26.81 26.81 26.81 26.82 26.83 26.86 26.88 26.90 26.94 27.01 27.08 27.12 27.18 27.25 27.34 27.41 27.47 27.47 27.43
27.46 27.46 27.45 27.44 27.43 27.43 27.42 27.41 27.39 27.37 27.32 27.26 27.21 27.15 27.09 27.06 27.05 27.04 27.08 27.06 27.03 26.97 26.94 26.91 26.94 26.95 26.97 26.98 26.99 27.01 27.03 27.03 27.02 27.03 27.02 27.02 27.01 26.99 26.95 26.88 26.82 26.74 26.66 26.60 26.51 26.46 26.42 26.42 26.46 26.52 26.58 26.63 26.68 26.73 26.77 26.81 26.83 26.84 26.84 26.84 26.84 26.84 26.85 26.87 26.89 26.92 26.95 27.01 27.07 27.11 27.17 27.24 27.32 27.38 27.42 27.43 27.41
27.43 27.43 27.43 27.42 27.41 27.40 27.40 27.38 27.36 27.33 27.29 27.24 27.19 27.14 27.10 27.08 27.06 27.06 27.05 27.04 27.02 26.99 26.97 26.96 26.96 26.96 26.98 26.99 27.00 27.00 27.01 27.01 27.01 27.02 27.01 27.01 27.01 26.99 26.95 26.88 26.83 26.76 26.68 26.63 26.58 26.53 26.51 26.51 26.53 26.58 26.63 26.67 26.72 26.76 26.80 26.84 26.86 26.87 26.87 26.87 26.86 26.87 26.87 26.89 26.91 26.93 26.97 27.01 27.04 27.08 27.15 27.21 27.29 27.34 27.37 27.38 27.38
27.41 27.41 27.40 27.39 27.38 27.37 27.36 27.34 27.32 27.29 27.25 27.20 27.15 27.11 27.07 27.05 27.03 27.03 27.02 27.01 27.00 26.98 26.97 26.97 26.97 26.97 26.98 26.99 27.00 27.00 27.00 27.00 27.00 27.01 27.01 27.01 27.01 26.99 26.96 26.91 26.83 26.78 26.71 26.68 26.65 26.60 26.59 26.59 26.61 26.64 26.68 26.72 26.77 26.81 26.85 26.88 26.90 26.90 26.90 26.90 26.89 26.89 26.89 26.90 26.92 26.93 26.97 27.00 27.02 27.06 27.11 27.16 27.22 27.29 27.32 27.34 27.34
27.38 27.38 27.37 27.36 27.35 27.33 27.31 27.30 27.25 27.22 27.18 27.14 27.11 27.06 27.02 27.00 26.98 26.98 26.98 26.97 26.97 26.96 26.96 26.96 26.97 26.97 26.98 26.99 27.00 27.00 27.00 26.99 26.99 27.00 27.00 27.02 27.01 26.99 26.96 26.92 26.85 26.80 26.76 26.73 26.71 26.70 26.69 26.67 26.68 26.70 26.73 26.78 26.82 26.86 26.90 26.93 26.95 26.95 26.94 26.93 26.91 26.90 26.90 26.91 26.91 26.92 26.93 26.99 27.00 27.04 27.08 27.12 27.17 27.22 27.27 27.29 27.30
27.34 27.35 27.34 27.32 27.30 27.28 27.26 27.23 27.20 27.16 27.12 27.08 27.03 27.00 26.96 26.94 26.93 26.92 26.93 26.93 26.93 26.94 26.95 26.95 26.96 26.97 26.98 26.98 26.98 26.99 26.99 26.98 26.99 26.99 26.98 27.00 27.00 26.99 26.97 26.93 26.87 26.84 26.81 26.79 26.78 26.77 26.77 26.77 26.76 26.77 26.79 26.82 26.86 26.91 26.95 26.99 27.00 27.00 26.98 26.96 26.93 26.92 26.90 26.90 26.90 26.92 26.94 26.97 26.98 27.01 27.04 27.08 27.11 27.15 27.19 27.24 27.27
27.31 27.31 27.31 27.28 27.26 27.24 27.21 27.18 27.14 27.10 27.05 27.00 26.96 26.92 26.89 26.87 26.86 26.86 26.87 26.88 26.89 26.91 26.93 26.94 26.95 26.96 26.96 26.97 26.97 26.97 26.97 26.98 26.99 26.98 26.98 27.00 27.00 26.99 26.97 26.93 26.89 26.88 26.86 26.85 26.85 26.85 26.85 26.85 26.83 26.83 26.84 26.86 26.90 26.96 27.01 27.05 27.07 27.05 27.02 26.99 26.95 26.92 26.90 26.89 26.88 26.90 26.92 26.94 26.96 26.98 27.00 27.03 27.06 27.10 27.14 27.19 27.21
27.28 27.28 27.26 27.25 27.23 27.20 27.17 27.13 27.09 27.04 26.98 26.93 26.87 26.83 26.80 26.78 26.78 26.79 26.81 26.83 26.85 26.88 26.90 26.93 26.94 26.94 26.95 26.95 26.95 26.95 26.96 26.97 26.98 26.98 26.97 26.99 26.98 26.96 26.96 26.94 26.92 26.91 26.91 26.92 26.93 26.93 26.93 26.93 26.91 26.89 26.88 26.89 26.93 26.99 27.06 27.12 27.14 27.12 27.07 27.01 26.96 26.92 26.89 26.87 26.86 26.87 26.89 26.90 26.92 26.94 26.96 26.99 27.02 27.07 27.12 27.15 27.17
27.25 27.23 27.23 27.21 27.19 27.16 27.12 27.08 27.03 26.97 26.91 26.85 26.79 26.73 26.70 26.69 26.70 26.72 26.74 26.77 26.80 26.83 26.87 26.91 26.92 26.92 26.92 26.93 26.93 26.94 26.96 26.97 26.97 26.97 26.97 26.99 26.98 26.96 26.96 26.94 26.94 26.94 26.95 26.96 26.98 27.00 27.02 27.01 26.98 26.94 26.92 26.91 26.95 27.02 27.11 27.18 27.22 27.17 27.10 27.02 26.95 26.90 26.87 26.85 26.83 26.84 26.85 26.87 26.89 26.91 26.92 26.95 26.98 27.02 27.09 27.12 27.14
27.22 27.21 27.20 27.18 27.16 27.12 27.07 27.02 26.97 26.91 26.85 26.78 26.72 26.65 26.60 26.60 26.62 26.64 26.67 26.70 26.74 26.77 26.82 26.87 26.89 26.89 26.90 26.89 26.90 26.91 26.92 26.94 26.95 26.95 26.96 26.98 26.97 26.95 26.94 26.91 26.92 26.96 26.97 26.99 27.02 27.04 27.08 27.07 27.02 26.98 26.94 26.92 26.97 27.05 27.13 27.22 27.26 27.19 27.10 27.02 26.94 26.88 26.85 26.83 26.82 26.80 26.82 26.84 26.86 26.88 26.89 26.91 26.95 26.99 27.04 27.07 27.09
27.20 27.19 27.18 27.16 27.12 27.08 27.03 26.97 26.91 26.85 26.79 26.72 26.65 26.59 26.55 26.53 26.54 26.56 26.58 26.61 26.65 26.70 26.74 26.79 26.82 26.84 26.85 26.85 26.87 26.88 26.89 26.90 26.92 26.93 26.93 26.95 26.94 26.90 26.92 26.92 26.92 26.94 26.95 27.00 27.03 27.05 27.07 27.07 27.04 27.00 26.97 26.96 26.99 27.05 27.12 27.17 27.18 27.15 27.07 27.00 26.92 26.87 26.83 26.81 26.80 26.79 26.80 26.82 26.84 26.85 26.86 26.88 26.92 26.95 27.00 27.03 27.05
27.18 27.18 27.17 27.14 27.10 27.05 26.99 26.93 26.87 26.80 26.73 26.66 26.60 26.54 26.50 26.47 26.46 26.47 26.48 26.51 26.55 26.61 26.66 26.71 26.75 26.78 26.81 26.82 26.84 26.84 26.86 26.87 26.88 26.89 26.89 26.92 26.91 26.87 26.87 26.90 26.90 26.92 26.94 26.97 27.00 27.04 27.06 27.06 27.04 27.02 27.00 26.99 27.01 27.05 27.07 27.10 27.10 27.08 27.03 26.95 26.90 26.85 26.82 26.80 26.79 26.79 26.79 26.80 26.82 26.82 26.83 26.86 26.88 26.92 26.96 26.98 27.01
27.18 27.17 27.16 27.13 27.09 27.03 26.96 26.90 26.83 26.76 26.69 26.62 26.55 26.49 26.44 26.41 26.39 26.39 26.38 26.41 26.47 26.52 26.58 26.64 26.69 26.73 26.76 26.79 26.81 26.81 26.82 26.83 26.84 26.85 26.86 26.88 26.84 26.84 26.84 26.88 26.88 26.91 26.93 26.96 26.98 27.00 27.04 27.05 27.04 27.02 27.01 27.00 27.01 27.02 27.01 27.02 27.01 27.00 26.96 26.91 26.86 26.82 26.80 26.80 26.79 26.79 26.79 26.80 26.81 26.82 26.83 26.84 26.86 26.89 26.91 26.95 26.97
27.18 27.17 27.15 27.12 27.08 27.02 26.95 26.88 26.80 26.73 26.65 26.57 26.51 26.45 26.39 26.35 26.32 26.31 26.31 26.33 26.38 26.44 26.50 26.57 26.63 26.67 26.72 26.76 26.77 26.78 26.80 26.80 26.81 26.82 26.82 26.85 26.81 26.80 26.80 26.82 26.86 26.89 26.91 26.94 26.97 26.99 27.00 27.04 27.00 26.99 26.98 27.00 26.99 26.96 26.96 26.95 26.94 26.93 26.90 26.87 26.83 26.80 26.80 26.79 26.79 26.79 26.79 26.80 26.80 26.81 26.81 26.83 26.85 26.87 26.89 26.94 26.96
27.19 27.18 27.16 27.12 27.07 27.01 26.94 26.87 26.78 26.70 26.62 26.54 26.50 26.42 26.36 26.29 26.25 26.23 26.22 26.25 26.30 26.36 26.44 26.51 26.57 26.63 26.69 26.73 26.76 26.77 26.80 26.79 26.79 26.79 26.77 26.78 26.78 26.77 26.78 26.79 26.80 26.83 26.90 26.92 26.95 26.97 26.98 26.99 26.99 26.98 26.96 26.95 26.93 26.92 26.90 26.88 26.86 26.85 26.84 26.82 26.81 26.80 26.79 26.79 26.79 26.80 26.80 26.80 26.81 26.81 26.82 26.82 26.84 26.85 26.90 26.93 26.95
