data/Validacao/T181115.grd
DSAA
94	94
0.0000	100.0000
0.0000	100.0000
25.9470	27.7335
[rows 34 to 67 of 94, columns 0 to 76 of 94]
27.20 27.19 27.17 27.13 27.08 27.01 26.94 26.89 26.81 26.72 26.64 26.55 26.47 26.39 26.32 26.25 26.18 26.15 26.14 26.17 26.23 26.30 26.38 26.46 26.54 26.61 26.67 26.72 26.76 26.78 26.79 26.78 26.77 26.77 26.76 26.75 26.75 26.75 26.75 26.77 26.78 26.85 26.88 26.92 26.94 26.96 26.98 26.98 26.98 26.97 26.95 26.93 26.91 26.87 26.84 26.82 26.79 26.78 26.77 26.78 26.78 26.78 26.78 26.80 26.81 26.81 26.81 26.83 26.83 26.81 26.81 26.82 26.83 26.86 26.89 26.91 26.94
27.23 27.22 27.19 27.14 27.09 27.05 26.97 26.89 26.81 26.72 26.63 26.54 26.45 26.37 26.28 26.21 26.13 26.08 26.07 26.09 26.16 26.25 26.34 26.43 26.52 26.59 26.66 26.72 26.76 26.79 26.80 26.77 26.77 26.76 26.73 26.74 26.73 26.73 26.74 26.76 26.77 26.83 26.87 26.91 26.94 26.96 26.97 26.98 26.97 26.96 26.94 26.91 26.87 26.83 26.79 26.75 26.73 26.72 26.71 26.73 26.74 26.78 26.80 26.80 26.82 26.83 26.84 26.84 26.82 26.82 26.82 26.82 26.86 26.87 26.88 26.91 26.93
27.26 27.25 27.21 27.18 27.13 27.06 26.98 26.90 26.82 26.73 26.63 26.54 26.45 26.36 26.27 26.17 26.09 26.03 25.99 26.02 26.10 26.21 26.32 26.42 26.52 26.60 26.67 26.74 26.78 26.81 26.82 26.82 26.78 26.77 26.74 26.74 26.72 26.71 26.72 26.75 26.77 26.81 26.87 26.90 26.93 26.96 26.98 26.98 26.97 26.95 26.92 26.89 26.84 26.80 26.75 26.70 26.67 26.67 26.68 26.70 26.72 26.76 26.78 26.81 26.84 26.86 26.86 26.84 26.84 26.83 26.85 26.85 26.87 26.88 26.89 26.91 26.94
27.29 27.28 27.24 27.20 27.14 27.07 27.00 26.92 26.83 26.74 26.65 26.55 26.46 26.36 26.27 26.17 26.09 26.01 25.95 25.96 26.09 26.21 26.33 26.44 26.53 26.62 26.70 26.76 26.81 26.84 26.86 26.84 26.83 26.79 26.77 26.76 26.73 26.71 26.73 26.76 26.79 26.82 26.87 26.91 26.94 26.96 26.98 26.98 26.97 26.95 26.91 26.88 26.83 26.78 26.72 26.66 26.62 26.64 26.67 26.71 26.74 26.76 26.79 26.84 26.86 26.87 26.86 26.86 26.87 26.87 26.87 26.88 26.89 26.90 26.90 26.92 26.96
27.29 27.28 27.25 27.21 27.15 27.09 27.02 26.94 26.85 26.76 26.67 26.58 26.48 26.39 26.28 26.20 26.13 26.06 26.01 26.03 26.13 26.25 26.37 26.47 26.57 26.66 26.75 26.81 26.85 26.88 26.90 26.89 26.88 26.85 26.82 26.80 26.78 26.76 26.77 26.80 26.82 26.85 26.88 26.93 26.96 26.98 26.99 26.99 26.98 26.95 26.92 26.87 26.82 26.77 26.72 26.67 26.64 26.65 26.68 26.71 26.74 26.77 26.82 26.84 26.87 26.89 26.89 26.89 26.90 26.90 26.91 26.92 26.93 26.93 26.94 26.96 26.99
27.28 27.27 27.25 27.21 27.16 27.10 27.04 26.96 26.88 26.79 26.70 26.61 26.52 26.43 26.33 26.26 26.19 26.15 26.13 26.15 26.23 26.33 26.43 26.54 26.64 26.73 26.81 26.87 26.91 26.94 26.96 26.94 26.92 26.91 26.89 26.86 26.84 26.83 26.84 26.86 26.87 26.90 26.92 26.96 26.98 27.00 27.01 27.01 27.00 26.97 26.92 26.89 26.84 26.80 26.75 26.71 26.69 26.69 26.71 26.74 26.78 26.81 26.84 26.86 26.89 26.91 26.91 26.92 26.94 26.95 26.95 26.97 26.98 26.98 26.99 27.01 27.04
27.27 27.26 27.25 27.22 27.17 27.12 27.06 26.99 26.91 26.83 26.74 26.65 26.57 26.47 26.40 26.33 26.28 26.25 26.25 26.28 26.34 26.43 26.53 26.63 26.73 26.81 26.89 26.95 26.98 27.01 27.03 27.01 27.01 26.98 26.96 26.94 26.91 26.90 26.90 26.92 26.93 26.95 26.97 27.01 27.02 27.04 27.05 27.04 27.02 27.00 26.97 26.92 26.88 26.84 26.80 26.77 26.75 26.74 26.75 26.78 26.81 26.84 26.86 26.90 26.92 26.94 26.95 26.96 26.97 26.98 27.01 27.02 27.02 27.04 27.05 27.07 27.10
27.25 27.26 27.24 27.22 27.18 27.14 27.08 27.01 26.94 26.86 26.78 26.70 26.61 26.54 26.47 26.42 26.39 26.37 26.38 26.41 26.47 26.54 26.63 26.74 26.83 26.90 26.98 27.04 27.07 27.10 27.10 27.10 27.09 27.06 27.04 27.02 27.00 26.99 26.97 26.98 27.00 27.01 27.03 27.06 27.08 27.09 27.09 27.08 27.07 27.05 27.02 26.96 26.93 26.89 26.86 26.83 26.81 26.81 26.81 26.82 26.85 26.87 26.92 26.95 26.97 26.98 26.99 27.00 27.01 27.02 27.05 27.06 27.08 27.10 27.11 27.13 27.16
27.24 27.24 27.24 27.22 27.19 27.15 27.10 27.04 26.98 26.91 26.83 26.76 26.67 26.61 26.56 26.52 26.49 26.48 26.50 26.53 26.59 26.66 26.74 26.83 26.93 27.01 27.07 27.13 27.18 27.19 27.20 27.19 27.18 27.14 27.12 27.10 27.07 27.06 27.05 27.06 27.06 27.08 27.11 27.12 27.13 27.15 27.14 27.14 27.12 27.10 27.07 27.04 26.99 26.95 26.92 26.89 26.88 26.86 26.86 26.87 26.90 26.94 26.93 26.94 26.96 26.97 27.03 27.04 27.06 27.08 27.08 27.09 27.11 27.13 27.16 27.18 27.21
27.23 27.23 27.23 27.22 27.20 27.16 27.12 27.07 27.02 26.95 26.89 26.82 26.74 26.69 26.65 26.61 26.60 26.60 26.62 26.65 26.71 26.78 26.86 26.95 27.03 27.11 27.18 27.24 27.28 27.30 27.30 27.28 27.27 27.22 27.20 27.17 27.14 27.12 27.12 27.11 27.12 27.14 27.17 27.19 27.20 27.21 27.22 27.21 27.19 27.18 27.16 27.12 27.07 27.01 27.00 26.97 26.93 26.91 26.91 26.92 26.93 26.96 26.97 26.99 27.01 27.03 27.04 27.05 27.10 27.08 27.10 27.14 27.15 27.17 27.19 27.21 27.24
27.22 27.22 27.23 27.22 27.20 27.18 27.14 27.10 27.05 27.00 26.94 26.88 26.82 26.77 26.73 26.71 26.70 26.71 26.73 26.77 26.82 26.89 26.98 27.06 27.15 27.22 27.30 27.36 27.40 27.41 27.40 27.37 27.34 27.31 27.26 27.23 27.20 27.18 27.16 27.17 27.18 27.19 27.21 27.25 27.27 27.29 27.30 27.29 27.28 27.25 27.22 27.19 27.13 27.10 27.06 27.03 26.98 26.97 26.96 26.97 27.00 27.00 27.02 27.04 27.06 27.08 27.09 27.11 27.12 27.12 27.14 27.15 27.16 27.21 27.23 27.26 27.29
27.21 27.21 27.21 27.21 27.20 27.19 27.16 27.13 27.09 27.04 26.99 26.93 26.89 26.85 26.82 26.80 26.80 26.81 26.84 26.88 26.93 26.99 27.07 27.16 27.24 27.32 27.41 27.48 27.52 27.51 27.49 27.45 27.41 27.37 27.32 27.28 27.25 27.22 27.20 27.20 27.21 27.23 27.27 27.30 27.33 27.35 27.38 27.38 27.35 27.33 27.29 27.25 27.19 27.15 27.09 27.08 27.03 27.01 27.00 27.03 27.04 27.06 27.08 27.09 27.11 27.13 27.14 27.15 27.16 27.15 27.16 27.17 27.19 27.24 27.27 27.30 27.33
27.20 27.20 27.21 27.21 27.20 27.19 27.17 27.15 27.12 27.09 27.04 26.99 26.95 26.92 26.90 26.89 26.89 26.91 26.94 26.98 27.03 27.09 27.16 27.25 27.33 27.42 27.50 27.58 27.64 27.61 27.56 27.51 27.46 27.42 27.36 27.32 27.29 27.26 27.24 27.23 27.24 27.27 27.31 27.34 27.37 27.41 27.45 27.45 27.42 27.39 27.35 27.31 27.23 27.19 27.14 27.10 27.08 27.06 27.06 27.08 27.09 27.11 27.12 27.14 27.16 27.18 27.18 27.18 27.19 27.18 27.19 27.20 27.22 27.24 27.27 27.34 27.34
27.20 27.19 27.20 27.20 27.20 27.20 27.18 27.16 27.14 27.12 27.08 27.04 27.01 26.98 26.97 26.97 26.97 26.99 27.02 27.06 27.12 27.17 27.24 27.33 27.40 27.48 27.56 27.64 27.68 27.65 27.60 27.55 27.49 27.44 27.38 27.34 27.31 27.28 27.26 27.26 27.26 27.30 27.34 27.36 27.40 27.44 27.48 27.49 27.46 27.43 27.39 27.32 27.28 27.23 27.19 27.15 27.12 27.10 27.11 27.12 27.13 27.14 27.15 27.17 27.19 27.20 27.21 27.20 27.21 27.21 27.22 27.23 27.25 27.28 27.31 27.34 27.37
27.19 27.19 27.20 27.20 27.20 27.20 27.19 27.18 27.16 27.14 27.11 27.09 27.07 27.04 27.03 27.04 27.05 27.07 27.10 27.14 27.19 27.24 27.30 27.38 27.45 27.52 27.59 27.64 27.66 27.65 27.60 27.56 27.51 27.46 27.39 27.35 27.32 27.30 27.27 27.27 27.28 27.32 27.35 27.38 27.41 27.45 27.47 27.49 27.47 27.45 27.42 27.35 27.31 27.27 27.23 27.20 27.18 27.16 27.15 27.16 27.16 27.16 27.18 27.18 27.20 27.21 27.21 27.21 27.22 27.22 27.24 27.25 27.28 27.30 27.33 27.36 27.40
27.18 27.18 27.19 27.19 27.19 27.20 27.19 27.18 27.17 27.16 27.14 27.12 27.11 27.10 27.10 27.09 27.11 27.14 27.17 27.21 27.25 27.30 27.37 27.42 27.48 27.54 27.59 27.62 27.64 27.63 27.59 27.55 27.50 27.45 27.39 27.35 27.32 27.30 27.28 27.27 27.28 27.32 27.34 27.38 27.41 27.44 27.46 27.48 27.47 27.45 27.42 27.37 27.33 27.30 27.26 27.25 27.22 27.20 27.20 27.19 27.18 27.19 27.18 27.19 27.18 27.20 27.20 27.21 27.23 27.25 27.25 27.28 27.30 27.32 27.35 27.38 27.41
27.17 27.17 27.18 27.18 27.18 27.18 27.18 27.18 27.17 27.16 27.15 27.14 27.14 27.14 27.15 27.16 27.18 27.21 27.22 27.26 27.30 27.36 27.40 27.45 27.49 27.54 27.58 27.60 27.60 27.59 27.57 27.52 27.48 27.43 27.41 27.37 27.35 27.33 27.32 27.31 27.33 27.32 27.32 27.36 27.39 27.41 27.44 27.44 27.45 27.44 27.42 27.39 27.34 27.33 27.30 27.28 27.25 27.24 27.23 27.21 27.18 27.18 27.18 27.16 27.17 27.18 27.19 27.21 27.23 27.25 27.26 27.29 27.31 27.33 27.36 27.39 27.42
27.16 27.16 27.16 27.16 27.16 27.16 27.16 27.16 27.17 27.16 27.16 27.15 27.16 27.16 27.18 27.19 27.22 27.25 27.28 27.31 27.35 27.38 27.42 27.46 27.50 27.53 27.56 27.57 27.57 27.55 27.52 27.51 27.47 27.42 27.39 27.35 27.32 27.30 27.29 27.29 27.31 27.33 27.32 27.34 27.36 27.39 27.40 27.42 27.42 27.42 27.40 27.40 27.36 27.34 27.32 27.31 27.29 27.26 27.23 27.21 27.19 27.16 27.15 27.14 27.15 27.16 27.17 27.19 27.22 27.25 27.27 27.30 27.32 27.36 27.39 27.42 27.45
27.15 27.14 27.14 27.14 27.14 27.14 27.14 27.14 27.15 27.15 27.15 27.16 27.16 27.17 27.19 27.22 27.24 27.27 27.30 27.34 27.37 27.40 27.43 27.47 27.49 27.52 27.53 27.53 27.51 27.52 27.49 27.46 27.43 27.38 27.35 27.32 27.30 27.27 27.26 27.27 27.27 27.28 27.31 27.33 27.35 27.37 27.36 27.39 27.40 27.40 27.39 27.38 27.37 27.35 27.33 27.31 27.29 27.27 27.24 27.21 27.18 27.14 27.13 27.12 27.12 27.14 27.16 27.18 27.21 27.23 27.27 27.29 27.31 27.34 27.37 27.41 27.44
27.13 27.13 27.12 27.12 27.12 27.12 27.12 27.12 27.12 27.13 27.14 27.15 27.16 27.17 27.20 27.22 27.25 27.28 27.31 27.35 27.37 27.40 27.42 27.45 27.47 27.50 27.48 27.48 27.48 27.46 27.43 27.40 27.37 27.34 27.31 27.28 27.26 27.24 27.23 27.23 27.24 27.24 27.25 27.29 27.31 27.33 27.31 27.33 27.36 27.37 27.36 27.37 27.35 27.34 27.32 27.30 27.28 27.25 27.22 27.19 27.14 27.11 27.08 27.08 27.08 27.09 27.12 27.15 27.18 27.21 27.25 27.27 27.30 27.32 27.34 27.39 27.43
27.12 27.11 27.10 27.10 27.09 27.09 27.09 27.09 27.10 27.11 27.11 27.13 27.14 27.16 27.18 27.21 27.25 27.28 27.31 27.34 27.37 27.39 27.41 27.42 27.43 27.46 27.46 27.42 27.42 27.40 27.39 27.34 27.32 27.29 27.26 27.23 27.21 27.20 27.19 27.19 27.19 27.20 27.21 27.23 27.26 27.28 27.27 27.28 27.32 27.33 27.33 27.34 27.33 27.31 27.30 27.28 27.25 27.22 27.19 27.15 27.10 27.07 27.03 27.02 27.02 27.03 27.06 27.10 27.15 27.20 27.23 27.25 27.27 27.28 27.30 27.35 27.39
27.11 27.10 27.09 27.08 27.07 27.07 27.06 27.07 27.07 27.07 27.09 27.10 27.11 27.13 27.16 27.19 27.22 27.26 27.30 27.33 27.35 27.36 27.38 27.39 27.40 27.41 27.40 27.39 27.36 27.35 27.33 27.29 27.27 27.24 27.20 27.18 27.16 27.15 27.14 27.14 27.15 27.16 27.16 27.18 27.20 27.24 27.25 27.25 27.28 27.29 27.29 27.31 27.30 27.28 27.26 27.24 27.22 27.18 27.14 27.10 27.05 27.01 26.98 26.96 26.95 26.96 27.00 27.05 27.11 27.17 27.21 27.23 27.23 27.24 27.25 27.29 27.35
27.09 27.08 27.07 27.06 27.05 27.04 27.04 27.03 27.03 27.04 27.05 27.06 27.08 27.10 27.13 27.15 27.19 27.23 27.26 27.29 27.31 27.32 27.34 27.35 27.35 27.34 27.34 27.33 27.30 27.29 27.26 27.24 27.21 27.18 27.16 27.13 27.11 27.10 27.09 27.10 27.10 27.11 27.13 27.14 27.16 27.20 27.20 27.22 27.24 27.27 27.27 27.27 27.26 27.23 27.21 27.20 27.17 27.12 27.09 27.04 26.99 26.96 26.92 26.90 26.89 26.90 26.94 27.00 27.06 27.13 27.18 27.18 27.18 27.19 27.19 27.23 27.29
27.07 27.06 27.04 27.03 27.02 27.01 27.00 27.00 27.00 27.01 27.02 27.03 27.05 27.07 27.09 27.12 27.15 27.18 27.22 27.25 27.26 27.28 27.29 27.30 27.29 27.29 27.28 27.27 27.26 27.23 27.21 27.19 27.16 27.14 27.11 27.09 27.07 27.06 27.06 27.06 27.07 27.07 27.09 27.10 27.12 27.14 27.16 27.18 27.19 27.23 27.22 27.22 27.21 27.18 27.15 27.13 27.10 27.05 27.01 26.98 26.93 26.90 26.87 26.86 26.85 26.86 26.90 26.95 27.01 27.07 27.11 27.13 27.13 27.14 27.16 27.19 27.24
27.05 27.03 27.02 27.00 26.99 26.98 26.97 26.96 26.96 26.97 26.98 26.99 27.01 27.03 27.05 27.08 27.10 27.14 27.17 27.20 27.22 27.23 27.25 27.25 27.25 27.24 27.23 27.21 27.20 27.18 27.16 27.14 27.12 27.10 27.08 27.06 27.04 27.04 27.03 27.03 27.04 27.05 27.06 27.07 27.08 27.09 27.10 27.12 27.17 27.18 27.21 27.17 27.17 27.13 27.12 27.07 27.03 26.99 26.95 26.92 26.87 26.86 26.83 26.81 26.80 26.81 26.84 26.89 26.94 26.99 27.03 27.06 27.08 27.10 27.12 27.15 27.19
27.02 27.01 26.99 26.97 26.95 26.94 26.93 26.92 26.92 26.93 26.94 26.95 26.97 27.00 27.02 27.04 27.08 27.11 27.14 27.16 27.18 27.20 27.21 27.21 27.20 27.19 27.18 27.18 27.16 27.13 27.12 27.11 27.09 27.07 27.07 27.03 27.02 27.01 27.01 27.02 27.02 27.03 27.04 27.05 27.04 27.05 27.05 27.07 27.08 27.16 27.16 27.16 27.12 27.10 27.07 27.03 26.99 26.95 26.92 26.87 26.83 26.81 26.78 26.76 26.75 26.75 26.79 26.83 26.88 26.93 26.97 27.01 27.03 27.06 27.08 27.11 27.14
27.00 26.98 26.96 26.94 26.92 26.91 26.89 26.88 26.88 26.88 26.90 26.92 26.94 26.96 26.99 27.02 27.05 27.08 27.11 27.13 27.15 27.17 27.18 27.18 27.16 27.15 27.15 27.13 27.11 27.10 27.09 27.08 27.07 27.06 27.05 27.04 27.03 27.00 27.00 27.03 27.03 27.03 27.02 27.03 27.03 27.01 27.01 27.02 27.04 27.11 27.12 27.12 27.08 27.05 27.02 26.99 26.94 26.90 26.86 26.83 26.79 26.76 26.72 26.70 26.68 26.69 26.72 26.76 26.82 26.87 26.92 26.96 26.99 27.02 27.04 27.07 27.09
26.98 26.96 26.93 26.91 26.89 26.87 26.85 26.84 26.84 26.84 26.86 26.88 26.91 26.94 26.96 27.00 27.03 27.06 27.09 27.11 27.14 27.15 27.19 27.18 27.16 27.13 27.11 27.09 27.07 27.07 27.06 27.06 27.05 27.04 27.04 27.03 27.02 26.99 27.02 27.02 27.03 27.04 27.03 27.01 27.00 26.99 26.98 26.99 27.00 27.03 27.08 27.08 27.04 27.05 26.99 26.96 26.92 26.88 26.86 26.79 26.77 26.72 26.67 26.65 26.63 26.62 26.66 26.70 26.76 26.83 26.89 26.93 26.97 27.00 27.01 27.03 27.05
26.96 26.94 26.91 26.89 26.86 26.84 26.82 26.80 26.80 26.80 26.82 26.85 26.88 26.91 26.94 26.97 27.06 27.09 27.12 27.14 27.16 27.17 27.16 27.14 27.12 27.10 27.08 27.06 27.05 27.04 27.04 27.04 27.04 27.04 27.03 27.02 27.01 26.98 27.01 27.02 27.03 27.03 27.03 27.02 27.00 26.97 26.95 26.95 26.97 26.99 27.04 27.04 27.04 27.02 26.96 26.93 26.89 26.85 26.83 26.76 26.73 26.67 26.62 26.58 26.56 26.55 26.59 26.64 26.72 26.79 26.86 26.91 26.95 26.98 26.99 27.00 27.01
26.94 26.92 26.89 26.86 26.84 26.81 26.79 26.77 26.76 26.77 26.79 26.82 26.86 26.90 26.98 27.02 27.05 27.09 27.12 27.14 27.16 27.16 27.15 27.13 27.11 27.07 27.05 27.04 27.03 27.03 27.03 27.04 27.05 27.04 27.04 27.01 27.00 26.99 26.99 27.01 27.04 27.04 27.04 27.02 26.99 26.96 26.94 26.93 26.94 26.95 26.98 27.02 27.01 27.01 26.95 26.91 26.87 26.83 26.81 26.75 26.70 26.64 26.58 26.53 26.49 26.48 26.52 26.59 26.68 26.78 26.85 26.91 26.94 26.96 26.97 26.98 26.98
26.93 26.90 26.87 26.84 26.82 26.79 26.77 26.75 26.73 26.73 26.76 26.80 26.87 26.93 26.98 27.02 27.06 27.09 27.13 27.15 27.16 27.16 27.14 27.12 27.09 27.06 27.04 27.02 27.01 27.02 27.03 27.05 27.06 27.06 27.05 27.03 27.01 27.00 27.01 27.03 27.05 27.06 27.06 27.03 27.00 26.96 26.93 26.92 26.93 26.94 26.99 26.99 27.00 27.00 26.98 26.91 26.87 26.85 26.80 26.74 26.66 26.62 26.55 26.49 26.43 26.40 26.45 26.55 26.67 26.78 26.87 26.92 26.94 26.96 26.98 26.98 26.97
26.90 26.89 26.86 26.83 26.80 26.78 26.76 26.74 26.73 26.71 26.75 26.81 26.87 26.93 26.98 27.03 27.07 27.11 27.14 27.16 27.16 27.16 27.13 27.12 27.09 27.07 27.04 27.02 27.01 27.02 27.04 27.07 27.09 27.09 27.08 27.06 27.04 27.01 27.03 27.06 27.07 27.09 27.09 27.05 27.01 26.97 26.92 26.91 26.93 26.95 26.99 27.00 26.99 27.00 26.98 26.96 26.90 26.85 26.81 26.75 26.67 26.60 26.56 26.49 26.40 26.34 26.42 26.54 26.67 26.80 26.90 26.93 26.95 26.97 26.99 26.99 26.98
26.92 26.89 26.86 26.83 26.80 26.78 26.76 26.74 26.73 26.73 26.77 26.83 26.89 26.95 27.00 27.05 27.09 27.13 27.16 27.17 27.17 27.16 27.14 27.13 27.10 27.08 27.06 27.04 27.03 27.04 27.06 27.08 27.10 27.11 27.11 27.10 27.08 27.07 27.07 27.09 27.11 27.11 27.10 27.07 27.03 26.99 26.95 26.94 26.96 26.97 26.98 27.02 27.01 27.01 27.00 26.97 26.92 26.87 26.83 26.77 26.71 26.65 26.58 26.53 26.45 26.41 26.47 26.58 26.69 26.80 26.89 26.93 26.97 26.99 27.00 27.00 27.00
26.91 26.88 26.85 26.83 26.80 26.78 26.77 26.76 26.76 26.77 26.80 26.85 26.92 26.98 27.03 27.08 27.12 27.15 27.18 27.19 27.19 27.17 27.16 27.14 27.12 27.10 27.07 27.06 27.05 27.06 27.08 27.10 27.12 27.14 27.14 27.14 27.14 27.13 27.14 27.14 27.15 27.15 27.13 27.10 27.06 27.02 26.98 26.97 26.97 26.99 27.00 27.04 27.04 27.04 27.02 27.00 26.96 26.92 26.87 26.81 26.76 26.70 26.64 26.60 26.55 26.53 26.56 26.64 26.73 26.82 26.90 26.95 26.99 27.01 27.03 27.03 27.03
