data/Validacao/T221015.grd
DSAA
94	94
0.0000	100.0000
0.0000	100.0000
26.4649	27.9656
[rows 0 to 33 of 94, columns 0 to 76 of 94]
27.68 27.65 27.61 27.57 27.52 27.47 27.43 27.37 27.34 27.31 27.29 27.28 27.27 27.27 27.27 27.28 27.29 27.29 27.30 27.31 27.32 27.33 27.32 27.31 27.29 27.27 27.21 27.18 27.14 27.12 27.11 27.08 27.07 27.05 27.04 27.03 27.02 27.01 27.02 27.04 27.06 27.08 27.11 27.13 27.16 27.19 27.22 27.26 27.29 27.31 27.34 27.38 27.40 27.44 27.46 27.48 27.49 27.47 27.45 27.43 27.41 27.40 27.39 27.38 27.38 27.38 27.40 27.41 27.42 27.44 27.49 27.51 27.53 27.56 27.58 27.57 27.54
27.66 27.63 27.59 27.54 27.49 27.44 27.39 27.35 27.32 27.28 27.26 27.25 27.25 27.25 27.26 27.27 27.28 27.29 27.30 27.31 27.32 27.33 27.32 27.31 27.29 27.27 27.21 27.18 27.14 27.11 27.08 27.08 27.06 27.05 27.04 27.03 27.02 27.02 27.03 27.04 27.06 27.09 27.11 27.14 27.17 27.19 27.22 27.25 27.30 27.32 27.35 27.38 27.41 27.44 27.47 27.48 27.49 27.48 27.46 27.44 27.42 27.41 27.40 27.39 27.39 27.39 27.40 27.41 27.42 27.44 27.48 27.50 27.52 27.54 27.55 27.54 27.51
27.62 27.59 27.55 27.50 27.45 27.40 27.36 27.32 27.28 27.26 27.23 27.22 27.22 27.23 27.24 27.25 27.27 27.29 27.30 27.32 27.33 27.33 27.32 27.31 27.29 27.26 27.23 27.17 27.14 27.11 27.08 27.06 27.05 27.04 27.03 27.03 27.02 27.03 27.04 27.05 27.07 27.09 27.12 27.14 27.18 27.20 27.23 27.26 27.29 27.33 27.36 27.39 27.42 27.45 27.47 27.48 27.48 27.48 27.46 27.44 27.43 27.41 27.40 27.39 27.39 27.39 27.39 27.40 27.41 27.43 27.46 27.48 27.49 27.50 27.51 27.49 27.47
27.58 27.55 27.51 27.46 27.41 27.36 27.32 27.28 27.25 27.23 27.21 27.20 27.19 27.20 27.22 27.24 27.26 27.29 27.31 27.32 27.33 27.33 27.32 27.31 27.29 27.26 27.20 27.17 27.14 27.11 27.08 27.06 27.05 27.04 27.03 27.02 27.03 27.04 27.05 27.06 27.09 27.10 27.12 27.14 27.17 27.20 27.22 27.26 27.29 27.33 27.37 27.40 27.43 27.45 27.47 27.48 27.48 27.47 27.46 27.44 27.43 27.41 27.40 27.40 27.39 27.39 27.39 27.39 27.40 27.41 27.44 27.45 27.46 27.47 27.46 27.45 27.43
27.54 27.51 27.47 27.42 27.37 27.33 27.29 27.25 27.22 27.20 27.18 27.18 27.18 27.18 27.20 27.23 27.26 27.29 27.31 27.33 27.34 27.33 27.33 27.31 27.29 27.27 27.20 27.18 27.15 27.12 27.09 27.07 27.05 27.05 27.03 27.03 27.04 27.05 27.06 27.09 27.09 27.11 27.12 27.13 27.16 27.19 27.22 27.25 27.29 27.33 27.36 27.40 27.43 27.45 27.47 27.48 27.48 27.47 27.46 27.44 27.42 27.41 27.40 27.39 27.38 27.37 27.37 27.37 27.38 27.39 27.41 27.42 27.43 27.43 27.42 27.41 27.39
27.50 27.47 27.43 27.39 27.34 27.30 27.26 27.23 27.20 27.17 27.16 27.15 27.16 27.17 27.19 27.22 27.25 27.29 27.31 27.33 27.34 27.34 27.33 27.32 27.29 27.26 27.21 27.18 27.15 27.13 27.10 27.08 27.06 27.05 27.04 27.04 27.04 27.06 27.09 27.09 27.09 27.10 27.11 27.12 27.14 27.17 27.20 27.23 27.28 27.32 27.36 27.39 27.42 27.45 27.46 27.48 27.48 27.47 27.46 27.44 27.42 27.40 27.39 27.37 27.36 27.35 27.35 27.35 27.36 27.37 27.39 27.39 27.40 27.40 27.39 27.38 27.35
27.47 27.44 27.40 27.36 27.32 27.28 27.24 27.21 27.17 27.15 27.14 27.13 27.14 27.15 27.18 27.21 27.25 27.29 27.33 27.35 27.36 27.35 27.34 27.31 27.29 27.26 27.22 27.19 27.16 27.14 27.11 27.10 27.08 27.07 27.06 27.05 27.06 27.07 27.09 27.09 27.08 27.09 27.09 27.10 27.12 27.15 27.18 27.22 27.26 27.30 27.33 27.37 27.41 27.44 27.45 27.47 27.47 27.47 27.45 27.44 27.41 27.39 27.37 27.35 27.33 27.32 27.32 27.33 27.34 27.34 27.36 27.37 27.37 27.37 27.36 27.35 27.32
27.44 27.41 27.38 27.34 27.31 27.27 27.23 27.19 27.16 27.13 27.12 27.11 27.12 27.13 27.16 27.20 27.25 27.31 27.35 27.37 27.37 27.36 27.34 27.32 27.29 27.27 27.23 27.20 27.17 27.15 27.13 27.12 27.10 27.09 27.09 27.07 27.07 27.08 27.09 27.08 27.07 27.07 27.06 27.07 27.09 27.12 27.15 27.19 27.23 27.27 27.31 27.35 27.39 27.42 27.44 27.45 27.46 27.46 27.45 27.43 27.41 27.38 27.35 27.32 27.30 27.29 27.29 27.30 27.31 27.32 27.33 27.34 27.34 27.35 27.34 27.32 27.30
27.42 27.40 27.37 27.34 27.30 27.27 27.23 27.19 27.15 27.12 27.11 27.10 27.11 27.12 27.14 27.19 27.26 27.33 27.39 27.41 27.40 27.37 27.34 27.32 27.29 27.27 27.24 27.21 27.19 27.17 27.16 27.14 27.13 27.12 27.11 27.10 27.08 27.09 27.07 27.06 27.07 27.05 27.03 27.04 27.07 27.09 27.12 27.16 27.20 27.24 27.29 27.33 27.37 27.39 27.41 27.43 27.44 27.44 27.44 27.43 27.41 27.38 27.33 27.30 27.27 27.26 27.26 27.27 27.28 27.30 27.31 27.32 27.32 27.33 27.32 27.30 27.28
27.42 27.40 27.37 27.34 27.31 27.28 27.24 27.20 27.16 27.12 27.11 27.11 27.12 27.11 27.12 27.19 27.27 27.35 27.43 27.46 27.42 27.38 27.35 27.31 27.30 27.28 27.26 27.23 27.20 27.19 27.18 27.17 27.16 27.15 27.13 27.10 27.12 27.09 27.07 27.05 27.04 27.02 27.00 27.01 27.04 27.06 27.08 27.12 27.16 27.20 27.25 27.30 27.33 27.36 27.38 27.40 27.41 27.42 27.42 27.42 27.40 27.37 27.32 27.27 27.24 27.22 27.22 27.24 27.26 27.28 27.30 27.30 27.31 27.31 27.30 27.29 27.26
27.41 27.40 27.38 27.35 27.32 27.30 27.27 27.23 27.20 27.16 27.15 27.15 27.15 27.15 27.16 27.21 27.29 27.36 27.43 27.45 27.42 27.39 27.35 27.32 27.31 27.30 27.28 27.25 27.23 27.22 27.21 27.20 27.19 27.18 27.16 27.12 27.11 27.09 27.06 27.04 27.02 26.97 26.98 26.99 26.99 27.01 27.04 27.07 27.11 27.16 27.21 27.25 27.29 27.32 27.34 27.36 27.38 27.39 27.39 27.39 27.38 27.34 27.29 27.25 27.21 27.20 27.20 27.22 27.24 27.26 27.28 27.29 27.30 27.30 27.29 27.28 27.26
27.42 27.41 27.39 27.37 27.35 27.33 27.31 27.28 27.26 27.23 27.22 27.21 27.20 27.20 27.22 27.25 27.30 27.35 27.40 27.41 27.40 27.38 27.36 27.34 27.32 27.32 27.31 27.29 27.28 27.26 27.25 27.25 27.23 27.21 27.18 27.13 27.12 27.09 27.06 27.02 26.99 26.93 26.95 26.94 26.95 26.96 26.98 27.02 27.05 27.10 27.15 27.20 27.24 27.28 27.30 27.33 27.34 27.35 27.36 27.35 27.34 27.31 27.27 27.23 27.20 27.18 27.19 27.20 27.23 27.25 27.27 27.28 27.29 27.30 27.29 27.28 27.26
27.43 27.42 27.41 27.40 27.39 27.37 27.36 27.34 27.33 27.31 27.29 27.28 27.27 27.27 27.27 27.29 27.32 27.35 27.38 27.39 27.38 27.37 27.36 27.35 27.34 27.34 27.34 27.34 27.32 27.31 27.29 27.29 27.27 27.24 27.20 27.14 27.12 27.08 27.05 27.01 26.93 26.90 26.91 26.90 26.89 26.90 26.93 26.96 26.99 27.04 27.10 27.15 27.19 27.23 27.26 27.29 27.31 27.31 27.32 27.31 27.30 27.27 27.24 27.20 27.18 27.17 27.17 27.19 27.23 27.25 27.26 27.28 27.29 27.30 27.30 27.29 27.27
27.44 27.44 27.44 27.44 27.43 27.42 27.42 27.41 27.40 27.39 27.37 27.36 27.35 27.33 27.33 27.33 27.34 27.36 27.36 27.37 27.37 27.36 27.36 27.35 27.36 27.36 27.37 27.38 27.36 27.35 27.34 27.32 27.30 27.27 27.22 27.16 27.13 27.08 27.03 26.99 26.91 26.87 26.86 26.85 26.84 26.84 26.86 26.89 26.93 26.99 27.04 27.10 27.15 27.19 27.23 27.26 27.27 27.28 27.28 27.27 27.26 27.24 27.21 27.18 27.16 27.15 27.16 27.18 27.22 27.24 27.26 27.28 27.30 27.31 27.31 27.30 27.29
27.46 27.47 27.47 27.47 27.47 27.47 27.48 27.48 27.48 27.47 27.46 27.44 27.41 27.39 27.38 27.37 27.36 27.36 27.36 27.36 27.36 27.35 27.35 27.35 27.37 27.38 27.40 27.41 27.40 27.39 27.38 27.36 27.33 27.29 27.25 27.20 27.14 27.08 27.02 26.96 26.88 26.84 26.82 26.79 26.77 26.78 26.79 26.83 26.88 26.93 27.00 27.06 27.12 27.16 27.20 27.23 27.24 27.25 27.24 27.23 27.22 27.21 27.18 27.16 27.15 27.14 27.15 27.17 27.22 27.24 27.26 27.29 27.31 27.32 27.34 27.33 27.32
27.47 27.49 27.50 27.51 27.52 27.53 27.54 27.55 27.56 27.56 27.55 27.52 27.48 27.45 27.42 27.40 27.38 27.36 27.36 27.35 27.35 27.34 27.35 27.35 27.37 27.39 27.42 27.44 27.44 27.44 27.41 27.39 27.36 27.31 27.26 27.21 27.14 27.08 27.01 26.94 26.85 26.81 26.76 26.73 26.71 26.71 26.72 26.76 26.81 26.88 26.96 27.03 27.09 27.15 27.18 27.21 27.22 27.22 27.21 27.20 27.19 27.18 27.16 27.14 27.13 27.13 27.16 27.18 27.21 27.24 27.27 27.30 27.32 27.34 27.35 27.36 27.35
27.49 27.51 27.52 27.54 27.56 27.58 27.60 27.63 27.65 27.65 27.63 27.59 27.54 27.50 27.46 27.42 27.39 27.37 27.35 27.34 27.33 27.33 27.34 27.35 27.37 27.40 27.44 27.47 27.48 27.48 27.44 27.41 27.38 27.33 27.31 27.21 27.14 27.07 27.00 26.93 26.83 26.78 26.72 26.68 26.65 26.64 26.64 26.68 26.75 26.84 26.93 27.02 27.09 27.13 27.17 27.19 27.20 27.20 27.19 27.18 27.16 27.15 27.14 27.13 27.12 27.12 27.15 27.17 27.21 27.24 27.28 27.31 27.34 27.37 27.38 27.39 27.39
27.50 27.52 27.55 27.57 27.60 27.62 27.66 27.69 27.73 27.74 27.71 27.66 27.60 27.54 27.48 27.43 27.40 27.37 27.34 27.33 27.32 27.32 27.32 27.33 27.36 27.40 27.45 27.50 27.52 27.51 27.47 27.44 27.39 27.34 27.31 27.22 27.13 27.06 26.97 26.91 26.83 26.74 26.69 26.63 26.60 26.57 26.56 26.60 26.69 26.81 26.92 27.02 27.09 27.14 27.17 27.19 27.20 27.19 27.18 27.16 27.14 27.13 27.12 27.11 27.11 27.11 27.13 27.17 27.20 27.24 27.28 27.32 27.36 27.39 27.42 27.43 27.43
27.50 27.53 27.56 27.60 27.63 27.66 27.70 27.74 27.79 27.83 27.79 27.72 27.63 27.56 27.49 27.45 27.41 27.37 27.33 27.31 27.31 27.31 27.31 27.32 27.35 27.40 27.46 27.52 27.56 27.54 27.49 27.45 27.39 27.37 27.29 27.22 27.13 27.05 26.96 26.90 26.82 26.73 26.66 26.60 26.55 26.51 26.48 26.52 26.65 26.79 26.93 27.05 27.11 27.15 27.17 27.19 27.20 27.19 27.17 27.15 27.13 27.11 27.11 27.11 27.10 27.10 27.13 27.17 27.20 27.25 27.29 27.33 27.38 27.42 27.46 27.47 27.47
27.50 27.54 27.57 27.61 27.64 27.68 27.72 27.77 27.82 27.86 27.82 27.74 27.65 27.58 27.51 27.46 27.42 27.37 27.33 27.31 27.30 27.30 27.30 27.31 27.34 27.39 27.45 27.52 27.56 27.53 27.48 27.45 27.43 27.36 27.28 27.21 27.11 27.04 26.97 26.90 26.82 26.73 26.66 26.60 26.55 26.51 26.46 26.51 26.65 26.79 26.93 27.06 27.12 27.16 27.18 27.20 27.20 27.20 27.18 27.16 27.13 27.12 27.12 27.11 27.11 27.11 27.13 27.17 27.21 27.25 27.29 27.34 27.40 27.44 27.48 27.50 27.50
27.50 27.53 27.57 27.61 27.65 27.69 27.72 27.76 27.80 27.82 27.79 27.74 27.67 27.60 27.53 27.47 27.43 27.38 27.36 27.33 27.32 27.31 27.31 27.31 27.34 27.38 27.43 27.47 27.50 27.50 27.46 27.44 27.41 27.35 27.31 27.21 27.11 27.04 26.97 26.90 26.83 26.73 26.68 26.63 26.58 26.55 26.54 26.59 26.69 26.81 26.94 27.04 27.11 27.16 27.19 27.21 27.21 27.21 27.20 27.18 27.16 27.14 27.14 27.13 27.12 27.13 27.14 27.18 27.21 27.26 27.30 27.35 27.40 27.45 27.49 27.51 27.53
27.49 27.53 27.56 27.60 27.64 27.68 27.71 27.74 27.77 27.78 27.76 27.72 27.66 27.61 27.55 27.50 27.46 27.41 27.38 27.35 27.33 27.32 27.31 27.32 27.33 27.36 27.40 27.43 27.44 27.43 27.42 27.42 27.41 27.36 27.30 27.21 27.13 27.07 27.00 26.93 26.83 26.77 26.71 26.66 26.63 26.62 26.63 26.68 26.75 26.85 26.95 27.04 27.12 27.17 27.20 27.22 27.23 27.23 27.22 27.21 27.19 27.18 27.17 27.16 27.15 27.15 27.18 27.20 27.22 27.26 27.31 27.35 27.41 27.46 27.49 27.52 27.54
27.49 27.51 27.55 27.59 27.62 27.66 27.68 27.71 27.73 27.73 27.72 27.69 27.65 27.61 27.56 27.51 27.47 27.43 27.39 27.36 27.34 27.32 27.31 27.31 27.32 27.34 27.36 27.39 27.39 27.38 27.38 27.39 27.38 27.35 27.30 27.20 27.13 27.07 27.01 26.94 26.85 26.80 26.75 26.71 26.69 26.69 26.71 26.76 26.82 26.90 26.98 27.06 27.12 27.18 27.22 27.25 27.26 27.26 27.26 27.24 27.23 27.21 27.20 27.19 27.17 27.17 27.20 27.22 27.24 27.27 27.30 27.34 27.40 27.46 27.49 27.53 27.55
27.47 27.50 27.53 27.57 27.60 27.62 27.65 27.67 27.69 27.69 27.69 27.67 27.63 27.60 27.56 27.52 27.47 27.43 27.39 27.36 27.33 27.32 27.30 27.30 27.30 27.31 27.33 27.35 27.36 27.37 27.34 27.35 27.34 27.32 27.28 27.18 27.13 27.07 27.01 26.96 26.88 26.83 26.79 26.76 26.75 26.77 26.79 26.83 26.89 26.95 27.02 27.09 27.15 27.20 27.25 27.28 27.29 27.30 27.29 27.28 27.27 27.25 27.23 27.22 27.20 27.19 27.20 27.24 27.25 27.28 27.31 27.35 27.40 27.44 27.49 27.53 27.55
27.46 27.48 27.51 27.54 27.56 27.59 27.61 27.63 27.64 27.65 27.64 27.63 27.61 27.58 27.55 27.51 27.47 27.43 27.39 27.35 27.33 27.30 27.29 27.28 27.28 27.29 27.30 27.31 27.30 27.30 27.31 27.31 27.30 27.27 27.23 27.17 27.13 27.07 27.02 26.96 26.89 26.85 26.84 26.82 26.82 26.83 26.86 26.90 26.95 27.01 27.07 27.13 27.19 27.24 27.28 27.31 27.33 27.34 27.33 27.32 27.30 27.29 27.26 27.24 27.22 27.24 27.25 27.25 27.27 27.29 27.32 27.35 27.39 27.43 27.47 27.52 27.56
27.44 27.46 27.48 27.50 27.52 27.55 27.56 27.58 27.59 27.59 27.60 27.59 27.58 27.56 27.53 27.50 27.46 27.42 27.37 27.34 27.31 27.29 27.27 27.26 27.26 27.26 27.26 27.27 27.25 27.25 27.26 27.27 27.26 27.24 27.21 27.16 27.09 27.08 27.03 26.98 26.92 26.89 26.88 26.88 26.88 26.90 26.93 26.96 27.01 27.06 27.13 27.18 27.23 27.28 27.32 27.35 27.37 27.38 27.37 27.36 27.34 27.32 27.29 27.27 27.25 27.27 27.27 27.27 27.29 27.30 27.32 27.35 27.39 27.43 27.47 27.51 27.54
27.42 27.44 27.44 27.47 27.49 27.50 27.52 27.53 27.53 27.53 27.54 27.55 27.55 27.54 27.52 27.48 27.44 27.40 27.36 27.32 27.29 27.27 27.25 27.24 27.23 27.23 27.23 27.22 27.20 27.21 27.22 27.23 27.22 27.21 27.19 27.15 27.09 27.05 27.04 27.00 26.97 26.96 26.95 26.95 26.96 26.97 26.99 27.02 27.07 27.12 27.17 27.23 27.28 27.32 27.36 27.40 27.42 27.42 27.41 27.39 27.37 27.34 27.31 27.29 27.27 27.28 27.28 27.29 27.30 27.31 27.33 27.36 27.39 27.43 27.47 27.50 27.53
27.41 27.40 27.42 27.44 27.45 27.47 27.48 27.48 27.47 27.47 27.47 27.50 27.51 27.51 27.50 27.47 27.42 27.38 27.34 27.31 27.27 27.25 27.23 27.22 27.21 27.20 27.19 27.16 27.16 27.16 27.17 27.19 27.19 27.18 27.17 27.15 27.10 27.06 27.07 27.04 27.03 27.00 26.99 26.99 27.01 27.02 27.05 27.08 27.12 27.17 27.22 27.27 27.31 27.36 27.40 27.44 27.46 27.46 27.44 27.42 27.40 27.37 27.33 27.31 27.29 27.30 27.29 27.29 27.31 27.32 27.33 27.36 27.39 27.43 27.46 27.49 27.52
27.39 27.39 27.40 27.41 27.43 27.44 27.44 27.43 27.42 27.41 27.42 27.45 27.47 27.48 27.48 27.44 27.39 27.35 27.31 27.28 27.25 27.23 27.21 27.20 27.19 27.17 27.15 27.13 27.11 27.12 27.14 27.15 27.16 27.16 27.15 27.14 27.13 27.11 27.08 27.07 27.05 27.03 27.03 27.03 27.05 27.07 27.09 27.12 27.16 27.20 27.25 27.29 27.34 27.38 27.42 27.46 27.49 27.48 27.46 27.44 27.41 27.38 27.35 27.32 27.32 27.31 27.30 27.30 27.31 27.32 27.35 27.37 27.39 27.42 27.46 27.48 27.51
27.38 27.39 27.39 27.40 27.40 27.41 27.41 27.40 27.39 27.38 27.39 27.40 27.42 27.43 27.42 27.39 27.35 27.31 27.28 27.25 27.22 27.20 27.18 27.17 27.16 27.14 27.12 27.10 27.09 27.09 27.11 27.12 27.13 27.14 27.15 27.13 27.12 27.10 27.08 27.08 27.07 27.06 27.06 27.07 27.09 27.10 27.12 27.15 27.19 27.23 27.27 27.31 27.35 27.39 27.43 27.46 27.47 27.47 27.46 27.43 27.41 27.38 27.35 27.33 27.33 27.32 27.31 27.31 27.32 27.33 27.35 27.37 27.40 27.41 27.45 27.47 27.50
27.38 27.38 27.38 27.38 27.39 27.39 27.38 27.37 27.36 27.36 27.36 27.36 27.37 27.37 27.36 27.33 27.30 27.28 27.24 27.21 27.19 27.17 27.16 27.14 27.13 27.11 27.10 27.09 27.07 27.08 27.09 27.10 27.12 27.12 27.12 27.14 27.11 27.10 27.09 27.09 27.09 27.09 27.09 27.10 27.12 27.13 27.15 27.18 27.21 27.25 27.28 27.32 27.35 27.39 27.41 27.43 27.44 27.45 27.43 27.41 27.39 27.37 27.35 27.33 27.32 27.33 27.32 27.32 27.32 27.34 27.35 27.37 27.39 27.41 27.44 27.46 27.48
27.38 27.38 27.38 27.38 27.38 27.37 27.36 27.35 27.34 27.33 27.33 27.33 27.32 27.32 27.30 27.28 27.25 27.22 27.20 27.17 27.16 27.14 27.13 27.12 27.10 27.09 27.08 27.07 27.06 27.06 27.07 27.09 27.10 27.10 27.12 27.12 27.10 27.10 27.09 27.09 27.11 27.11 27.11 27.13 27.14 27.16 27.18 27.21 27.23 27.26 27.29 27.32 27.35 27.37 27.39 27.41 27.41 27.41 27.40 27.39 27.38 27.36 27.35 27.34 27.33 27.33 27.33 27.32 27.33 27.33 27.35 27.36 27.38 27.40 27.43 27.45 27.47
27.39 27.38 27.38 27.38 27.37 27.37 27.35 27.34 27.32 27.31 27.31 27.30 27.29 27.28 27.25 27.23 27.21 27.18 27.15 27.14 27.12 27.10 27.10 27.10 27.08 27.08 27.07 27.06 27.05 27.07 27.07 27.08 27.09 27.10 27.10 27.08 27.08 27.09 27.09 27.10 27.12 27.13 27.14 27.15 27.17 27.18 27.20 27.22 27.25 27.27 27.29 27.32 27.34 27.35 27.36 27.37 27.37 27.37 27.36 27.35 27.36 27.35 27.35 27.34 27.33 27.33 27.33 27.33 27.33 27.34 27.35 27.37 27.39 27.41 27.42 27.45 27.46
27.40 27.40 27.39 27.38 27.38 27.36 27.35 27.33 27.32 27.30 27.28 27.27 27.28 27.26 27.24 27.19 27.16 27.13 27.12 27.10 27.09 27.09 27.09 27.09 27.08 27.08 27.06 27.08 27.06 27.06 27.07 27.08 27.08 27.08 27.08 27.08 27.07 27.08 27.10 27.11 27.13 27.14 27.16 27.18 27.20 27.21 27.23 27.24 27.26 27.28 27.29 27.31 27.32 27.33 27.33 27.33 27.33 27.32 27.32 27.32 27.34 27.33 27.34 27.34 27.34 27.35 27.35 27.34 27.35 27.35 27.37 27.38 27.39 27.40 27.42 27.44 27.46
