data/Validacao/T221015.grd
DSAA
94	94
0.0000	100.0000
0.0000	100.0000
26.4649	27.9656
[rows 34 to 67 of 94, columns 0 to 76 of 94]
27.42 27.42 27.42 27.41 27.40 27.38 27.36 27.36 27.34 27.32 27.30 27.28 27.26 27.23 27.20 27.17 27.13 27.10 27.07 27.06 27.05 27.06 27.06 27.07 27.07 27.07 27.08 27.08 27.08 27.09 27.08 27.08 27.08 27.08 27.08 27.08 27.07 27.08 27.09 27.12 27.14 27.16 27.18 27.21 27.22 27.24 27.25 27.27 27.28 27.29 27.30 27.31 27.31 27.31 27.30 27.29 27.29 27.29 27.29 27.31 27.32 27.32 27.33 27.35 27.35 27.35 27.35 27.36 27.36 27.36 27.37 27.37 27.38 27.40 27.41 27.44 27.45
27.46 27.45 27.44 27.43 27.41 27.41 27.39 27.37 27.34 27.32 27.29 27.26 27.24 27.21 27.18 27.14 27.09 27.06 27.03 27.01 27.02 27.03 27.04 27.06 27.06 27.07 27.08 27.09 27.09 27.10 27.11 27.09 27.09 27.09 27.08 27.08 27.07 27.08 27.10 27.12 27.15 27.18 27.20 27.23 27.25 27.26 27.27 27.29 27.30 27.30 27.30 27.30 27.30 27.29 27.27 27.26 27.26 27.26 27.27 27.28 27.30 27.33 27.34 27.34 27.35 27.34 27.36 27.36 27.37 27.36 27.37 27.37 27.39 27.40 27.41 27.43 27.45
27.47 27.47 27.45 27.45 27.44 27.42 27.40 27.37 27.35 27.32 27.29 27.26 27.23 27.19 27.16 27.11 27.07 27.02 26.98 26.97 26.98 27.01 27.03 27.05 27.07 27.07 27.08 27.11 27.11 27.12 27.13 27.11 27.11 27.10 27.10 27.09 27.08 27.09 27.11 27.14 27.17 27.20 27.22 27.26 27.27 27.30 27.31 27.31 27.32 27.32 27.31 27.31 27.29 27.28 27.26 27.24 27.23 27.23 27.24 27.26 27.28 27.31 27.32 27.33 27.35 27.36 27.36 27.37 27.37 27.37 27.37 27.38 27.39 27.39 27.40 27.42 27.45
27.49 27.49 27.48 27.46 27.45 27.43 27.41 27.38 27.35 27.32 27.29 27.26 27.22 27.18 27.15 27.10 27.05 27.00 26.95 26.93 26.97 27.00 27.03 27.06 27.08 27.08 27.10 27.12 27.13 27.15 27.16 27.16 27.14 27.12 27.12 27.11 27.10 27.10 27.13 27.16 27.19 27.22 27.26 27.29 27.30 27.32 27.34 27.35 27.34 27.34 27.33 27.32 27.30 27.28 27.25 27.23 27.21 27.23 27.24 27.27 27.29 27.30 27.32 27.34 27.35 27.35 27.37 27.37 27.38 27.38 27.38 27.38 27.39 27.40 27.40 27.42 27.45
27.50 27.49 27.48 27.47 27.46 27.44 27.42 27.39 27.36 27.33 27.30 27.26 27.23 27.19 27.14 27.10 27.05 27.01 26.97 26.95 26.98 27.01 27.05 27.06 27.09 27.12 27.14 27.15 27.16 27.18 27.18 27.19 27.18 27.16 27.15 27.14 27.14 27.14 27.16 27.19 27.23 27.26 27.28 27.32 27.34 27.36 27.37 27.38 27.38 27.37 27.36 27.34 27.32 27.29 27.27 27.24 27.23 27.23 27.24 27.27 27.28 27.30 27.32 27.33 27.34 27.36 27.38 27.38 27.38 27.38 27.39 27.40 27.40 27.41 27.41 27.43 27.46
27.50 27.49 27.49 27.48 27.46 27.44 27.42 27.40 27.37 27.34 27.31 27.27 27.23 27.20 27.15 27.11 27.07 27.04 27.01 27.00 27.02 27.03 27.06 27.09 27.12 27.15 27.16 27.18 27.20 27.21 27.21 27.22 27.22 27.19 27.18 27.18 27.18 27.19 27.21 27.24 27.27 27.30 27.33 27.36 27.38 27.40 27.42 27.42 27.42 27.42 27.39 27.37 27.34 27.32 27.29 27.26 27.26 27.25 27.26 27.27 27.29 27.30 27.32 27.34 27.36 27.37 27.39 27.39 27.40 27.40 27.41 27.41 27.42 27.42 27.43 27.45 27.47
27.50 27.50 27.49 27.48 27.47 27.45 27.43 27.41 27.38 27.35 27.31 27.29 27.25 27.21 27.17 27.13 27.10 27.07 27.06 27.05 27.06 27.07 27.10 27.12 27.16 27.18 27.20 27.22 27.23 27.24 27.25 27.26 27.25 27.25 27.22 27.22 27.22 27.24 27.26 27.28 27.31 27.34 27.37 27.40 27.44 27.45 27.46 27.47 27.47 27.46 27.44 27.40 27.38 27.35 27.33 27.31 27.29 27.28 27.28 27.28 27.30 27.31 27.33 27.35 27.37 27.39 27.41 27.41 27.42 27.42 27.43 27.44 27.44 27.44 27.45 27.47 27.50
27.50 27.50 27.50 27.49 27.48 27.46 27.44 27.42 27.39 27.36 27.33 27.30 27.27 27.22 27.20 27.17 27.14 27.12 27.11 27.10 27.11 27.12 27.14 27.18 27.20 27.21 27.23 27.26 27.27 27.28 27.28 27.28 27.29 27.28 27.28 27.28 27.29 27.30 27.30 27.32 27.35 27.39 27.43 27.47 27.50 27.51 27.53 27.53 27.52 27.50 27.48 27.45 27.42 27.40 27.37 27.34 27.32 27.32 27.31 27.30 27.32 27.32 27.35 27.37 27.38 27.40 27.42 27.44 27.45 27.44 27.45 27.46 27.47 27.48 27.49 27.50 27.52
27.50 27.50 27.50 27.50 27.49 27.47 27.46 27.43 27.41 27.38 27.35 27.32 27.28 27.25 27.23 27.20 27.18 27.16 27.15 27.15 27.16 27.16 27.18 27.20 27.24 27.26 27.28 27.29 27.31 27.31 27.32 27.32 27.32 27.31 27.31 27.31 27.32 27.34 27.36 27.38 27.41 27.45 27.49 27.51 27.54 27.58 27.59 27.59 27.58 27.57 27.54 27.52 27.48 27.45 27.42 27.39 27.37 27.35 27.34 27.33 27.34 27.36 27.35 27.37 27.38 27.40 27.45 27.46 27.47 27.47 27.46 27.47 27.48 27.50 27.52 27.52 27.54
27.51 27.50 27.50 27.50 27.50 27.49 27.47 27.45 27.43 27.40 27.38 27.35 27.32 27.29 27.27 27.24 27.22 27.21 27.20 27.20 27.20 27.22 27.23 27.27 27.29 27.31 27.32 27.34 27.34 27.35 27.35 27.35 27.35 27.34 27.34 27.34 27.35 27.37 27.40 27.42 27.45 27.49 27.54 27.58 27.60 27.64 27.66 27.66 27.64 27.65 27.62 27.59 27.55 27.50 27.48 27.45 27.40 27.38 27.36 27.36 27.35 27.37 27.38 27.39 27.41 27.42 27.43 27.45 27.47 27.46 27.49 27.49 27.50 27.51 27.53 27.54 27.56
27.51 27.52 27.52 27.51 27.50 27.50 27.48 27.47 27.45 27.43 27.41 27.38 27.35 27.33 27.30 27.29 27.27 27.26 27.26 27.26 27.26 27.28 27.30 27.32 27.34 27.36 27.38 27.38 27.39 27.39 27.39 27.38 27.38 27.37 27.37 27.37 27.38 27.40 27.42 27.45 27.49 27.53 27.57 27.62 27.66 27.70 27.72 27.73 27.72 27.71 27.68 27.64 27.60 27.56 27.52 27.49 27.44 27.42 27.39 27.39 27.39 27.40 27.41 27.42 27.43 27.44 27.46 27.47 27.48 27.48 27.50 27.50 27.52 27.53 27.55 27.56 27.57
27.52 27.52 27.52 27.52 27.52 27.50 27.50 27.49 27.47 27.45 27.44 27.41 27.39 27.37 27.35 27.34 27.32 27.32 27.32 27.32 27.32 27.33 27.35 27.37 27.39 27.40 27.42 27.43 27.43 27.43 27.42 27.41 27.39 27.39 27.38 27.39 27.40 27.42 27.45 27.48 27.51 27.55 27.61 27.66 27.71 27.75 27.78 27.79 27.78 27.75 27.72 27.69 27.64 27.60 27.55 27.53 27.48 27.45 27.43 27.43 27.42 27.42 27.44 27.45 27.46 27.47 27.48 27.49 27.49 27.50 27.51 27.51 27.52 27.54 27.56 27.57 27.60
27.52 27.52 27.52 27.52 27.52 27.52 27.51 27.50 27.49 27.48 27.47 27.45 27.43 27.40 27.39 27.39 27.38 27.38 27.38 27.38 27.38 27.39 27.40 27.42 27.43 27.45 27.47 27.47 27.48 27.46 27.44 27.42 27.41 27.40 27.40 27.40 27.42 27.44 27.46 27.50 27.53 27.57 27.63 27.68 27.74 27.79 27.84 27.85 27.83 27.79 27.76 27.72 27.67 27.63 27.58 27.55 27.52 27.49 27.47 27.47 27.46 27.47 27.47 27.48 27.49 27.49 27.50 27.51 27.52 27.51 27.51 27.52 27.53 27.55 27.58 27.60 27.62
27.54 27.52 27.52 27.52 27.52 27.52 27.52 27.52 27.51 27.51 27.50 27.48 27.46 27.45 27.44 27.44 27.43 27.43 27.43 27.44 27.44 27.45 27.45 27.47 27.48 27.49 27.50 27.50 27.50 27.48 27.46 27.44 27.42 27.41 27.41 27.42 27.43 27.45 27.47 27.51 27.54 27.60 27.64 27.70 27.75 27.81 27.86 27.87 27.85 27.82 27.78 27.73 27.70 27.66 27.63 27.58 27.55 27.53 27.51 27.51 27.50 27.50 27.51 27.51 27.51 27.52 27.52 27.53 27.52 27.53 27.53 27.54 27.55 27.56 27.58 27.60 27.63
27.54 27.54 27.54 27.54 27.53 27.53 27.53 27.53 27.53 27.53 27.52 27.51 27.50 27.49 27.48 27.48 27.48 27.49 27.49 27.49 27.49 27.50 27.50 27.52 27.52 27.53 27.53 27.52 27.52 27.50 27.47 27.44 27.43 27.42 27.41 27.42 27.43 27.45 27.48 27.51 27.54 27.60 27.64 27.69 27.75 27.80 27.84 27.85 27.84 27.82 27.80 27.75 27.72 27.69 27.66 27.62 27.59 27.56 27.54 27.54 27.53 27.53 27.54 27.54 27.55 27.55 27.55 27.55 27.54 27.54 27.55 27.55 27.56 27.58 27.60 27.62 27.64
27.54 27.54 27.54 27.54 27.54 27.54 27.54 27.54 27.54 27.54 27.54 27.54 27.53 27.53 27.53 27.53 27.53 27.54 27.54 27.54 27.55 27.55 27.56 27.56 27.56 27.55 27.55 27.54 27.52 27.51 27.49 27.46 27.44 27.42 27.41 27.42 27.43 27.45 27.47 27.50 27.54 27.59 27.64 27.68 27.73 27.77 27.81 27.83 27.83 27.81 27.79 27.76 27.73 27.71 27.68 27.65 27.62 27.60 27.58 27.58 27.57 27.56 27.57 27.57 27.57 27.57 27.57 27.57 27.57 27.56 27.56 27.57 27.59 27.60 27.61 27.64 27.66
27.55 27.55 27.55 27.55 27.55 27.54 27.54 27.54 27.55 27.55 27.56 27.56 27.57 27.56 27.57 27.58 27.59 27.59 27.59 27.60 27.59 27.60 27.59 27.59 27.58 27.58 27.57 27.55 27.52 27.51 27.48 27.46 27.44 27.43 27.43 27.43 27.44 27.46 27.48 27.51 27.55 27.58 27.63 27.65 27.70 27.74 27.77 27.79 27.79 27.79 27.78 27.77 27.74 27.72 27.70 27.67 27.65 27.63 27.62 27.60 27.59 27.59 27.59 27.59 27.59 27.59 27.59 27.59 27.59 27.58 27.58 27.60 27.61 27.62 27.63 27.65 27.67
27.56 27.56 27.56 27.55 27.54 27.54 27.54 27.54 27.55 27.56 27.57 27.58 27.59 27.60 27.60 27.61 27.62 27.64 27.65 27.65 27.65 27.63 27.63 27.61 27.61 27.59 27.57 27.55 27.52 27.50 27.47 27.45 27.43 27.42 27.41 27.41 27.42 27.44 27.47 27.51 27.54 27.58 27.59 27.63 27.67 27.71 27.74 27.75 27.77 27.77 27.76 27.75 27.75 27.73 27.71 27.70 27.67 27.66 27.65 27.63 27.62 27.61 27.60 27.60 27.60 27.59 27.59 27.60 27.60 27.61 27.61 27.61 27.62 27.63 27.64 27.66 27.68
27.57 27.56 27.55 27.55 27.54 27.54 27.54 27.54 27.55 27.56 27.57 27.58 27.60 27.61 27.63 27.64 27.66 27.69 27.69 27.69 27.69 27.68 27.66 27.65 27.62 27.60 27.57 27.54 27.50 27.48 27.45 27.42 27.41 27.38 27.38 27.39 27.41 27.42 27.46 27.50 27.54 27.58 27.61 27.64 27.68 27.70 27.70 27.73 27.74 27.76 27.75 27.75 27.74 27.73 27.72 27.71 27.70 27.68 27.67 27.65 27.64 27.61 27.60 27.59 27.59 27.59 27.59 27.60 27.61 27.62 27.63 27.63 27.64 27.64 27.65 27.67 27.68
27.57 27.57 27.56 27.55 27.54 27.54 27.54 27.54 27.55 27.56 27.57 27.59 27.61 27.63 27.65 27.67 27.69 27.71 27.73 27.73 27.72 27.70 27.68 27.66 27.63 27.60 27.56 27.52 27.49 27.45 27.42 27.38 27.36 27.35 27.35 27.36 27.38 27.41 27.44 27.47 27.51 27.55 27.59 27.62 27.65 27.68 27.67 27.69 27.72 27.74 27.73 27.73 27.73 27.73 27.72 27.71 27.71 27.69 27.67 27.65 27.64 27.60 27.59 27.58 27.57 27.58 27.59 27.60 27.62 27.64 27.65 27.65 27.66 27.65 27.65 27.66 27.68
27.58 27.58 27.57 27.55 27.54 27.54 27.53 27.53 27.54 27.55 27.56 27.58 27.60 27.62 27.65 27.68 27.71 27.73 27.75 27.76 27.74 27.72 27.69 27.66 27.62 27.58 27.54 27.49 27.45 27.41 27.38 27.34 27.32 27.31 27.31 27.33 27.35 27.37 27.41 27.45 27.49 27.53 27.56 27.60 27.63 27.66 27.65 27.67 27.70 27.71 27.71 27.72 27.72 27.72 27.72 27.71 27.71 27.69 27.67 27.65 27.62 27.59 27.57 27.55 27.55 27.56 27.57 27.60 27.62 27.65 27.66 27.66 27.65 27.65 27.64 27.65 27.67
27.59 27.58 27.56 27.55 27.53 27.52 27.52 27.52 27.53 27.54 27.55 27.57 27.59 27.61 27.65 27.68 27.71 27.74 27.77 27.77 27.75 27.72 27.68 27.64 27.60 27.56 27.51 27.47 27.41 27.38 27.34 27.30 27.28 27.27 27.28 27.29 27.31 27.33 27.37 27.42 27.47 27.51 27.54 27.58 27.62 27.64 27.66 27.66 27.69 27.69 27.70 27.70 27.70 27.71 27.71 27.70 27.70 27.67 27.65 27.63 27.59 27.56 27.54 27.52 27.52 27.53 27.55 27.58 27.62 27.66 27.68 27.67 27.65 27.64 27.63 27.63 27.66
27.59 27.57 27.55 27.53 27.52 27.51 27.50 27.50 27.51 27.52 27.53 27.55 27.57 27.60 27.63 27.66 27.70 27.73 27.77 27.77 27.74 27.70 27.66 27.62 27.57 27.51 27.46 27.42 27.38 27.33 27.28 27.25 27.24 27.24 27.24 27.25 27.27 27.30 27.34 27.40 27.45 27.50 27.54 27.58 27.61 27.63 27.65 27.66 27.67 27.70 27.68 27.69 27.68 27.69 27.69 27.68 27.68 27.65 27.63 27.60 27.57 27.53 27.50 27.49 27.49 27.50 27.52 27.56 27.60 27.65 27.68 27.66 27.64 27.63 27.61 27.62 27.64
27.57 27.55 27.53 27.52 27.50 27.49 27.48 27.48 27.48 27.49 27.50 27.52 27.55 27.57 27.61 27.64 27.67 27.71 27.73 27.73 27.71 27.67 27.63 27.59 27.53 27.48 27.42 27.38 27.33 27.27 27.24 27.21 27.20 27.20 27.21 27.22 27.25 27.28 27.33 27.38 27.43 27.49 27.53 27.57 27.60 27.63 27.64 27.65 27.66 27.68 27.67 27.67 27.66 27.67 27.65 27.64 27.64 27.61 27.59 27.57 27.54 27.49 27.47 27.46 27.46 27.47 27.49 27.52 27.56 27.60 27.63 27.63 27.62 27.62 27.61 27.62 27.64
27.55 27.53 27.51 27.49 27.48 27.46 27.46 27.45 27.45 27.46 27.47 27.49 27.52 27.54 27.58 27.61 27.63 27.67 27.68 27.69 27.67 27.63 27.60 27.55 27.50 27.43 27.37 27.31 27.28 27.22 27.19 27.17 27.16 27.16 27.17 27.19 27.22 27.27 27.32 27.37 27.43 27.48 27.53 27.56 27.60 27.62 27.64 27.65 27.67 27.67 27.68 27.65 27.65 27.64 27.62 27.62 27.60 27.58 27.55 27.53 27.49 27.46 27.43 27.41 27.41 27.42 27.44 27.47 27.51 27.54 27.57 27.59 27.60 27.61 27.61 27.62 27.63
27.53 27.51 27.49 27.47 27.45 27.44 27.42 27.42 27.42 27.43 27.44 27.46 27.48 27.51 27.54 27.57 27.60 27.62 27.64 27.64 27.62 27.59 27.55 27.51 27.44 27.39 27.32 27.28 27.23 27.18 27.15 27.13 27.12 27.13 27.15 27.17 27.21 27.25 27.31 27.36 27.42 27.48 27.52 27.57 27.59 27.61 27.63 27.64 27.64 27.66 27.66 27.65 27.62 27.60 27.59 27.57 27.56 27.54 27.51 27.49 27.45 27.41 27.38 27.36 27.37 27.37 27.39 27.42 27.46 27.49 27.53 27.56 27.58 27.59 27.61 27.62 27.63
27.51 27.49 27.47 27.45 27.43 27.41 27.40 27.39 27.38 27.39 27.40 27.42 27.45 27.47 27.50 27.53 27.55 27.57 27.59 27.59 27.58 27.54 27.51 27.47 27.40 27.34 27.28 27.22 27.19 27.15 27.11 27.10 27.09 27.11 27.13 27.16 27.20 27.25 27.30 27.38 27.44 27.49 27.53 27.57 27.60 27.60 27.62 27.62 27.63 27.65 27.64 27.64 27.60 27.58 27.56 27.53 27.52 27.51 27.47 27.45 27.40 27.36 27.33 27.32 27.31 27.32 27.33 27.36 27.40 27.44 27.48 27.52 27.55 27.58 27.60 27.62 27.63
27.50 27.48 27.46 27.43 27.41 27.38 27.37 27.36 27.35 27.35 27.36 27.38 27.41 27.44 27.46 27.49 27.52 27.53 27.55 27.55 27.53 27.51 27.48 27.44 27.38 27.31 27.25 27.19 27.13 27.09 27.08 27.07 27.07 27.08 27.11 27.14 27.19 27.24 27.31 27.38 27.44 27.49 27.54 27.57 27.59 27.60 27.60 27.61 27.61 27.62 27.63 27.62 27.58 27.60 27.55 27.53 27.51 27.47 27.44 27.40 27.34 27.31 27.27 27.27 27.25 27.25 27.27 27.30 27.34 27.38 27.43 27.48 27.53 27.58 27.61 27.62 27.63
27.48 27.46 27.44 27.42 27.39 27.36 27.34 27.32 27.31 27.31 27.32 27.34 27.37 27.39 27.42 27.45 27.49 27.50 27.51 27.52 27.51 27.48 27.45 27.40 27.35 27.28 27.22 27.16 27.11 27.07 27.05 27.04 27.05 27.06 27.09 27.13 27.17 27.23 27.31 27.38 27.45 27.51 27.56 27.59 27.59 27.59 27.58 27.58 27.59 27.60 27.61 27.60 27.59 27.59 27.54 27.50 27.48 27.45 27.41 27.37 27.30 27.27 27.23 27.23 27.21 27.20 27.21 27.24 27.28 27.32 27.38 27.44 27.52 27.58 27.62 27.64 27.64
27.48 27.46 27.43 27.41 27.38 27.35 27.32 27.30 27.28 27.28 27.28 27.30 27.33 27.36 27.41 27.43 27.46 27.47 27.48 27.48 27.49 27.47 27.43 27.39 27.34 27.27 27.20 27.14 27.10 27.06 27.04 27.03 27.03 27.04 27.07 27.11 27.16 27.22 27.29 27.38 27.47 27.54 27.59 27.60 27.60 27.58 27.57 27.56 27.57 27.57 27.58 27.59 27.57 27.59 27.52 27.49 27.47 27.43 27.37 27.31 27.27 27.23 27.19 27.18 27.15 27.14 27.15 27.17 27.21 27.26 27.33 27.41 27.50 27.58 27.64 27.66 27.66
27.48 27.46 27.43 27.40 27.37 27.34 27.31 27.28 27.26 27.24 27.25 27.27 27.31 27.35 27.38 27.41 27.43 27.45 27.46 27.46 27.47 27.46 27.42 27.38 27.32 27.26 27.20 27.14 27.09 27.06 27.04 27.03 27.01 27.03 27.06 27.11 27.15 27.21 27.29 27.39 27.48 27.57 27.63 27.63 27.61 27.58 27.55 27.54 27.55 27.56 27.55 27.55 27.56 27.58 27.55 27.49 27.46 27.39 27.35 27.31 27.25 27.21 27.17 27.15 27.11 27.08 27.09 27.12 27.16 27.21 27.28 27.38 27.49 27.60 27.69 27.71 27.68
27.49 27.46 27.43 27.41 27.37 27.34 27.30 27.27 27.25 27.22 27.23 27.26 27.30 27.33 27.36 27.39 27.41 27.43 27.44 27.45 27.46 27.45 27.41 27.38 27.33 27.27 27.21 27.15 27.10 27.08 27.06 27.04 27.02 27.03 27.07 27.12 27.16 27.20 27.29 27.39 27.50 27.60 27.67 27.64 27.60 27.56 27.52 27.51 27.53 27.54 27.53 27.53 27.53 27.57 27.54 27.51 27.43 27.38 27.35 27.30 27.25 27.20 27.15 27.13 27.08 27.03 27.05 27.09 27.14 27.18 27.25 27.37 27.49 27.61 27.73 27.75 27.70
27.52 27.49 27.47 27.43 27.40 27.36 27.33 27.29 27.26 27.24 27.24 27.27 27.30 27.32 27.35 27.38 27.40 27.43 27.44 27.44 27.47 27.44 27.42 27.39 27.34 27.29 27.24 27.19 27.15 27.13 27.11 27.09 27.08 27.09 27.12 27.15 27.19 27.24 27.31 27.40 27.49 27.57 27.62 27.61 27.58 27.55 27.51 27.50 27.51 27.52 27.52 27.51 27.52 27.55 27.52 27.51 27.44 27.38 27.35 27.31 27.25 27.21 27.18 27.14 27.09 27.06 27.07 27.11 27.15 27.19 27.27 27.37 27.49 27.60 27.69 27.72 27.69
27.53 27.51 27.48 27.45 27.41 27.38 27.34 27.31 27.28 27.27 27.27 27.28 27.30 27.33 27.36 27.38 27.41 27.43 27.45 27.46 27.47 27.45 27.43 27.41 27.37 27.33 27.29 27.25 27.22 27.19 27.18 27.16 27.16 27.16 27.18 27.21 27.25 27.29 27.35 27.41 27.48 27.53 27.56 27.56 27.55 27.52 27.49 27.49 27.49 27.50 27.51 27.50 27.53 27.53 27.52 27.52 27.45 27.42 27.37 27.33 27.28 27.24 27.21 27.17 27.14 27.12 27.12 27.15 27.19 27.24 27.31 27.39 27.48 27.58 27.65 27.68 27.67
