data/Validacao/T251115.grd
DSAA
94	94
0.0000	100.0000
0.0000	100.0000
24.7312	25.6259
[rows 0 to 33 of 94, columns 0 to 76 of 94]
25.03 25.04 25.06 25.07 25.09 25.11 25.13 25.14 25.16 25.17 25.19 25.21 25.23 25.25 25.28 25.29 25.31 25.33 25.35 25.36 25.36 25.38 25.38 25.38 25.38 25.39 25.39 25.39 25.38 25.38 25.37 25.37 25.37 25.36 25.36 25.35 25.35 25.34 25.35 25.36 25.37 25.38 25.39 25.40 25.41 25.42 25.43 25.43 25.45 25.45 25.45 25.45 25.45 25.45 25.43 25.43 25.43 25.43 25.44 25.45 25.45 25.45 25.45 25.45 25.45 25.45 25.43 25.42 25.42 25.42 25.42 25.41 25.41 25.40 25.40 25.39 25.37
25.03 25.04 25.06 25.07 25.09 25.11 25.13 25.14 25.16 25.18 25.20 25.21 25.23 25.25 25.28 25.29 25.31 25.33 25.35 25.36 25.37 25.38 25.39 25.39 25.39 25.39 25.40 25.39 25.39 25.39 25.38 25.37 25.37 25.37 25.36 25.36 25.35 25.35 25.36 25.37 25.38 25.39 25.40 25.41 25.42 25.43 25.44 25.44 25.46 25.46 25.46 25.46 25.46 25.46 25.45 25.44 25.44 25.45 25.46 25.46 25.46 25.46 25.46 25.46 25.46 25.46 25.44 25.44 25.43 25.43 25.43 25.42 25.41 25.41 25.40 25.38 25.37
25.03 25.04 25.06 25.07 25.09 25.11 25.13 25.15 25.16 25.18 25.20 25.22 25.23 25.25 25.27 25.29 25.31 25.33 25.35 25.36 25.37 25.38 25.39 25.39 25.40 25.40 25.40 25.40 25.39 25.39 25.38 25.38 25.37 25.37 25.37 25.36 25.36 25.36 25.37 25.37 25.38 25.39 25.41 25.42 25.43 25.44 25.45 25.45 25.47 25.47 25.47 25.47 25.47 25.47 25.47 25.46 25.46 25.46 25.47 25.47 25.47 25.47 25.47 25.47 25.47 25.47 25.46 25.44 25.44 25.43 25.43 25.42 25.41 25.41 25.39 25.38 25.37
25.03 25.05 25.06 25.07 25.09 25.11 25.13 25.15 25.16 25.18 25.20 25.22 25.23 25.25 25.27 25.29 25.31 25.33 25.34 25.36 25.37 25.38 25.38 25.40 25.40 25.41 25.41 25.41 25.40 25.39 25.39 25.38 25.38 25.37 25.37 25.37 25.37 25.37 25.37 25.38 25.39 25.40 25.41 25.42 25.44 25.45 25.46 25.46 25.47 25.48 25.48 25.48 25.48 25.48 25.48 25.48 25.48 25.48 25.48 25.48 25.48 25.48 25.48 25.48 25.48 25.47 25.47 25.46 25.44 25.44 25.43 25.42 25.41 25.40 25.39 25.38 25.37
25.04 25.05 25.06 25.07 25.09 25.11 25.13 25.14 25.16 25.18 25.20 25.21 25.23 25.25 25.27 25.28 25.30 25.32 25.34 25.35 25.37 25.38 25.38 25.40 25.41 25.41 25.41 25.41 25.40 25.39 25.39 25.38 25.38 25.37 25.37 25.37 25.37 25.37 25.37 25.38 25.39 25.40 25.42 25.43 25.44 25.45 25.47 25.47 25.48 25.49 25.49 25.49 25.49 25.49 25.49 25.50 25.49 25.49 25.49 25.49 25.49 25.49 25.49 25.49 25.48 25.48 25.47 25.47 25.44 25.44 25.43 25.42 25.41 25.40 25.39 25.38 25.36
25.03 25.04 25.06 25.07 25.09 25.11 25.13 25.14 25.16 25.18 25.20 25.21 25.23 25.24 25.26 25.28 25.30 25.32 25.33 25.35 25.37 25.38 25.39 25.40 25.41 25.41 25.41 25.41 25.40 25.40 25.39 25.38 25.38 25.37 25.37 25.37 25.37 25.37 25.37 25.38 25.39 25.40 25.42 25.43 25.45 25.46 25.47 25.48 25.49 25.50 25.50 25.50 25.50 25.50 25.51 25.51 25.50 25.50 25.50 25.50 25.49 25.50 25.50 25.49 25.49 25.48 25.47 25.47 25.46 25.44 25.43 25.42 25.41 25.39 25.38 25.37 25.36
25.03 25.04 25.06 25.07 25.09 25.11 25.12 25.14 25.16 25.18 25.19 25.21 25.22 25.23 25.25 25.27 25.29 25.31 25.33 25.35 25.36 25.38 25.39 25.40 25.40 25.41 25.41 25.41 25.40 25.39 25.39 25.38 25.38 25.37 25.37 25.37 25.37 25.37 25.37 25.38 25.39 25.40 25.42 25.43 25.45 25.47 25.48 25.49 25.50 25.50 25.51 25.51 25.51 25.51 25.51 25.51 25.52 25.51 25.51 25.50 25.50 25.50 25.50 25.49 25.49 25.48 25.47 25.47 25.46 25.43 25.42 25.41 25.40 25.39 25.37 25.36 25.35
25.03 25.04 25.05 25.07 25.09 25.10 25.12 25.14 25.16 25.18 25.19 25.20 25.21 25.22 25.24 25.26 25.28 25.30 25.32 25.34 25.36 25.38 25.39 25.40 25.40 25.41 25.41 25.41 25.40 25.39 25.39 25.38 25.37 25.37 25.37 25.36 25.36 25.36 25.37 25.37 25.38 25.40 25.42 25.43 25.45 25.47 25.48 25.50 25.50 25.51 25.51 25.51 25.51 25.51 25.52 25.52 25.52 25.52 25.51 25.51 25.50 25.50 25.49 25.49 25.49 25.48 25.47 25.46 25.44 25.44 25.41 25.40 25.39 25.38 25.37 25.35 25.34
25.03 25.04 25.05 25.06 25.08 25.10 25.12 25.14 25.16 25.18 25.19 25.20 25.20 25.21 25.22 25.24 25.27 25.29 25.32 25.34 25.36 25.37 25.39 25.39 25.40 25.39 25.41 25.41 25.39 25.39 25.38 25.37 25.37 25.36 25.36 25.36 25.35 25.35 25.36 25.37 25.38 25.39 25.41 25.43 25.45 25.47 25.49 25.50 25.51 25.50 25.51 25.51 25.51 25.52 25.52 25.52 25.53 25.52 25.52 25.51 25.50 25.49 25.49 25.49 25.48 25.48 25.47 25.45 25.44 25.42 25.41 25.39 25.38 25.37 25.35 25.34 25.33
25.02 25.03 25.04 25.06 25.08 25.09 25.11 25.14 25.16 25.18 25.19 25.19 25.19 25.20 25.20 25.23 25.26 25.29 25.31 25.34 25.35 25.37 25.38 25.39 25.39 25.39 25.38 25.40 25.39 25.38 25.37 25.36 25.36 25.35 25.35 25.34 25.34 25.34 25.35 25.35 25.36 25.38 25.40 25.42 25.44 25.46 25.49 25.50 25.50 25.50 25.50 25.51 25.51 25.51 25.52 25.52 25.53 25.52 25.51 25.50 25.50 25.49 25.48 25.47 25.48 25.47 25.45 25.44 25.42 25.41 25.40 25.38 25.37 25.35 25.34 25.33 25.32
25.01 25.02 25.04 25.05 25.07 25.09 25.11 25.13 25.15 25.17 25.18 25.18 25.19 25.19 25.20 25.22 25.25 25.28 25.30 25.33 25.34 25.35 25.37 25.38 25.38 25.37 25.37 25.38 25.38 25.36 25.35 25.35 25.34 25.34 25.33 25.33 25.33 25.33 25.33 25.34 25.35 25.36 25.38 25.40 25.42 25.44 25.46 25.48 25.48 25.48 25.48 25.49 25.49 25.50 25.51 25.51 25.51 25.50 25.50 25.49 25.48 25.48 25.47 25.46 25.46 25.45 25.44 25.42 25.41 25.39 25.38 25.37 25.36 25.33 25.32 25.31 25.30
25.01 25.02 25.03 25.04 25.06 25.08 25.10 25.12 25.14 25.15 25.17 25.17 25.18 25.19 25.20 25.22 25.25 25.27 25.29 25.31 25.32 25.34 25.35 25.35 25.36 25.35 25.35 25.34 25.36 25.34 25.33 25.33 25.32 25.32 25.32 25.31 25.31 25.31 25.32 25.32 25.33 25.34 25.36 25.37 25.39 25.41 25.43 25.44 25.44 25.45 25.46 25.47 25.47 25.48 25.49 25.49 25.49 25.49 25.48 25.47 25.47 25.46 25.46 25.45 25.44 25.43 25.42 25.40 25.39 25.38 25.36 25.35 25.34 25.31 25.30 25.29 25.28
25.00 25.01 25.02 25.03 25.05 25.07 25.09 25.11 25.12 25.14 25.15 25.16 25.17 25.18 25.20 25.22 25.24 25.26 25.28 25.29 25.31 25.32 25.33 25.33 25.33 25.33 25.33 25.32 25.34 25.32 25.31 25.30 25.30 25.30 25.29 25.29 25.29 25.29 25.30 25.30 25.31 25.32 25.33 25.35 25.36 25.37 25.39 25.40 25.41 25.42 25.43 25.44 25.45 25.46 25.46 25.47 25.47 25.46 25.46 25.45 25.45 25.44 25.44 25.43 25.42 25.41 25.40 25.39 25.37 25.36 25.34 25.33 25.31 25.30 25.28 25.27 25.26
24.98 24.99 25.00 25.02 25.04 25.06 25.07 25.09 25.11 25.13 25.14 25.15 25.17 25.19 25.20 25.21 25.23 25.25 25.26 25.28 25.29 25.30 25.30 25.31 25.31 25.30 25.30 25.30 25.31 25.29 25.29 25.28 25.28 25.28 25.27 25.27 25.27 25.27 25.27 25.28 25.28 25.29 25.31 25.31 25.32 25.34 25.35 25.36 25.37 25.38 25.40 25.41 25.42 25.43 25.43 25.44 25.44 25.44 25.44 25.43 25.43 25.42 25.42 25.41 25.40 25.39 25.38 25.36 25.35 25.33 25.32 25.30 25.28 25.27 25.25 25.24 25.24
24.96 24.98 24.99 25.01 25.03 25.04 25.06 25.08 25.10 25.12 25.13 25.14 25.17 25.18 25.19 25.20 25.22 25.23 25.25 25.26 25.27 25.27 25.28 25.28 25.28 25.28 25.28 25.27 25.27 25.27 25.26 25.26 25.25 25.26 25.25 25.25 25.25 25.25 25.25 25.25 25.26 25.27 25.28 25.28 25.29 25.30 25.31 25.31 25.33 25.35 25.36 25.38 25.39 25.40 25.41 25.41 25.42 25.42 25.41 25.41 25.40 25.40 25.39 25.39 25.38 25.37 25.37 25.36 25.33 25.31 25.29 25.28 25.26 25.24 25.23 25.21 25.21
24.95 24.96 24.98 24.99 25.01 25.03 25.05 25.07 25.09 25.11 25.12 25.14 25.15 25.17 25.18 25.19 25.21 25.22 25.23 25.24 25.25 25.25 25.26 25.26 25.26 25.26 25.25 25.25 25.22 25.24 25.24 25.23 25.23 25.23 25.23 25.23 25.23 25.23 25.23 25.23 25.23 25.24 25.24 25.25 25.25 25.26 25.26 25.27 25.29 25.31 25.33 25.34 25.36 25.37 25.38 25.39 25.39 25.39 25.39 25.39 25.38 25.38 25.37 25.36 25.36 25.35 25.34 25.33 25.31 25.29 25.27 25.25 25.23 25.21 25.20 25.19 25.18
24.94 24.95 24.96 24.98 25.00 25.02 25.04 25.06 25.08 25.10 25.11 25.13 25.14 25.15 25.17 25.18 25.19 25.21 25.22 25.23 25.23 25.23 25.23 25.23 25.23 25.23 25.23 25.22 25.20 25.22 25.21 25.21 25.21 25.21 25.21 25.21 25.20 25.20 25.21 25.21 25.21 25.21 25.21 25.21 25.22 25.22 25.22 25.23 25.25 25.27 25.29 25.31 25.33 25.34 25.35 25.36 25.37 25.37 25.37 25.36 25.36 25.35 25.35 25.34 25.33 25.33 25.32 25.31 25.28 25.26 25.24 25.22 25.20 25.18 25.17 25.16 25.15
24.93 24.94 24.95 24.97 24.99 25.01 25.03 25.05 25.07 25.09 25.11 25.12 25.13 25.14 25.15 25.17 25.18 25.19 25.20 25.21 25.21 25.21 25.21 25.21 25.21 25.20 25.20 25.20 25.18 25.19 25.19 25.19 25.19 25.19 25.18 25.18 25.18 25.18 25.18 25.19 25.19 25.19 25.19 25.18 25.18 25.18 25.17 25.19 25.21 25.24 25.26 25.28 25.30 25.32 25.33 25.34 25.34 25.35 25.34 25.34 25.33 25.33 25.33 25.32 25.32 25.32 25.31 25.28 25.26 25.24 25.22 25.20 25.17 25.15 25.13 25.13 25.12
24.91 24.92 24.94 24.96 24.98 25.00 25.02 25.04 25.06 25.08 25.10 25.11 25.12 25.13 25.14 25.15 25.16 25.18 25.19 25.20 25.20 25.19 25.19 25.19 25.18 25.18 25.18 25.16 25.15 25.17 25.18 25.17 25.17 25.17 25.17 25.17 25.16 25.16 25.16 25.17 25.17 25.17 25.17 25.16 25.16 25.15 25.13 25.15 25.18 25.21 25.24 25.26 25.28 25.29 25.30 25.31 25.32 25.32 25.32 25.31 25.31 25.31 25.31 25.30 25.30 25.30 25.30 25.26 25.24 25.22 25.20 25.17 25.15 25.12 25.10 25.09 25.09
24.89 24.90 24.92 24.94 24.96 24.98 25.01 25.03 25.05 25.07 25.08 25.09 25.10 25.11 25.12 25.14 25.15 25.16 25.17 25.18 25.18 25.17 25.17 25.16 25.16 25.16 25.16 25.14 25.14 25.14 25.16 25.15 25.15 25.15 25.15 25.15 25.15 25.15 25.15 25.15 25.15 25.15 25.15 25.15 25.14 25.13 25.11 25.13 25.16 25.19 25.22 25.24 25.26 25.27 25.29 25.29 25.30 25.30 25.30 25.29 25.29 25.28 25.28 25.28 25.28 25.28 25.26 25.24 25.22 25.20 25.18 25.15 25.13 25.10 25.08 25.07 25.08
24.89 24.90 24.92 24.94 24.95 24.97 24.99 25.01 25.03 25.05 25.06 25.07 25.09 25.10 25.11 25.12 25.13 25.15 25.16 25.16 25.16 25.15 25.15 25.15 25.14 25.14 25.14 25.13 25.12 25.13 25.12 25.14 25.14 25.14 25.13 25.13 25.13 25.14 25.14 25.14 25.14 25.14 25.14 25.14 25.13 25.12 25.12 25.14 25.16 25.19 25.21 25.23 25.25 25.26 25.27 25.28 25.28 25.29 25.28 25.28 25.27 25.27 25.27 25.27 25.26 25.26 25.24 25.22 25.20 25.18 25.16 25.14 25.11 25.09 25.08 25.07 25.07
24.89 24.90 24.91 24.93 24.94 24.96 24.98 25.00 25.01 25.03 25.04 25.05 25.07 25.08 25.09 25.10 25.11 25.13 25.13 25.14 25.13 25.13 25.13 25.13 25.12 25.12 25.12 25.11 25.10 25.11 25.11 25.12 25.12 25.12 25.12 25.12 25.12 25.12 25.13 25.13 25.13 25.13 25.14 25.14 25.14 25.13 25.14 25.15 25.17 25.19 25.21 25.22 25.24 25.25 25.26 25.26 25.27 25.27 25.27 25.26 25.26 25.25 25.25 25.24 25.24 25.23 25.21 25.19 25.18 25.16 25.15 25.13 25.10 25.09 25.07 25.07 25.06
24.90 24.90 24.91 24.92 24.93 24.95 24.96 24.98 24.99 25.01 25.02 25.03 25.04 25.06 25.07 25.08 25.09 25.11 25.11 25.11 25.11 25.11 25.11 25.10 25.10 25.10 25.10 25.10 25.08 25.09 25.09 25.09 25.11 25.11 25.11 25.11 25.11 25.12 25.12 25.12 25.13 25.13 25.14 25.14 25.14 25.14 25.15 25.16 25.19 25.20 25.21 25.22 25.23 25.24 25.25 25.25 25.26 25.26 25.25 25.25 25.24 25.24 25.23 25.23 25.22 25.21 25.19 25.17 25.17 25.15 25.13 25.12 25.10 25.08 25.07 25.06 25.06
24.90 24.91 24.92 24.93 24.92 24.94 24.95 24.96 24.97 24.99 25.00 25.01 25.02 25.04 25.05 25.06 25.07 25.08 25.09 25.09 25.09 25.09 25.08 25.08 25.08 25.08 25.08 25.08 25.08 25.08 25.08 25.08 25.08 25.10 25.10 25.10 25.11 25.11 25.11 25.12 25.12 25.14 25.14 25.15 25.15 25.16 25.17 25.18 25.19 25.21 25.22 25.23 25.23 25.24 25.24 25.25 25.25 25.25 25.24 25.24 25.23 25.22 25.22 25.21 25.21 25.20 25.18 25.16 25.15 25.14 25.12 25.11 25.09 25.08 25.07 25.06 25.06
24.91 24.91 24.91 24.92 24.93 24.94 24.94 24.94 24.96 24.97 24.98 24.99 25.00 25.01 25.03 25.04 25.05 25.06 25.07 25.07 25.07 25.07 25.06 25.06 25.05 25.06 25.06 25.06 25.07 25.06 25.06 25.06 25.07 25.07 25.09 25.09 25.10 25.11 25.11 25.12 25.13 25.14 25.15 25.16 25.16 25.17 25.18 25.20 25.21 25.21 25.23 25.23 25.24 25.24 25.24 25.24 25.24 25.24 25.23 25.23 25.22 25.21 25.21 25.20 25.19 25.17 25.16 25.14 25.14 25.13 25.12 25.11 25.09 25.09 25.07 25.06 25.06
24.91 24.91 24.91 24.92 24.92 24.93 24.93 24.94 24.93 24.94 24.96 24.97 24.98 25.00 25.01 25.02 25.03 25.04 25.05 25.05 25.05 25.04 25.04 25.03 25.03 25.03 25.03 25.04 25.06 25.05 25.05 25.05 25.06 25.07 25.08 25.09 25.10 25.11 25.11 25.12 25.13 25.14 25.15 25.17 25.18 25.19 25.20 25.21 25.22 25.23 25.23 25.24 25.24 25.24 25.24 25.24 25.24 25.23 25.23 25.22 25.21 25.20 25.19 25.19 25.18 25.16 25.14 25.13 25.12 25.12 25.11 25.10 25.09 25.09 25.07 25.07 25.06
24.91 24.91 24.92 24.92 24.92 24.92 24.92 24.93 24.93 24.92 24.93 24.95 24.96 24.98 24.99 25.00 25.01 25.02 25.03 25.03 25.03 25.02 25.01 25.01 25.01 25.01 25.01 25.02 25.04 25.03 25.04 25.04 25.05 25.06 25.07 25.08 25.09 25.11 25.11 25.12 25.14 25.15 25.16 25.18 25.19 25.20 25.22 25.23 25.24 25.24 25.24 25.24 25.24 25.25 25.25 25.24 25.24 25.23 25.22 25.21 25.20 25.19 25.18 25.17 25.16 25.14 25.13 25.12 25.11 25.10 25.11 25.10 25.09 25.08 25.07 25.07 25.06
24.91 24.92 24.92 24.92 24.92 24.92 24.92 24.92 24.91 24.92 24.92 24.92 24.94 24.96 24.97 24.98 24.99 25.00 25.01 25.02 25.01 25.00 24.99 24.98 24.98 24.98 24.99 25.01 25.02 25.02 25.02 25.03 25.04 25.05 25.06 25.07 25.09 25.11 25.12 25.14 25.16 25.17 25.18 25.18 25.22 25.24 25.25 25.26 25.25 25.25 25.25 25.25 25.25 25.25 25.25 25.25 25.24 25.23 25.22 25.21 25.20 25.19 25.18 25.17 25.16 25.13 25.12 25.12 25.11 25.10 25.10 25.10 25.09 25.09 25.08 25.07 25.06
24.92 24.92 24.92 24.92 24.92 24.91 24.91 24.91 24.90 24.90 24.91 24.93 24.94 24.95 24.96 24.97 24.98 24.98 24.99 25.00 24.99 24.97 24.96 24.95 24.95 24.96 24.97 24.99 25.00 25.02 25.01 25.02 25.03 25.04 25.06 25.07 25.08 25.11 25.14 25.15 25.17 25.18 25.20 25.22 25.24 25.25 25.27 25.28 25.28 25.28 25.27 25.27 25.27 25.26 25.25 25.25 25.24 25.23 25.22 25.20 25.19 25.18 25.17 25.16 25.14 25.12 25.12 25.11 25.11 25.10 25.10 25.09 25.10 25.09 25.08 25.07 25.07
24.92 24.92 24.92 24.92 24.92 24.91 24.91 24.91 24.90 24.90 24.91 24.92 24.93 24.94 24.95 24.96 24.96 24.97 24.98 24.97 24.95 24.95 24.94 24.93 24.94 24.94 24.95 24.97 24.99 24.99 25.00 25.01 25.03 25.04 25.05 25.08 25.10 25.12 25.14 25.15 25.18 25.19 25.21 25.23 25.25 25.27 25.28 25.29 25.29 25.29 25.28 25.28 25.28 25.27 25.27 25.25 25.25 25.23 25.21 25.20 25.19 25.18 25.17 25.16 25.13 25.12 25.12 25.11 25.11 25.10 25.10 25.10 25.09 25.09 25.08 25.08 25.07
24.93 24.93 24.92 24.92 24.92 24.92 24.91 24.91 24.91 24.90 24.91 24.91 24.92 24.92 24.93 24.94 24.94 24.94 24.95 24.94 24.94 24.93 24.92 24.91 24.92 24.92 24.94 24.96 24.97 24.98 24.99 25.01 25.02 25.04 25.06 25.08 25.10 25.12 25.14 25.16 25.18 25.20 25.22 25.24 25.26 25.28 25.29 25.29 25.29 25.30 25.29 25.29 25.29 25.28 25.27 25.26 25.25 25.24 25.23 25.21 25.19 25.18 25.17 25.16 25.15 25.13 25.12 25.11 25.11 25.11 25.11 25.10 25.09 25.09 25.09 25.08 25.08
24.93 24.93 24.93 24.93 24.92 24.92 24.92 24.91 24.91 24.91 24.91 24.91 24.91 24.91 24.92 24.92 24.92 24.92 24.92 24.91 24.91 24.91 24.90 24.90 24.91 24.91 24.93 24.94 24.96 24.97 24.99 25.01 25.03 25.05 25.06 25.08 25.11 25.13 25.15 25.17 25.19 25.21 25.23 25.25 25.27 25.29 25.30 25.30 25.30 25.30 25.30 25.30 25.29 25.28 25.28 25.27 25.26 25.25 25.24 25.22 25.21 25.19 25.17 25.16 25.15 25.13 25.12 25.12 25.12 25.11 25.11 25.11 25.10 25.10 25.09 25.09 25.09
24.94 24.94 24.94 24.93 24.93 24.93 24.92 24.92 24.91 24.91 24.90 24.90 24.91 24.90 24.90 24.90 24.90 24.90 24.89 24.89 24.89 24.89 24.89 24.89 24.89 24.91 24.92 24.93 24.94 24.96 24.98 25.01 25.03 25.05 25.07 25.09 25.11 25.13 25.15 25.18 25.20 25.22 25.24 25.26 25.28 25.30 25.30 25.31 25.31 25.31 25.31 25.30 25.30 25.30 25.29 25.28 25.26 25.26 25.24 25.23 25.21 25.20 25.19 25.18 25.16 25.15 25.13 25.13 25.12 25.12 25.12 25.11 25.11 25.11 25.11 25.10 25.10
24.95 24.95 24.95 24.94 24.94 24.93 24.93 24.92 24.92 24.91 24.91 24.90 24.91 24.90 24.90 24.88 24.88 24.87 24.87 24.87 24.86 24.87 24.87 24.88 24.89 24.90 24.91 24.93 24.95 24.97 24.99 25.01 25.03 25.05 25.07 25.09 25.11 25.14 25.16 25.18 25.21 25.23 25.25 25.27 25.29 25.30 25.32 25.32 25.32 25.32 25.32 25.32 25.31 25.30 25.30 25.29 25.28 25.26 25.25 25.24 25.23 25.21 25.20 25.18 25.17 25.15 25.14 25.13 25.13 25.13 25.13 25.13 25.13 25.12 25.12 25.11 25.11
