data/Validacao/T291015.grd
DSAA
94	94
0.0000	100.0000
0.0000	100.0000
25.9901	26.8459
[rows 0 to 33 of 94, columns 0 to 76 of 94]
26.50 26.49 26.49 26.48 26.48 26.48 26.48 26.46 26.46 26.46 26.46 26.47 26.47 26.47 26.48 26.49 26.49 26.51 26.51 26.51 26.51 26.51 26.50 26.49 26.49 26.47 26.46 26.42 26.41 26.41 26.40 26.39 26.38 26.37 26.37 26.36 26.35 26.35 26.36 26.37 26.39 26.41 26.42 26.43 26.45 26.47 26.48 26.50 26.52 26.54 26.54 26.55 26.56 26.57 26.57 26.58 26.59 26.59 26.58 26.57 26.57 26.57 26.57 26.57 26.57 26.57 26.59 26.59 26.59 26.62 26.62 26.63 26.62 26.62 26.62 26.61 26.60
26.50 26.49 26.49 26.48 26.48 26.48 26.48 26.48 26.48 26.46 26.46 26.47 26.47 26.48 26.49 26.49 26.50 26.51 26.51 26.51 26.51 26.51 26.50 26.50 26.49 26.48 26.46 26.43 26.42 26.41 26.41 26.40 26.39 26.39 26.38 26.37 26.37 26.37 26.37 26.38 26.40 26.42 26.43 26.44 26.46 26.48 26.49 26.51 26.53 26.54 26.55 26.56 26.56 26.57 26.58 26.59 26.59 26.60 26.58 26.58 26.58 26.58 26.58 26.57 26.57 26.59 26.59 26.59 26.59 26.62 26.62 26.62 26.62 26.62 26.61 26.60 26.58
26.50 26.49 26.49 26.48 26.48 26.48 26.48 26.48 26.48 26.48 26.47 26.47 26.47 26.48 26.49 26.49 26.50 26.50 26.51 26.52 26.51 26.51 26.51 26.50 26.49 26.48 26.46 26.44 26.43 26.42 26.42 26.42 26.41 26.40 26.40 26.39 26.38 26.39 26.39 26.40 26.41 26.43 26.44 26.46 26.47 26.50 26.50 26.52 26.54 26.54 26.55 26.56 26.57 26.58 26.58 26.59 26.59 26.60 26.59 26.59 26.59 26.58 26.58 26.58 26.59 26.59 26.59 26.59 26.61 26.61 26.61 26.62 26.61 26.61 26.60 26.59 26.57
26.50 26.49 26.49 26.49 26.48 26.48 26.48 26.48 26.48 26.48 26.48 26.48 26.48 26.48 26.49 26.50 26.50 26.51 26.52 26.52 26.51 26.51 26.51 26.51 26.50 26.47 26.47 26.44 26.44 26.42 26.41 26.43 26.42 26.42 26.41 26.41 26.40 26.40 26.41 26.42 26.43 26.44 26.45 26.47 26.49 26.51 26.52 26.53 26.54 26.55 26.55 26.56 26.57 26.57 26.58 26.59 26.59 26.59 26.60 26.60 26.59 26.59 26.58 26.59 26.59 26.59 26.59 26.59 26.60 26.61 26.61 26.61 26.61 26.59 26.59 26.57 26.56
26.50 26.49 26.49 26.49 26.48 26.48 26.48 26.48 26.48 26.48 26.48 26.48 26.49 26.48 26.49 26.50 26.51 26.51 26.52 26.52 26.52 26.52 26.51 26.51 26.49 26.49 26.48 26.47 26.45 26.43 26.43 26.42 26.44 26.43 26.43 26.42 26.42 26.42 26.43 26.44 26.45 26.46 26.47 26.49 26.50 26.52 26.53 26.54 26.55 26.55 26.56 26.56 26.57 26.57 26.58 26.59 26.59 26.59 26.60 26.60 26.60 26.59 26.60 26.59 26.59 26.59 26.58 26.58 26.60 26.60 26.60 26.60 26.60 26.58 26.57 26.56 26.55
26.50 26.50 26.49 26.49 26.49 26.48 26.48 26.48 26.48 26.48 26.48 26.48 26.49 26.49 26.50 26.50 26.51 26.52 26.52 26.53 26.53 26.52 26.52 26.51 26.50 26.50 26.49 26.48 26.46 26.45 26.45 26.44 26.44 26.45 26.44 26.44 26.44 26.44 26.45 26.45 26.46 26.47 26.49 26.50 26.52 26.53 26.54 26.55 26.55 26.55 26.56 26.56 26.56 26.57 26.57 26.58 26.59 26.59 26.60 26.60 26.60 26.60 26.60 26.59 26.59 26.58 26.58 26.58 26.57 26.59 26.59 26.59 26.58 26.57 26.56 26.55 26.53
26.51 26.50 26.50 26.49 26.49 26.49 26.48 26.48 26.48 26.48 26.48 26.49 26.49 26.50 26.50 26.51 26.52 26.52 26.53 26.53 26.53 26.53 26.52 26.52 26.51 26.51 26.50 26.49 26.48 26.47 26.46 26.46 26.46 26.46 26.46 26.45 26.45 26.46 26.46 26.47 26.48 26.49 26.50 26.51 26.53 26.54 26.55 26.56 26.56 26.55 26.55 26.55 26.56 26.56 26.57 26.58 26.58 26.59 26.59 26.60 26.60 26.60 26.59 26.59 26.58 26.58 26.57 26.57 26.57 26.58 26.58 26.58 26.57 26.56 26.55 26.54 26.52
26.52 26.51 26.50 26.50 26.50 26.49 26.49 26.48 26.48 26.48 26.48 26.49 26.49 26.50 26.51 26.51 26.52 26.53 26.54 26.54 26.54 26.54 26.54 26.53 26.53 26.52 26.51 26.50 26.49 26.49 26.48 26.48 26.48 26.47 26.47 26.47 26.47 26.47 26.48 26.48 26.49 26.50 26.51 26.52 26.54 26.55 26.56 26.56 26.56 26.55 26.55 26.55 26.55 26.55 26.56 26.57 26.58 26.58 26.59 26.60 26.60 26.60 26.59 26.58 26.58 26.57 26.56 26.56 26.57 26.57 26.57 26.56 26.56 26.55 26.54 26.53 26.51
26.53 26.51 26.51 26.51 26.50 26.50 26.49 26.49 26.48 26.48 26.48 26.49 26.49 26.50 26.51 26.52 26.53 26.54 26.55 26.55 26.55 26.55 26.55 26.54 26.54 26.53 26.52 26.51 26.50 26.50 26.49 26.49 26.49 26.49 26.48 26.48 26.48 26.49 26.49 26.50 26.50 26.51 26.52 26.53 26.55 26.56 26.57 26.57 26.56 26.55 26.54 26.53 26.53 26.54 26.55 26.56 26.57 26.58 26.58 26.59 26.59 26.59 26.59 26.58 26.57 26.56 26.55 26.56 26.56 26.56 26.56 26.55 26.54 26.54 26.53 26.52 26.51
26.53 26.53 26.52 26.51 26.51 26.50 26.50 26.49 26.48 26.48 26.48 26.49 26.50 26.51 26.51 26.52 26.53 26.54 26.55 26.56 26.56 26.56 26.56 26.55 26.55 26.54 26.53 26.52 26.51 26.51 26.50 26.50 26.50 26.50 26.50 26.50 26.50 26.50 26.50 26.50 26.51 26.52 26.53 26.54 26.55 26.57 26.58 26.58 26.56 26.55 26.53 26.52 26.52 26.53 26.54 26.55 26.56 26.57 26.57 26.58 26.59 26.59 26.58 26.57 26.56 26.55 26.55 26.55 26.55 26.55 26.55 26.54 26.53 26.53 26.52 26.51 26.50
26.54 26.54 26.53 26.52 26.51 26.51 26.50 26.50 26.49 26.49 26.49 26.50 26.50 26.51 26.52 26.53 26.54 26.54 26.55 26.56 26.56 26.56 26.56 26.56 26.55 26.54 26.53 26.53 26.52 26.52 26.51 26.51 26.51 26.51 26.51 26.51 26.51 26.51 26.51 26.52 26.52 26.52 26.53 26.54 26.55 26.56 26.57 26.57 26.55 26.54 26.52 26.51 26.51 26.52 26.52 26.53 26.55 26.55 26.56 26.57 26.57 26.57 26.56 26.56 26.55 26.54 26.54 26.54 26.54 26.54 26.53 26.53 26.53 26.52 26.51 26.50 26.49
26.55 26.54 26.54 26.53 26.52 26.52 26.51 26.51 26.50 26.50 26.50 26.50 26.51 26.52 26.53 26.53 26.54 26.55 26.55 26.57 26.56 26.56 26.56 26.56 26.55 26.54 26.54 26.53 26.53 26.52 26.52 26.52 26.52 26.52 26.52 26.52 26.52 26.52 26.52 26.52 26.52 26.52 26.53 26.53 26.54 26.55 26.55 26.55 26.53 26.52 26.51 26.50 26.50 26.50 26.51 26.51 26.52 26.53 26.54 26.54 26.55 26.55 26.55 26.54 26.54 26.53 26.53 26.53 26.53 26.53 26.53 26.52 26.52 26.51 26.51 26.50 26.49
26.56 26.55 26.55 26.54 26.53 26.52 26.52 26.51 26.51 26.51 26.51 26.51 26.52 26.53 26.53 26.54 26.54 26.55 26.56 26.57 26.56 26.56 26.56 26.56 26.55 26.54 26.54 26.53 26.53 26.52 26.52 26.52 26.52 26.52 26.52 26.52 26.52 26.53 26.53 26.53 26.53 26.52 26.52 26.52 26.53 26.53 26.53 26.52 26.51 26.50 26.50 26.49 26.49 26.49 26.49 26.50 26.50 26.51 26.52 26.52 26.53 26.53 26.53 26.53 26.52 26.52 26.52 26.52 26.52 26.52 26.52 26.52 26.51 26.51 26.50 26.50 26.49
26.57 26.56 26.56 26.55 26.54 26.53 26.53 26.52 26.52 26.52 26.52 26.52 26.53 26.53 26.54 26.54 26.55 26.55 26.56 26.56 26.56 26.56 26.55 26.55 26.55 26.54 26.53 26.53 26.53 26.53 26.52 26.52 26.52 26.53 26.53 26.53 26.53 26.53 26.53 26.53 26.53 26.52 26.52 26.51 26.51 26.51 26.50 26.50 26.49 26.49 26.48 26.47 26.47 26.47 26.47 26.48 26.48 26.49 26.50 26.50 26.50 26.51 26.51 26.51 26.51 26.51 26.51 26.51 26.51 26.51 26.51 26.51 26.51 26.50 26.50 26.49 26.49
26.58 26.57 26.56 26.56 26.55 26.54 26.53 26.53 26.53 26.53 26.53 26.53 26.54 26.54 26.54 26.55 26.55 26.55 26.56 26.56 26.56 26.55 26.55 26.54 26.54 26.54 26.53 26.53 26.53 26.52 26.52 26.52 26.52 26.52 26.53 26.53 26.53 26.53 26.53 26.53 26.53 26.52 26.51 26.50 26.49 26.49 26.48 26.47 26.47 26.47 26.46 26.46 26.46 26.45 26.45 26.46 26.46 26.47 26.47 26.48 26.48 26.49 26.49 26.49 26.50 26.50 26.50 26.50 26.50 26.50 26.50 26.50 26.50 26.50 26.49 26.49 26.49
26.58 26.58 26.57 26.56 26.56 26.55 26.54 26.54 26.53 26.53 26.53 26.54 26.54 26.55 26.55 26.55 26.55 26.56 26.56 26.56 26.55 26.54 26.54 26.54 26.53 26.53 26.53 26.52 26.52 26.52 26.52 26.52 26.52 26.52 26.53 26.53 26.54 26.54 26.54 26.53 26.52 26.51 26.50 26.49 26.48 26.46 26.45 26.45 26.45 26.45 26.44 26.44 26.44 26.44 26.44 26.44 26.44 26.44 26.45 26.46 26.46 26.47 26.47 26.48 26.49 26.49 26.49 26.50 26.50 26.50 26.50 26.50 26.50 26.50 26.50 26.49 26.49
26.59 26.59 26.58 26.57 26.56 26.55 26.55 26.54 26.54 26.54 26.54 26.54 26.55 26.55 26.56 26.56 26.55 26.56 26.56 26.55 26.55 26.54 26.53 26.53 26.52 26.52 26.52 26.52 26.51 26.51 26.51 26.51 26.51 26.52 26.53 26.53 26.54 26.54 26.54 26.53 26.52 26.51 26.49 26.48 26.46 26.44 26.43 26.42 26.42 26.42 26.43 26.43 26.43 26.42 26.42 26.42 26.42 26.42 26.43 26.43 26.44 26.45 26.46 26.47 26.47 26.49 26.49 26.49 26.49 26.50 26.50 26.49 26.50 26.50 26.50 26.50 26.50
26.60 26.59 26.59 26.58 26.57 26.56 26.55 26.54 26.54 26.54 26.54 26.55 26.55 26.56 26.56 26.57 26.56 26.56 26.55 26.54 26.54 26.53 26.52 26.52 26.51 26.51 26.51 26.51 26.50 26.50 26.50 26.50 26.50 26.51 26.52 26.53 26.54 26.54 26.54 26.53 26.51 26.50 26.48 26.46 26.44 26.42 26.40 26.40 26.40 26.41 26.41 26.42 26.42 26.41 26.41 26.41 26.40 26.41 26.41 26.41 26.42 26.43 26.44 26.45 26.47 26.48 26.48 26.49 26.49 26.49 26.49 26.49 26.50 26.50 26.50 26.50 26.50
26.61 26.60 26.59 26.58 26.57 26.56 26.55 26.54 26.54 26.54 26.54 26.55 26.56 26.57 26.58 26.57 26.56 26.55 26.54 26.53 26.52 26.52 26.51 26.51 26.50 26.50 26.49 26.49 26.49 26.49 26.49 26.49 26.49 26.50 26.51 26.52 26.53 26.54 26.53 26.52 26.51 26.49 26.47 26.45 26.43 26.40 26.38 26.37 26.38 26.39 26.40 26.41 26.41 26.40 26.40 26.39 26.39 26.39 26.40 26.40 26.40 26.41 26.43 26.44 26.46 26.47 26.48 26.48 26.49 26.49 26.49 26.49 26.50 26.50 26.50 26.50 26.51
26.60 26.59 26.58 26.57 26.56 26.56 26.55 26.54 26.54 26.54 26.54 26.55 26.56 26.57 26.57 26.57 26.56 26.54 26.53 26.53 26.51 26.51 26.50 26.49 26.49 26.48 26.48 26.48 26.47 26.47 26.47 26.47 26.47 26.48 26.49 26.51 26.52 26.53 26.52 26.51 26.49 26.47 26.46 26.44 26.42 26.40 26.37 26.36 26.38 26.39 26.40 26.41 26.40 26.40 26.39 26.38 26.39 26.39 26.39 26.39 26.40 26.41 26.42 26.44 26.46 26.47 26.48 26.48 26.48 26.49 26.49 26.49 26.50 26.50 26.50 26.51 26.51
26.60 26.59 26.58 26.57 26.56 26.56 26.55 26.54 26.54 26.54 26.54 26.55 26.56 26.56 26.56 26.55 26.55 26.53 26.53 26.52 26.51 26.50 26.49 26.48 26.48 26.47 26.46 26.46 26.45 26.45 26.45 26.45 26.45 26.46 26.47 26.49 26.50 26.50 26.50 26.49 26.48 26.46 26.45 26.43 26.42 26.39 26.38 26.38 26.38 26.39 26.40 26.40 26.40 26.39 26.39 26.39 26.39 26.39 26.39 26.39 26.40 26.42 26.43 26.44 26.46 26.47 26.47 26.48 26.48 26.49 26.49 26.49 26.50 26.50 26.51 26.51 26.52
26.59 26.59 26.58 26.57 26.56 26.55 26.55 26.54 26.53 26.53 26.53 26.54 26.54 26.55 26.55 26.54 26.54 26.53 26.52 26.51 26.50 26.49 26.48 26.47 26.46 26.45 26.44 26.44 26.43 26.42 26.42 26.42 26.43 26.43 26.45 26.46 26.47 26.48 26.47 26.47 26.46 26.45 26.44 26.43 26.42 26.40 26.40 26.39 26.39 26.39 26.40 26.40 26.40 26.40 26.40 26.39 26.39 26.39 26.40 26.41 26.41 26.42 26.43 26.45 26.46 26.46 26.47 26.48 26.48 26.48 26.49 26.49 26.50 26.50 26.51 26.52 26.52
26.59 26.58 26.57 26.57 26.56 26.55 26.54 26.53 26.53 26.53 26.52 26.53 26.53 26.53 26.53 26.53 26.52 26.52 26.51 26.50 26.49 26.47 26.46 26.45 26.44 26.43 26.42 26.41 26.40 26.40 26.40 26.40 26.40 26.41 26.42 26.43 26.44 26.45 26.45 26.45 26.44 26.44 26.43 26.43 26.42 26.41 26.41 26.40 26.41 26.40 26.40 26.40 26.40 26.40 26.40 26.40 26.40 26.40 26.41 26.42 26.42 26.43 26.44 26.45 26.46 26.46 26.47 26.48 26.48 26.48 26.49 26.49 26.50 26.51 26.51 26.52 26.53
26.58 26.58 26.57 26.56 26.55 26.54 26.54 26.53 26.52 26.52 26.52 26.52 26.51 26.51 26.51 26.51 26.51 26.50 26.50 26.49 26.48 26.46 26.45 26.43 26.42 26.40 26.39 26.38 26.37 26.37 26.37 26.37 26.38 26.38 26.39 26.40 26.41 26.42 26.43 26.43 26.43 26.43 26.42 26.42 26.42 26.42 26.42 26.42 26.41 26.41 26.41 26.41 26.40 26.40 26.40 26.41 26.41 26.41 26.42 26.42 26.43 26.44 26.44 26.45 26.46 26.46 26.47 26.48 26.48 26.48 26.49 26.49 26.50 26.50 26.51 26.52 26.53
26.57 26.57 26.56 26.56 26.53 26.53 26.52 26.52 26.51 26.51 26.51 26.50 26.50 26.50 26.50 26.49 26.49 26.48 26.48 26.47 26.46 26.45 26.43 26.42 26.40 26.38 26.36 26.35 26.34 26.33 26.33 26.34 26.35 26.36 26.36 26.37 26.38 26.39 26.40 26.41 26.41 26.42 26.42 26.42 26.42 26.42 26.42 26.43 26.43 26.42 26.42 26.41 26.41 26.41 26.41 26.41 26.42 26.42 26.43 26.43 26.44 26.44 26.45 26.45 26.46 26.46 26.47 26.47 26.48 26.48 26.49 26.49 26.50 26.50 26.51 26.52 26.53
26.57 26.56 26.56 26.53 26.52 26.52 26.51 26.51 26.50 26.50 26.49 26.49 26.48 26.48 26.48 26.48 26.47 26.47 26.47 26.46 26.44 26.43 26.42 26.40 26.38 26.35 26.33 26.31 26.30 26.30 26.30 26.31 26.32 26.33 26.34 26.35 26.36 26.37 26.38 26.39 26.40 26.40 26.41 26.42 26.42 26.43 26.43 26.44 26.43 26.43 26.43 26.42 26.42 26.42 26.42 26.42 26.42 26.43 26.44 26.44 26.45 26.45 26.45 26.46 26.46 26.46 26.47 26.47 26.48 26.48 26.49 26.49 26.50 26.50 26.51 26.52 26.53
26.56 26.56 26.53 26.52 26.51 26.51 26.50 26.50 26.49 26.48 26.48 26.47 26.47 26.46 26.46 26.46 26.46 26.45 26.45 26.45 26.43 26.42 26.40 26.39 26.36 26.33 26.30 26.27 26.26 26.26 26.26 26.28 26.29 26.30 26.31 26.32 26.34 26.35 26.36 26.37 26.38 26.39 26.40 26.41 26.42 26.43 26.44 26.44 26.44 26.44 26.43 26.43 26.43 26.42 26.42 26.43 26.43 26.44 26.45 26.45 26.45 26.46 26.46 26.46 26.46 26.47 26.47 26.47 26.48 26.48 26.49 26.49 26.49 26.50 26.51 26.52 26.53
26.56 26.52 26.52 26.51 26.51 26.50 26.50 26.49 26.48 26.47 26.46 26.46 26.45 26.45 26.44 26.44 26.44 26.44 26.44 26.43 26.42 26.41 26.39 26.37 26.34 26.31 26.27 26.24 26.22 26.22 26.24 26.25 26.26 26.28 26.30 26.31 26.32 26.33 26.34 26.36 26.37 26.38 26.40 26.41 26.43 26.44 26.45 26.46 26.45 26.44 26.43 26.43 26.43 26.43 26.43 26.44 26.44 26.45 26.45 26.45 26.46 26.46 26.46 26.46 26.46 26.47 26.47 26.47 26.48 26.48 26.48 26.49 26.49 26.50 26.51 26.51 26.52
26.56 26.52 26.51 26.51 26.50 26.50 26.49 26.48 26.47 26.46 26.45 26.44 26.44 26.43 26.43 26.42 26.42 26.42 26.42 26.41 26.40 26.39 26.38 26.36 26.33 26.29 26.25 26.22 26.19 26.20 26.22 26.23 26.25 26.26 26.28 26.29 26.30 26.32 26.33 26.34 26.36 26.37 26.39 26.41 26.42 26.44 26.46 26.46 26.46 26.45 26.44 26.43 26.43 26.44 26.44 26.44 26.45 26.45 26.45 26.46 26.46 26.46 26.46 26.46 26.46 26.47 26.47 26.47 26.47 26.48 26.48 26.48 26.49 26.49 26.50 26.51 26.52
26.55 26.55 26.51 26.50 26.50 26.49 26.48 26.47 26.46 26.45 26.44 26.43 26.43 26.42 26.41 26.41 26.41 26.40 26.40 26.40 26.38 26.37 26.35 26.34 26.31 26.28 26.24 26.21 26.19 26.19 26.20 26.22 26.23 26.25 26.26 26.27 26.29 26.30 26.32 26.34 26.35 26.36 26.38 26.40 26.42 26.43 26.45 26.45 26.46 26.45 26.44 26.44 26.44 26.44 26.44 26.45 26.45 26.45 26.45 26.45 26.46 26.46 26.46 26.46 26.46 26.46 26.46 26.46 26.47 26.47 26.47 26.48 26.48 26.48 26.49 26.50 26.51
26.55 26.51 26.51 26.50 26.49 26.49 26.48 26.47 26.46 26.45 26.44 26.43 26.42 26.41 26.40 26.39 26.39 26.38 26.38 26.37 26.36 26.35 26.33 26.31 26.29 26.26 26.24 26.21 26.20 26.19 26.20 26.21 26.22 26.24 26.25 26.26 26.28 26.29 26.30 26.32 26.34 26.36 26.37 26.39 26.41 26.43 26.44 26.45 26.45 26.45 26.44 26.44 26.44 26.44 26.44 26.45 26.45 26.45 26.45 26.45 26.45 26.45 26.45 26.45 26.45 26.46 26.46 26.46 26.46 26.46 26.47 26.47 26.48 26.48 26.48 26.49 26.50
26.52 26.51 26.51 26.50 26.49 26.48 26.48 26.47 26.45 26.44 26.43 26.42 26.41 26.40 26.39 26.38 26.37 26.37 26.36 26.35 26.34 26.33 26.31 26.30 26.28 26.26 26.23 26.22 26.21 26.20 26.20 26.21 26.22 26.23 26.24 26.25 26.26 26.28 26.29 26.31 26.33 26.35 26.37 26.39 26.40 26.42 26.43 26.44 26.44 26.44 26.44 26.44 26.44 26.44 26.44 26.44 26.44 26.44 26.44 26.44 26.44 26.44 26.45 26.44 26.44 26.45 26.45 26.45 26.45 26.46 26.46 26.46 26.47 26.47 26.48 26.48 26.49
26.52 26.51 26.50 26.50 26.49 26.48 26.47 26.46 26.45 26.44 26.43 26.42 26.40 26.39 26.38 26.37 26.36 26.35 26.34 26.33 26.32 26.31 26.30 26.28 26.27 26.25 26.24 26.22 26.21 26.20 26.20 26.21 26.22 26.23 26.24 26.25 26.26 26.27 26.28 26.30 26.32 26.34 26.36 26.38 26.40 26.41 26.43 26.44 26.44 26.44 26.43 26.44 26.44 26.43 26.43 26.44 26.44 26.43 26.43 26.43 26.44 26.44 26.44 26.43 26.43 26.43 26.44 26.44 26.44 26.45 26.45 26.45 26.46 26.47 26.48 26.48 26.49
26.52 26.51 26.50 26.50 26.49 26.48 26.47 26.46 26.45 26.44 26.43 26.41 26.41 26.39 26.38 26.36 26.35 26.34 26.33 26.32 26.31 26.30 26.29 26.28 26.26 26.25 26.24 26.23 26.22 26.21 26.22 26.21 26.22 26.23 26.23 26.24 26.25 26.26 26.28 26.29 26.31 26.33 26.36 26.37 26.39 26.41 26.42 26.43 26.43 26.43 26.43 26.44 26.43 26.43 26.43 26.43 26.43 26.43 26.43 26.42 26.43 26.42 26.43 26.43 26.42 26.43 26.43 26.43 26.44 26.44 26.44 26.45 26.45 26.45 26.46 26.47 26.48
