data/Validacao/T291015.grd
DSAA
94	94
0.0000	100.0000
0.0000	100.0000
25.9901	26.8459
[rows 34 to 67 of 94, columns 0 to 76 of 94]
26.52 26.51 26.53 26.52 26.50 26.49 26.48 26.48 26.46 26.45 26.43 26.42 26.40 26.39 26.37 26.36 26.34 26.32 26.31 26.30 26.29 26.29 26.28 26.27 26.26 26.25 26.24 26.24 26.23 26.23 26.23 26.22 26.22 26.23 26.23 26.24 26.25 26.26 26.27 26.29 26.31 26.33 26.35 26.37 26.39 26.40 26.41 26.42 26.43 26.43 26.44 26.43 26.43 26.43 26.43 26.42 26.42 26.42 26.42 26.42 26.42 26.42 26.41 26.42 26.42 26.42 26.42 26.42 26.43 26.43 26.43 26.44 26.44 26.44 26.44 26.46 26.47
26.55 26.54 26.53 26.52 26.50 26.50 26.49 26.48 26.46 26.45 26.43 26.42 26.40 26.39 26.37 26.35 26.33 26.32 26.30 26.29 26.29 26.28 26.28 26.27 26.27 26.26 26.26 26.25 26.25 26.24 26.24 26.23 26.23 26.23 26.23 26.24 26.25 26.26 26.27 26.29 26.31 26.33 26.35 26.37 26.39 26.40 26.41 26.42 26.43 26.43 26.44 26.43 26.43 26.42 26.42 26.41 26.41 26.41 26.41 26.41 26.41 26.41 26.42 26.41 26.41 26.41 26.42 26.42 26.42 26.42 26.42 26.42 26.42 26.43 26.43 26.45 26.46
26.55 26.54 26.53 26.53 26.51 26.50 26.49 26.48 26.46 26.45 26.43 26.42 26.40 26.39 26.37 26.35 26.33 26.31 26.29 26.28 26.28 26.28 26.28 26.28 26.28 26.28 26.27 26.27 26.26 26.26 26.25 26.25 26.24 26.24 26.24 26.25 26.25 26.25 26.27 26.29 26.31 26.33 26.36 26.38 26.39 26.41 26.41 26.42 26.43 26.43 26.44 26.44 26.43 26.42 26.42 26.41 26.40 26.40 26.40 26.41 26.41 26.41 26.41 26.41 26.41 26.41 26.41 26.41 26.41 26.41 26.41 26.41 26.42 26.42 26.42 26.43 26.45
26.56 26.56 26.54 26.53 26.52 26.50 26.49 26.48 26.47 26.45 26.44 26.43 26.41 26.40 26.38 26.35 26.34 26.32 26.29 26.28 26.29 26.29 26.29 26.30 26.30 26.29 26.29 26.29 26.28 26.28 26.28 26.27 26.27 26.25 26.25 26.26 26.26 26.26 26.27 26.30 26.32 26.34 26.37 26.39 26.40 26.41 26.42 26.43 26.43 26.44 26.44 26.44 26.43 26.42 26.42 26.41 26.40 26.40 26.40 26.41 26.41 26.41 26.41 26.41 26.40 26.40 26.41 26.41 26.41 26.41 26.41 26.41 26.41 26.41 26.42 26.43 26.45
26.57 26.56 26.55 26.53 26.52 26.51 26.49 26.48 26.47 26.46 26.45 26.44 26.42 26.41 26.38 26.37 26.35 26.33 26.31 26.30 26.31 26.31 26.31 26.32 26.32 26.32 26.31 26.31 26.31 26.30 26.30 26.29 26.29 26.29 26.27 26.27 26.27 26.28 26.29 26.32 26.34 26.36 26.37 26.40 26.41 26.42 26.43 26.43 26.45 26.45 26.45 26.44 26.43 26.43 26.42 26.41 26.40 26.40 26.41 26.41 26.41 26.41 26.41 26.41 26.40 26.40 26.40 26.41 26.41 26.41 26.41 26.41 26.41 26.42 26.42 26.43 26.45
26.57 26.56 26.55 26.54 26.52 26.51 26.50 26.49 26.48 26.47 26.46 26.45 26.44 26.42 26.40 26.39 26.37 26.36 26.34 26.34 26.34 26.34 26.34 26.34 26.34 26.34 26.34 26.33 26.33 26.33 26.32 26.32 26.31 26.31 26.31 26.30 26.30 26.31 26.32 26.34 26.36 26.37 26.39 26.41 26.43 26.43 26.44 26.44 26.45 26.45 26.45 26.45 26.44 26.44 26.43 26.42 26.42 26.41 26.41 26.41 26.41 26.41 26.41 26.40 26.40 26.40 26.41 26.40 26.40 26.41 26.41 26.42 26.42 26.43 26.43 26.45 26.46
26.57 26.56 26.55 26.54 26.53 26.52 26.51 26.50 26.49 26.48 26.47 26.46 26.45 26.43 26.42 26.41 26.40 26.39 26.38 26.37 26.37 26.37 26.37 26.38 26.38 26.37 26.37 26.37 26.36 26.36 26.35 26.35 26.34 26.34 26.34 26.34 26.34 26.34 26.35 26.37 26.38 26.39 26.41 26.43 26.44 26.45 26.46 26.46 26.46 26.46 26.47 26.46 26.45 26.45 26.44 26.44 26.43 26.42 26.42 26.41 26.42 26.41 26.41 26.41 26.40 26.40 26.40 26.41 26.41 26.41 26.41 26.42 26.43 26.44 26.45 26.46 26.48
26.57 26.56 26.55 26.54 26.53 26.52 26.52 26.51 26.50 26.49 26.49 26.48 26.47 26.45 26.44 26.44 26.43 26.42 26.41 26.41 26.41 26.41 26.41 26.41 26.41 26.40 26.40 26.40 26.39 26.39 26.38 26.38 26.37 26.36 26.36 26.36 26.37 26.39 26.39 26.38 26.39 26.40 26.43 26.45 26.44 26.47 26.47 26.47 26.48 26.48 26.48 26.47 26.47 26.47 26.46 26.45 26.44 26.44 26.43 26.42 26.42 26.42 26.41 26.41 26.41 26.41 26.41 26.41 26.41 26.42 26.42 26.43 26.44 26.45 26.46 26.48 26.49
26.57 26.57 26.56 26.55 26.54 26.53 26.53 26.52 26.51 26.51 26.50 26.50 26.48 26.47 26.47 26.46 26.46 26.46 26.45 26.45 26.45 26.44 26.44 26.44 26.44 26.44 26.43 26.42 26.42 26.42 26.41 26.41 26.40 26.39 26.40 26.39 26.40 26.41 26.41 26.41 26.42 26.44 26.44 26.46 26.47 26.47 26.47 26.48 26.49 26.49 26.49 26.50 26.49 26.48 26.48 26.47 26.46 26.45 26.44 26.43 26.42 26.42 26.42 26.41 26.41 26.41 26.41 26.42 26.42 26.42 26.43 26.44 26.45 26.46 26.48 26.49 26.51
26.59 26.57 26.57 26.56 26.55 26.55 26.54 26.53 26.53 26.52 26.52 26.52 26.50 26.50 26.50 26.49 26.49 26.49 26.48 26.48 26.48 26.48 26.47 26.48 26.47 26.47 26.47 26.47 26.46 26.46 26.44 26.43 26.42 26.42 26.42 26.43 26.43 26.43 26.44 26.45 26.45 26.46 26.47 26.47 26.48 26.49 26.50 26.50 26.51 26.51 26.51 26.51 26.49 26.50 26.50 26.49 26.48 26.47 26.46 26.44 26.43 26.44 26.43 26.42 26.42 26.42 26.42 26.42 26.43 26.43 26.44 26.46 26.47 26.48 26.50 26.51 26.53
26.60 26.59 26.59 26.57 26.56 26.56 26.55 26.55 26.55 26.54 26.54 26.53 26.53 26.52 26.52 26.52 26.52 26.52 26.52 26.51 26.51 26.51 26.52 26.51 26.51 26.51 26.51 26.51 26.49 26.49 26.48 26.47 26.46 26.46 26.45 26.46 26.46 26.46 26.47 26.48 26.48 26.48 26.48 26.49 26.50 26.51 26.52 26.53 26.54 26.54 26.53 26.53 26.51 26.51 26.52 26.50 26.49 26.48 26.47 26.46 26.45 26.45 26.44 26.43 26.43 26.43 26.43 26.43 26.44 26.45 26.46 26.47 26.48 26.50 26.52 26.53 26.55
26.60 26.60 26.58 26.57 26.57 26.57 26.57 26.56 26.56 26.56 26.55 26.55 26.55 26.55 26.55 26.56 26.54 26.54 26.54 26.55 26.55 26.55 26.55 26.55 26.55 26.55 26.54 26.54 26.53 26.53 26.52 26.51 26.50 26.49 26.48 26.49 26.48 26.49 26.49 26.50 26.50 26.50 26.51 26.52 26.53 26.54 26.55 26.56 26.57 26.56 26.56 26.55 26.54 26.53 26.53 26.52 26.51 26.50 26.48 26.48 26.47 26.46 26.45 26.44 26.44 26.44 26.44 26.44 26.45 26.46 26.48 26.49 26.50 26.52 26.53 26.55 26.56
26.60 26.58 26.58 26.58 26.58 26.58 26.58 26.57 26.58 26.58 26.57 26.57 26.57 26.56 26.57 26.57 26.57 26.58 26.58 26.58 26.58 26.58 26.59 26.59 26.59 26.57 26.57 26.58 26.58 26.57 26.55 26.54 26.53 26.52 26.52 26.51 26.51 26.51 26.51 26.52 26.52 26.52 26.52 26.53 26.55 26.56 26.57 26.59 26.58 26.58 26.58 26.57 26.56 26.55 26.55 26.54 26.53 26.51 26.50 26.50 26.48 26.47 26.46 26.46 26.45 26.44 26.45 26.46 26.47 26.48 26.49 26.51 26.52 26.54 26.55 26.57 26.58
26.60 26.60 26.60 26.60 26.60 26.60 26.58 26.59 26.59 26.59 26.60 26.58 26.59 26.59 26.59 26.60 26.60 26.61 26.61 26.62 26.62 26.62 26.62 26.62 26.60 26.60 26.60 26.61 26.61 26.60 26.58 26.57 26.57 26.56 26.54 26.53 26.53 26.53 26.53 26.53 26.53 26.54 26.54 26.55 26.56 26.58 26.60 26.60 26.60 26.60 26.59 26.59 26.58 26.57 26.56 26.56 26.54 26.54 26.52 26.51 26.50 26.49 26.48 26.47 26.46 26.46 26.46 26.47 26.48 26.50 26.51 26.52 26.54 26.55 26.57 26.59 26.60
26.60 26.59 26.60 26.60 26.60 26.61 26.59 26.60 26.60 26.60 26.61 26.61 26.62 26.61 26.62 26.63 26.63 26.64 26.64 26.65 26.65 26.65 26.65 26.65 26.63 26.63 26.63 26.63 26.62 26.61 26.60 26.60 26.59 26.58 26.56 26.55 26.54 26.54 26.54 26.54 26.54 26.54 26.55 26.56 26.57 26.59 26.60 26.61 26.61 26.61 26.61 26.60 26.60 26.59 26.58 26.57 26.56 26.55 26.54 26.52 26.51 26.50 26.49 26.48 26.47 26.47 26.48 26.49 26.50 26.51 26.52 26.54 26.55 26.57 26.58 26.60 26.61
26.59 26.60 26.60 26.61 26.61 26.62 26.60 26.60 26.61 26.61 26.62 26.63 26.64 26.65 26.65 26.65 26.66 26.67 26.67 26.68 26.68 26.68 26.68 26.67 26.66 26.65 26.65 26.65 26.64 26.63 26.61 26.60 26.60 26.59 26.57 26.57 26.57 26.56 26.55 26.55 26.54 26.55 26.57 26.58 26.59 26.60 26.61 26.61 26.61 26.61 26.62 26.62 26.62 26.61 26.60 26.58 26.57 26.56 26.55 26.54 26.52 26.51 26.50 26.49 26.48 26.48 26.49 26.50 26.51 26.52 26.54 26.55 26.57 26.58 26.60 26.61 26.63
26.59 26.60 26.61 26.61 26.62 26.61 26.60 26.61 26.62 26.64 26.65 26.66 26.67 26.67 26.68 26.69 26.70 26.71 26.70 26.71 26.71 26.71 26.71 26.69 26.69 26.67 26.66 26.66 26.65 26.64 26.62 26.61 26.60 26.60 26.58 26.57 26.56 26.55 26.55 26.55 26.56 26.57 26.57 26.57 26.59 26.60 26.60 26.61 26.62 26.62 26.62 26.62 26.62 26.62 26.61 26.60 26.59 26.58 26.56 26.55 26.54 26.52 26.51 26.50 26.50 26.50 26.50 26.51 26.52 26.53 26.55 26.57 26.58 26.60 26.62 26.63 26.64
26.59 26.60 26.61 26.61 26.62 26.60 26.63 26.64 26.65 26.66 26.67 26.68 26.69 26.70 26.70 26.72 26.73 26.74 26.74 26.74 26.74 26.73 26.71 26.71 26.70 26.69 26.68 26.67 26.65 26.64 26.63 26.61 26.60 26.58 26.57 26.56 26.55 26.55 26.55 26.56 26.56 26.57 26.56 26.58 26.58 26.59 26.60 26.61 26.62 26.62 26.63 26.63 26.63 26.63 26.62 26.61 26.60 26.59 26.58 26.56 26.54 26.53 26.52 26.51 26.50 26.50 26.51 26.51 26.53 26.54 26.56 26.57 26.59 26.61 26.63 26.64 26.65
26.59 26.60 26.59 26.60 26.61 26.62 26.62 26.65 26.66 26.67 26.68 26.69 26.71 26.72 26.73 26.74 26.75 26.76 26.76 26.77 26.76 26.74 26.74 26.74 26.73 26.70 26.69 26.67 26.65 26.64 26.62 26.60 26.60 26.59 26.56 26.55 26.55 26.54 26.54 26.54 26.55 26.55 26.56 26.57 26.58 26.58 26.59 26.60 26.61 26.62 26.62 26.63 26.63 26.63 26.63 26.63 26.61 26.59 26.58 26.56 26.54 26.53 26.52 26.51 26.50 26.50 26.50 26.51 26.53 26.54 26.56 26.58 26.60 26.62 26.64 26.66 26.66
26.59 26.58 26.59 26.60 26.61 26.62 26.63 26.64 26.65 26.67 26.68 26.70 26.71 26.73 26.74 26.76 26.78 26.78 26.79 26.80 26.78 26.77 26.76 26.75 26.74 26.72 26.70 26.68 26.66 26.64 26.62 26.61 26.60 26.58 26.56 26.55 26.54 26.53 26.53 26.53 26.53 26.54 26.55 26.54 26.55 26.57 26.58 26.59 26.60 26.61 26.62 26.63 26.63 26.64 26.62 26.62 26.62 26.61 26.59 26.57 26.55 26.53 26.52 26.51 26.50 26.50 26.50 26.51 26.53 26.55 26.57 26.59 26.61 26.63 26.65 26.67 26.68
26.56 26.57 26.58 26.59 26.60 26.61 26.62 26.64 26.66 26.67 26.69 26.71 26.72 26.74 26.76 26.78 26.80 26.80 26.81 26.81 26.80 26.79 26.78 26.76 26.74 26.72 26.69 26.67 26.65 26.63 26.61 26.59 26.58 26.56 26.55 26.54 26.53 26.52 26.52 26.51 26.51 26.52 26.53 26.52 26.53 26.55 26.56 26.57 26.59 26.60 26.61 26.62 26.63 26.64 26.64 26.64 26.64 26.62 26.60 26.58 26.56 26.54 26.52 26.50 26.49 26.49 26.49 26.51 26.53 26.55 26.57 26.60 26.62 26.64 26.66 26.67 26.68
26.56 26.57 26.58 26.59 26.60 26.61 26.63 26.64 26.65 26.67 26.69 26.71 26.73 26.75 26.77 26.79 26.81 26.81 26.83 26.83 26.82 26.80 26.78 26.76 26.74 26.71 26.68 26.66 26.64 26.61 26.59 26.58 26.57 26.54 26.53 26.52 26.51 26.51 26.50 26.50 26.49 26.49 26.51 26.50 26.51 26.53 26.54 26.56 26.57 26.58 26.59 26.61 26.63 26.64 26.64 26.65 26.65 26.63 26.61 26.58 26.56 26.53 26.52 26.50 26.48 26.48 26.48 26.50 26.52 26.55 26.57 26.60 26.62 26.64 26.67 26.68 26.68
26.56 26.57 26.58 26.59 26.60 26.61 26.62 26.64 26.65 26.67 26.69 26.71 26.73 26.75 26.77 26.79 26.81 26.83 26.85 26.84 26.82 26.79 26.77 26.74 26.72 26.69 26.67 26.64 26.62 26.59 26.57 26.55 26.53 26.53 26.51 26.50 26.50 26.50 26.48 26.48 26.47 26.47 26.46 26.48 26.49 26.50 26.52 26.53 26.54 26.56 26.58 26.59 26.61 26.61 26.63 26.65 26.65 26.63 26.60 26.57 26.55 26.53 26.51 26.49 26.47 26.46 26.47 26.49 26.51 26.54 26.56 26.59 26.61 26.63 26.66 26.68 26.67
26.56 26.57 26.58 26.59 26.60 26.61 26.62 26.64 26.65 26.67 26.69 26.71 26.73 26.75 26.78 26.77 26.80 26.82 26.83 26.81 26.80 26.78 26.75 26.73 26.70 26.67 26.65 26.62 26.59 26.57 26.55 26.53 26.52 26.50 26.49 26.48 26.47 26.46 26.45 26.45 26.44 26.44 26.44 26.44 26.46 26.47 26.49 26.51 26.52 26.54 26.56 26.57 26.58 26.59 26.61 26.62 26.62 26.61 26.58 26.56 26.54 26.52 26.50 26.48 26.47 26.46 26.46 26.48 26.50 26.52 26.54 26.57 26.59 26.62 26.63 26.64 26.65
26.54 26.56 26.57 26.58 26.59 26.60 26.62 26.63 26.65 26.67 26.69 26.70 26.73 26.75 26.77 26.78 26.79 26.79 26.79 26.79 26.78 26.75 26.74 26.71 26.68 26.65 26.63 26.60 26.57 26.55 26.52 26.50 26.48 26.47 26.46 26.44 26.44 26.43 26.42 26.41 26.41 26.41 26.41 26.42 26.43 26.44 26.46 26.48 26.50 26.51 26.53 26.55 26.56 26.57 26.58 26.59 26.59 26.58 26.56 26.54 26.52 26.50 26.49 26.47 26.46 26.45 26.46 26.47 26.48 26.50 26.52 26.54 26.56 26.58 26.60 26.61 26.61
26.54 26.55 26.56 26.58 26.59 26.60 26.62 26.63 26.65 26.66 26.68 26.69 26.71 26.74 26.75 26.76 26.76 26.76 26.76 26.76 26.74 26.73 26.71 26.68 26.66 26.62 26.60 26.57 26.54 26.51 26.49 26.47 26.45 26.44 26.42 26.41 26.40 26.39 26.38 26.38 26.38 26.38 26.38 26.38 26.40 26.41 26.44 26.45 26.47 26.49 26.49 26.51 26.53 26.54 26.55 26.55 26.55 26.54 26.53 26.52 26.50 26.49 26.47 26.46 26.45 26.44 26.44 26.45 26.46 26.47 26.49 26.51 26.53 26.55 26.56 26.57 26.58
26.53 26.54 26.55 26.56 26.58 26.60 26.61 26.62 26.64 26.65 26.67 26.69 26.70 26.71 26.74 26.74 26.73 26.73 26.73 26.72 26.71 26.70 26.68 26.65 26.62 26.59 26.57 26.55 26.52 26.49 26.46 26.44 26.42 26.40 26.39 26.37 26.36 26.35 26.35 26.34 26.34 26.35 26.34 26.35 26.37 26.38 26.40 26.41 26.44 26.45 26.47 26.48 26.50 26.51 26.52 26.52 26.52 26.51 26.50 26.49 26.48 26.46 26.45 26.44 26.43 26.42 26.42 26.43 26.44 26.45 26.46 26.48 26.49 26.51 26.53 26.54 26.54
26.53 26.54 26.55 26.56 26.57 26.58 26.60 26.62 26.63 26.64 26.66 26.67 26.69 26.70 26.71 26.71 26.71 26.71 26.70 26.69 26.68 26.67 26.64 26.63 26.60 26.57 26.54 26.51 26.48 26.46 26.43 26.41 26.39 26.36 26.36 26.34 26.33 26.32 26.31 26.31 26.31 26.31 26.31 26.32 26.34 26.35 26.37 26.38 26.41 26.43 26.44 26.46 26.47 26.48 26.49 26.49 26.48 26.48 26.47 26.46 26.45 26.44 26.43 26.41 26.41 26.40 26.40 26.40 26.41 26.42 26.43 26.44 26.46 26.47 26.49 26.50 26.51
26.52 26.53 26.54 26.55 26.56 26.57 26.59 26.61 26.62 26.64 26.65 26.66 26.67 26.69 26.69 26.69 26.69 26.68 26.68 26.67 26.65 26.64 26.62 26.60 26.57 26.54 26.52 26.49 26.46 26.43 26.40 26.38 26.36 26.34 26.32 26.31 26.30 26.30 26.29 26.28 26.28 26.27 26.28 26.29 26.31 26.33 26.35 26.36 26.39 26.40 26.42 26.43 26.44 26.45 26.45 26.45 26.45 26.45 26.44 26.44 26.42 26.41 26.40 26.39 26.38 26.38 26.38 26.38 26.38 26.39 26.40 26.41 26.42 26.43 26.45 26.46 26.47
26.52 26.53 26.53 26.54 26.55 26.57 26.58 26.59 26.61 26.62 26.64 26.65 26.66 26.67 26.67 26.67 26.66 26.66 26.65 26.64 26.63 26.61 26.59 26.57 26.54 26.52 26.49 26.46 26.43 26.41 26.38 26.35 26.33 26.31 26.30 26.29 26.28 26.28 26.27 26.26 26.25 26.25 26.25 26.26 26.28 26.30 26.33 26.35 26.37 26.38 26.40 26.41 26.42 26.42 26.42 26.43 26.42 26.41 26.41 26.40 26.40 26.39 26.38 26.36 26.35 26.35 26.35 26.35 26.35 26.36 26.37 26.38 26.39 26.40 26.42 26.43 26.43
26.51 26.52 26.53 26.54 26.55 26.56 26.57 26.58 26.59 26.61 26.62 26.64 26.64 26.65 26.66 26.65 26.65 26.63 26.62 26.61 26.60 26.58 26.56 26.54 26.52 26.48 26.46 26.44 26.41 26.38 26.35 26.33 26.30 26.29 26.28 26.27 26.27 26.26 26.25 26.24 26.23 26.22 26.22 26.24 26.26 26.29 26.31 26.33 26.35 26.37 26.38 26.39 26.40 26.40 26.40 26.40 26.39 26.39 26.38 26.37 26.37 26.36 26.35 26.33 26.32 26.32 26.32 26.32 26.32 26.33 26.33 26.35 26.36 26.37 26.38 26.40 26.41
26.49 26.52 26.52 26.53 26.54 26.55 26.56 26.57 26.58 26.59 26.61 26.63 26.63 26.64 26.64 26.63 26.63 26.61 26.60 26.59 26.57 26.56 26.54 26.52 26.49 26.46 26.44 26.42 26.39 26.36 26.34 26.31 26.28 26.27 26.27 26.26 26.26 26.25 26.25 26.24 26.23 26.21 26.20 26.23 26.26 26.28 26.30 26.32 26.34 26.35 26.37 26.37 26.38 26.37 26.37 26.37 26.37 26.36 26.35 26.34 26.34 26.33 26.32 26.30 26.30 26.29 26.29 26.29 26.29 26.30 26.31 26.32 26.33 26.34 26.36 26.38 26.39
26.50 26.51 26.51 26.52 26.53 26.54 26.55 26.56 26.57 26.58 26.59 26.60 26.62 26.62 26.62 26.61 26.60 26.59 26.58 26.56 26.55 26.53 26.51 26.49 26.47 26.44 26.42 26.40 26.37 26.35 26.33 26.30 26.28 26.27 26.27 26.27 26.26 26.27 26.27 26.25 26.24 26.22 26.22 26.24 26.26 26.28 26.30 26.31 26.33 26.34 26.35 26.36 26.36 26.36 26.35 26.35 26.35 26.34 26.32 26.32 26.31 26.30 26.28 26.27 26.26 26.26 26.26 26.26 26.26 26.27 26.28 26.29 26.32 26.34 26.35 26.37 26.38
26.50 26.50 26.51 26.51 26.52 26.53 26.54 26.54 26.55 26.56 26.57 26.58 26.58 26.58 26.60 26.59 26.58 26.57 26.56 26.54 26.53 26.51 26.48 26.47 26.45 26.43 26.40 26.38 26.36 26.34 26.32 26.30 26.29 26.28 26.28 26.28 26.29 26.29 26.28 26.28 26.26 26.25 26.25 26.26 26.28 26.29 26.31 26.32 26.33 26.33 26.34 26.34 26.34 26.34 26.33 26.33 26.32 26.31 26.30 26.29 26.28 26.26 26.25 26.24 26.23 26.22 26.22 26.23 26.23 26.24 26.26 26.28 26.30 26.32 26.34 26.36 26.38
