data/Validacao/U021015l.grd
DSAA
94	94
0.0000	100.0000
0.0000	100.0000
5.2334	8.3823
[rows 0 to 37 of 94, columns 0 to 83 of 94]
6.23 6.21 6.19 6.17 6.15 6.13 6.11 6.08 6.06 6.04 6.03 6.01 5.99 5.97 5.96 5.94 5.93 5.90 5.89 5.88 5.91 5.97 5.99 6.02 6.04 6.03 6.05 5.97 5.98 5.99 6.04 6.05 6.06 6.06 6.06 6.03 6.04 6.04 6.02 6.02 6.05 6.04 6.04 6.04 6.04 6.05 6.05 5.90 5.88 5.83 5.74 5.71 5.68 5.65 5.65 5.61 5.57 5.53 5.63 5.60 5.57 5.56 5.53 5.51 5.49 5.47 5.42 5.39 5.37 5.35 5.34 5.31 5.28 5.26 5.23 5.27 5.35 5.42 5.50 5.54 5.61 5.67 5.74 5.79
6.21 6.20 6.18 6.16 6.14 6.12 6.10 6.08 6.07 6.04 6.02 6.01 5.99 5.98 5.96 5.95 5.94 5.92 5.91 5.91 5.93 5.99 6.01 6.03 6.05 6.07 6.06 5.99 6.00 6.01 6.02 6.06 6.07 6.07 6.07 6.04 6.05 6.05 6.03 6.03 6.05 6.05 6.05 6.05 6.05 6.05 6.11 6.10 5.89 5.78 5.76 5.73 5.70 5.67 5.66 5.63 5.59 5.56 5.63 5.61 5.59 5.57 5.55 5.53 5.51 5.49 5.44 5.42 5.40 5.38 5.37 5.35 5.32 5.31 5.30 5.34 5.40 5.44 5.52 5.59 5.66 5.73 5.79 5.85
6.18 6.17 6.16 6.14 6.13 6.11 6.09 6.08 6.06 6.05 6.02 6.01 6.00 5.98 5.97 5.96 5.95 5.94 5.94 5.94 5.95 5.98 6.03 6.05 6.07 6.09 6.05 6.01 6.02 6.03 6.03 6.08 6.08 6.08 6.08 6.06 6.06 6.06 6.04 6.03 6.05 6.05 6.05 6.05 6.03 6.12 6.11 6.10 6.09 5.80 5.78 5.75 5.72 5.69 5.68 5.65 5.61 5.58 5.54 5.62 5.60 5.59 5.57 5.55 5.53 5.49 5.47 5.45 5.44 5.42 5.41 5.40 5.38 5.38 5.39 5.42 5.45 5.52 5.59 5.66 5.73 5.80 5.86 5.91
6.15 6.15 6.14 6.12 6.11 6.10 6.08 6.07 6.06 6.04 6.03 6.02 6.00 5.99 5.98 5.98 5.97 5.97 5.97 5.97 6.00 6.01 6.02 6.07 6.09 6.06 6.08 6.07 6.04 6.05 6.05 6.05 6.10 6.09 6.09 6.10 6.07 6.07 6.04 6.04 6.04 6.05 6.05 6.04 6.04 6.11 6.11 6.09 6.05 5.82 5.80 5.77 5.74 5.70 5.70 5.67 5.63 5.60 5.56 5.64 5.62 5.60 5.59 5.54 5.53 5.52 5.50 5.49 5.48 5.47 5.47 5.46 5.45 5.46 5.48 5.48 5.54 5.60 5.67 5.74 5.80 5.87 5.93 5.98
6.13 6.12 6.11 6.10 6.09 6.08 6.07 6.06 6.05 6.04 6.03 6.02 6.01 6.00 5.99 5.99 5.99 5.99 5.99 6.00 6.03 6.04 6.05 6.10 6.07 6.09 6.10 6.12 6.07 6.07 6.07 6.07 6.06 6.10 6.10 6.10 6.07 6.07 6.05 6.05 6.04 6.04 6.06 6.14 6.12 6.11 6.10 6.06 6.05 6.01 6.01 5.79 5.76 5.73 5.69 5.69 5.66 5.62 5.58 5.55 5.63 5.62 5.58 5.57 5.56 5.55 5.54 5.53 5.52 5.52 5.52 5.52 5.53 5.51 5.54 5.58 5.63 5.69 5.75 5.82 5.88 5.95 6.00 6.06
6.10 6.10 6.09 6.08 6.07 6.07 6.06 6.05 6.04 6.03 6.03 6.02 6.02 6.01 6.01 6.01 6.01 6.02 6.03 6.05 6.06 6.07 6.09 6.05 6.10 6.12 6.13 6.15 6.09 6.09 6.09 6.09 6.09 6.11 6.11 6.11 6.08 6.07 6.05 6.06 6.05 6.04 6.14 6.13 6.11 6.10 6.10 6.06 6.02 6.01 6.00 5.99 5.78 5.75 5.72 5.68 5.68 5.64 5.61 5.57 5.54 5.61 5.60 5.59 5.59 5.58 5.58 5.58 5.57 5.57 5.58 5.59 5.57 5.60 5.63 5.67 5.72 5.77 5.84 5.90 5.97 6.03 6.09 6.14
6.07 6.07 6.07 6.06 6.05 6.05 6.04 6.04 6.03 6.03 6.02 6.02 6.02 6.02 6.02 6.03 6.03 6.04 6.05 6.08 6.09 6.11 6.07 6.09 6.10 6.15 6.16 6.17 6.11 6.11 6.11 6.10 6.09 6.08 6.12 6.11 6.11 6.07 6.05 6.06 6.05 6.12 6.13 6.12 6.11 6.10 6.06 6.05 6.01 6.00 5.99 5.98 5.79 5.77 5.73 5.71 5.69 5.66 5.63 5.59 5.56 5.63 5.62 5.62 5.62 5.62 5.62 5.62 5.63 5.62 5.64 5.65 5.65 5.68 5.71 5.76 5.81 5.86 5.92 5.99 6.05 6.11 6.17 6.22
6.11 6.04 6.04 6.04 6.04 6.03 6.03 6.03 6.02 6.02 6.02 6.02 6.02 6.03 6.03 6.04 6.05 6.06 6.07 6.11 6.12 6.09 6.12 6.13 6.14 6.19 6.20 6.20 6.13 6.13 6.13 6.12 6.10 6.09 6.12 6.12 6.11 6.07 6.08 6.07 6.06 6.11 6.12 6.11 6.10 6.09 6.06 6.05 6.01 5.99 5.98 5.97 5.96 5.95 5.75 5.73 5.72 5.68 5.64 5.59 5.56 5.64 5.64 5.64 5.65 5.65 5.66 5.67 5.68 5.68 5.70 5.72 5.73 5.76 5.80 5.84 5.89 5.95 6.01 6.07 6.13 6.19 6.25 6.29
6.08 6.02 6.02 6.02 6.02 6.01 6.01 6.01 6.01 6.02 6.02 6.02 6.03 6.03 6.04 6.05 6.07 6.08 6.11 6.13 6.10 6.13 6.16 6.18 6.19 6.19 6.22 6.23 6.15 6.15 6.14 6.13 6.13 6.10 6.13 6.12 6.11 6.06 6.09 6.07 6.11 6.12 6.11 6.09 6.09 6.08 6.05 6.01 6.00 5.98 5.96 5.95 5.94 5.93 5.93 5.74 5.74 5.70 5.64 5.61 5.57 5.55 5.65 5.66 5.68 5.69 5.70 5.72 5.73 5.75 5.76 5.77 5.80 5.84 5.88 5.92 5.97 6.03 6.09 6.14 6.21 6.27 6.34 6.38
6.06 6.06 5.99 5.99 6.00 6.00 6.00 6.00 6.00 6.01 6.01 6.02 6.03 6.04 6.05 6.06 6.08 6.10 6.12 6.10 6.13 6.16 6.19 6.22 6.23 6.22 6.21 6.25 6.17 6.16 6.15 6.15 6.14 6.11 6.09 6.12 6.15 6.05 6.09 6.11 6.10 6.11 6.09 6.08 6.07 6.06 6.04 6.00 5.97 5.95 5.93 5.92 5.91 5.90 5.90 5.91 5.75 5.70 5.65 5.62 5.58 5.57 5.67 5.69 5.71 5.73 5.75 5.76 5.78 5.81 5.83 5.84 5.87 5.91 5.95 6.00 6.05 6.10 6.15 6.21 6.28 6.34 6.39 6.46
6.04 6.03 6.03 5.97 5.98 5.98 5.98 5.99 6.00 6.00 6.01 6.02 6.03 6.04 6.06 6.07 6.09 6.06 6.09 6.13 6.16 6.19 6.22 6.25 6.25 6.25 6.24 6.28 6.27 6.18 6.17 6.16 6.15 6.12 6.10 6.12 6.16 6.15 6.13 6.10 6.09 6.09 6.07 6.05 6.04 6.01 6.01 5.96 5.94 5.91 5.90 5.88 5.87 5.86 5.86 5.87 5.90 5.69 5.65 5.62 5.60 5.59 5.59 5.71 5.74 5.76 5.78 5.80 5.83 5.86 5.89 5.91 5.94 5.98 6.02 6.07 6.12 6.17 6.22 6.28 6.34 6.39 6.45 6.51
6.02 6.01 6.01 5.95 5.96 5.96 5.97 5.98 5.99 6.00 6.01 6.02 6.03 6.05 6.06 6.08 6.05 6.08 6.11 6.16 6.18 6.21 6.24 6.26 6.27 6.27 6.26 6.25 6.30 6.20 6.19 6.18 6.16 6.12 6.10 6.14 6.16 6.14 6.12 6.11 6.08 6.07 6.05 6.03 6.00 5.97 5.96 5.91 5.89 5.87 5.85 5.83 5.82 5.81 5.81 5.82 5.84 5.83 5.64 5.63 5.61 5.61 5.61 5.62 5.76 5.79 5.82 5.85 5.87 5.91 5.94 5.98 6.01 6.04 6.09 6.14 6.19 6.23 6.28 6.33 6.39 6.43 6.49 6.53
6.00 5.99 5.99 5.99 5.94 5.95 5.96 5.97 5.98 5.99 6.00 6.02 6.03 6.05 6.00 6.03 6.06 6.09 6.15 6.18 6.20 6.23 6.25 6.27 6.28 6.28 6.28 6.28 6.32 6.22 6.20 6.18 6.17 6.13 6.17 6.15 6.20 6.14 6.11 6.09 6.06 6.05 6.02 5.99 5.97 5.93 5.90 5.85 5.84 5.82 5.80 5.78 5.77 5.76 5.77 5.76 5.78 5.78 5.79 5.62 5.62 5.63 5.64 5.65 5.79 5.82 5.85 5.89 5.93 5.96 6.00 6.04 6.08 6.11 6.15 6.20 6.23 6.28 6.33 6.38 6.42 6.47 6.51 6.55
5.98 5.97 5.97 5.97 5.92 5.93 5.94 5.95 5.97 5.98 6.00 6.01 6.03 5.98 6.01 6.04 6.08 6.11 6.16 6.19 6.21 6.24 6.26 6.28 6.30 6.30 6.30 6.30 6.34 6.24 6.22 6.19 6.18 6.13 6.18 6.16 6.20 6.13 6.11 6.08 6.05 6.01 6.00 5.96 5.93 5.88 5.85 5.80 5.78 5.76 5.74 5.73 5.71 5.71 5.71 5.71 5.73 5.74 5.75 5.77 5.63 5.64 5.66 5.68 5.69 5.85 5.89 5.93 5.97 6.01 6.05 6.09 6.14 6.18 6.22 6.25 6.29 6.33 6.38 6.43 6.46 6.50 6.54 6.57
5.96 5.95 5.95 5.96 5.96 5.91 5.93 5.94 5.96 5.98 5.99 6.01 5.96 5.99 6.02 6.05 6.09 6.12 6.17 6.20 6.23 6.25 6.28 6.30 6.31 6.32 6.32 6.32 6.27 6.25 6.23 6.20 6.18 6.24 6.22 6.15 6.11 6.12 6.10 6.07 6.04 6.01 5.97 5.93 5.89 5.84 5.80 5.75 5.73 5.71 5.69 5.67 5.67 5.66 5.65 5.65 5.68 5.69 5.72 5.75 5.78 5.66 5.68 5.71 5.73 5.88 5.93 5.97 6.01 6.05 6.10 6.15 6.20 6.24 6.26 6.30 6.34 6.38 6.43 6.47 6.49 6.53 6.56 6.59
5.93 5.93 5.94 5.94 5.95 5.96 5.92 5.93 5.95 5.97 5.99 5.94 5.97 6.00 6.03 6.06 6.09 6.15 6.18 6.21 6.24 6.26 6.29 6.31 6.33 6.34 6.34 6.34 6.22 6.26 6.24 6.21 6.30 6.25 6.22 6.19 6.16 6.09 6.09 6.05 6.04 6.00 5.94 5.86 5.82 5.80 5.76 5.71 5.68 5.66 5.64 5.63 5.62 5.61 5.60 5.60 5.63 5.65 5.69 5.73 5.77 5.82 5.71 5.74 5.76 5.79 5.95 6.00 6.06 6.10 6.13 6.20 6.25 6.27 6.32 6.35 6.39 6.43 6.47 6.49 6.52 6.55 6.58 6.61
5.91 5.91 5.92 5.93 5.94 5.95 5.96 5.92 5.94 5.96 5.98 5.94 5.97 6.00 6.03 6.07 6.10 6.16 6.18 6.22 6.25 6.27 6.30 6.33 6.34 6.35 6.36 6.36 6.24 6.27 6.25 6.33 6.31 6.25 6.23 6.19 6.16 6.08 6.08 6.04 6.03 5.98 5.92 5.84 5.79 5.77 5.74 5.70 5.64 5.62 5.61 5.59 5.58 5.56 5.55 5.55 5.58 5.62 5.66 5.72 5.77 5.83 5.88 5.77 5.80 5.83 5.99 6.06 6.10 6.15 6.17 6.22 6.28 6.32 6.37 6.41 6.44 6.48 6.51 6.52 6.55 6.58 6.60 6.62
5.89 5.90 5.90 5.92 5.93 5.94 5.96 5.91 5.94 5.96 5.91 5.94 5.97 6.01 6.04 6.09 6.13 6.16 6.19 6.22 6.25 6.31 6.34 6.37 6.36 6.37 6.37 6.37 6.27 6.30 6.27 6.34 6.28 6.25 6.23 6.20 6.16 6.08 6.08 6.03 6.02 5.98 5.91 5.83 5.78 5.75 5.71 5.67 5.61 5.60 5.58 5.56 5.55 5.53 5.52 5.51 5.54 5.59 5.65 5.72 5.78 5.84 5.90 5.95 5.84 5.87 6.03 6.10 6.15 6.17 6.22 6.26 6.32 6.37 6.42 6.46 6.48 6.51 6.54 6.55 6.57 6.60 6.62 6.64
5.87 5.88 5.90 5.91 5.93 5.94 5.98 5.99 6.00 5.95 5.92 5.95 6.00 6.03 6.06 6.09 6.12 6.15 6.18 6.22 6.27 6.30 6.34 6.37 6.39 6.40 6.40 6.30 6.28 6.31 6.38 6.34 6.29 6.26 6.23 6.20 6.16 6.08 6.04 6.03 6.02 5.96 5.91 5.83 5.79 5.74 5.68 5.65 5.60 5.59 5.57 5.55 5.54 5.52 5.50 5.48 5.50 5.57 5.65 5.73 5.80 5.87 5.93 5.98 6.03 5.92 6.08 6.15 6.20 6.22 6.26 6.31 6.37 6.42 6.47 6.50 6.52 6.55 6.58 6.57 6.59 6.61 6.63 6.64
5.89 5.90 5.91 5.93 5.94 5.96 5.97 5.99 6.00 5.97 5.94 5.97 5.99 6.02 6.05 6.08 6.11 6.14 6.18 6.23 6.26 6.29 6.33 6.36 6.38 6.39 6.40 6.29 6.28 6.35 6.37 6.34 6.28 6.25 6.22 6.20 6.16 6.08 6.04 6.03 6.00 5.95 5.92 5.85 5.81 5.74 5.68 5.67 5.62 5.61 5.59 5.57 5.56 5.55 5.53 5.50 5.49 5.60 5.68 5.76 5.84 5.90 5.96 6.02 6.04 6.06 6.14 6.29 6.35 6.25 6.30 6.34 6.41 6.45 6.50 6.54 6.56 6.56 6.57 6.59 6.61 6.63 6.64 6.66
5.91 5.91 5.92 5.93 5.94 5.96 5.97 5.93 5.95 5.97 5.94 5.97 5.99 6.02 6.05 6.07 6.11 6.14 6.19 6.22 6.25 6.28 6.31 6.34 6.36 6.37 6.37 6.38 6.25 6.33 6.30 6.33 6.28 6.25 6.22 6.20 6.17 6.09 6.05 6.04 6.01 5.97 5.94 5.88 5.83 5.78 5.74 5.72 5.66 5.64 5.63 5.63 5.61 5.60 5.59 5.57 5.58 5.63 5.74 5.81 5.88 5.92 5.98 6.03 6.09 6.09 6.18 6.31 6.37 6.29 6.34 6.38 6.44 6.48 6.52 6.56 6.56 6.58 6.60 6.61 6.63 6.64 6.65 6.66
5.93 5.93 5.93 5.94 5.95 5.96 5.97 5.94 5.96 5.98 6.00 5.96 5.99 6.02 6.05 6.08 6.11 6.16 6.18 6.21 6.24 6.26 6.29 6.31 6.33 6.34 6.35 6.35 6.23 6.31 6.29 6.32 6.27 6.25 6.22 6.20 6.17 6.09 6.10 6.06 6.03 5.99 5.97 5.92 5.88 5.84 5.80 5.72 5.73 5.71 5.69 5.68 5.66 5.65 5.65 5.66 5.68 5.72 5.77 5.84 5.91 5.97 6.03 6.08 6.13 6.13 6.22 6.26 6.38 6.43 6.37 6.41 6.47 6.51 6.54 6.57 6.57 6.59 6.61 6.62 6.64 6.64 6.66 6.67
5.98 5.95 5.95 5.96 5.96 5.97 5.93 5.95 5.97 5.98 6.00 5.96 5.98 6.01 6.04 6.07 6.10 6.15 6.17 6.20 6.22 6.24 6.26 6.28 6.30 6.31 6.32 6.31 6.20 6.29 6.28 6.26 6.29 6.24 6.22 6.20 6.18 6.10 6.11 6.08 6.05 6.02 6.00 5.96 5.93 5.90 5.87 5.80 5.81 5.79 5.77 5.76 5.75 5.74 5.74 5.75 5.77 5.81 5.86 5.92 5.97 6.03 6.09 6.14 6.12 6.17 6.25 6.29 6.40 6.45 6.50 6.54 6.59 6.53 6.56 6.56 6.58 6.60 6.61 6.62 6.64 6.65 6.66 6.67
6.01 6.01 6.00 6.00 5.98 5.93 5.95 5.96 5.97 5.99 6.00 6.01 5.98 6.00 6.03 6.06 6.09 6.14 6.16 6.18 6.20 6.22 6.24 6.25 6.27 6.28 6.28 6.29 6.28 6.27 6.26 6.25 6.24 6.23 6.22 6.20 6.12 6.10 6.11 6.08 6.08 6.04 6.05 6.02 5.99 5.97 5.94 5.90 5.88 5.87 5.86 5.84 5.83 5.83 5.83 5.85 5.87 5.90 5.95 6.00 6.05 6.10 6.15 6.19 6.19 6.23 6.28 6.32 6.43 6.47 6.51 6.55 6.59 6.62 6.57 6.57 6.59 6.59 6.61 6.63 6.64 6.66 6.66 6.67
6.04 6.03 6.03 6.03 5.98 5.99 5.96 5.97 5.98 6.00 6.01 6.02 6.03 6.00 6.02 6.05 6.08 6.10 6.14 6.16 6.18 6.19 6.21 6.23 6.24 6.25 6.25 6.25 6.36 6.25 6.25 6.24 6.22 6.19 6.21 6.20 6.21 6.13 6.13 6.11 6.09 6.07 6.06 6.07 6.06 6.04 6.02 5.98 5.97 5.95 5.95 5.93 5.92 5.92 5.93 5.94 5.96 5.99 6.04 6.08 6.13 6.17 6.18 6.21 6.25 6.32 6.34 6.37 6.45 6.49 6.52 6.56 6.58 6.62 6.61 6.57 6.58 6.60 6.62 6.63 6.65 6.66 6.67 6.68
6.07 6.06 6.06 6.00 6.01 6.01 6.02 6.02 6.00 6.01 6.02 6.03 6.04 6.05 6.02 6.04 6.06 6.09 6.13 6.15 6.16 6.17 6.19 6.20 6.21 6.22 6.22 6.23 6.34 6.24 6.23 6.23 6.22 6.18 6.21 6.20 6.22 6.15 6.14 6.13 6.12 6.14 6.11 6.10 6.12 6.11 6.10 6.07 6.05 6.03 6.02 6.02 6.01 6.01 6.02 6.04 6.06 6.09 6.12 6.16 6.20 6.21 6.24 6.27 6.30 6.36 6.38 6.40 6.43 6.50 6.53 6.56 6.59 6.62 6.61 6.62 6.64 6.66 6.70 6.63 6.65 6.66 6.67 6.67
6.10 6.09 6.03 6.03 6.04 6.04 6.04 6.04 6.05 6.02 6.03 6.04 6.05 6.06 6.07 6.03 6.05 6.08 6.11 6.13 6.14 6.15 6.16 6.17 6.18 6.19 6.19 6.20 6.31 6.22 6.22 6.21 6.21 6.18 6.17 6.20 6.21 6.17 6.16 6.15 6.18 6.17 6.15 6.15 6.18 6.18 6.15 6.15 6.14 6.11 6.10 6.08 6.08 6.09 6.11 6.12 6.15 6.18 6.21 6.24 6.24 6.27 6.30 6.32 6.35 6.41 6.42 6.44 6.46 6.48 6.56 6.59 6.62 6.64 6.63 6.61 6.63 6.67 6.69 6.71 6.72 6.73 6.68 6.68
6.13 6.07 6.07 6.07 6.07 6.07 6.07 6.07 6.07 6.07 6.07 6.05 6.05 6.06 6.07 6.08 6.09 6.06 6.08 6.11 6.12 6.13 6.14 6.15 6.15 6.16 6.17 6.26 6.28 6.20 6.20 6.20 6.20 6.16 6.16 6.18 6.22 6.18 6.18 6.17 6.19 6.19 6.18 6.20 6.21 6.23 6.21 6.21 6.21 6.19 6.16 6.15 6.15 6.16 6.18 6.21 6.23 6.26 6.28 6.28 6.31 6.34 6.35 6.37 6.39 6.46 6.47 6.48 6.49 6.50 6.58 6.60 6.62 6.65 6.61 6.63 6.64 6.66 6.68 6.69 6.70 6.72 6.73 6.68
6.00 6.10 6.10 6.10 6.10 6.10 6.10 6.09 6.09 6.09 6.09 6.10 6.10 6.10 6.11 6.11 6.12 6.11 6.12 6.09 6.10 6.11 6.12 6.13 6.13 6.14 6.15 6.24 6.26 6.28 6.19 6.18 6.18 6.16 6.16 6.19 6.19 6.19 6.19 6.18 6.21 6.21 6.20 6.22 6.25 6.28 6.28 6.28 6.25 6.22 6.19 6.18 6.18 6.19 6.22 6.25 6.29 6.29 6.33 6.36 6.39 6.40 6.41 6.43 6.48 6.50 6.51 6.51 6.51 6.52 6.49 6.50 6.59 6.58 6.60 6.61 6.63 6.64 6.66 6.67 6.68 6.70 6.71 6.74
6.03 6.03 6.14 6.13 6.13 6.13 6.13 6.12 6.12 6.12 6.12 6.12 6.12 6.12 6.12 6.13 6.13 6.14 6.15 6.13 6.09 6.10 6.10 6.11 6.12 6.12 6.13 6.22 6.24 6.16 6.17 6.17 6.17 6.16 6.16 6.18 6.19 6.19 6.16 6.16 6.22 6.23 6.23 6.24 6.26 6.30 6.29 6.30 6.28 6.26 6.24 6.23 6.22 6.24 6.26 6.30 6.31 6.36 6.38 6.40 6.42 6.44 6.45 6.46 6.51 6.52 6.53 6.53 6.53 6.53 6.50 6.51 6.49 6.57 6.59 6.60 6.61 6.62 6.64 6.65 6.66 6.69 6.71 6.71
6.05 6.06 6.07 6.17 6.17 6.16 6.16 6.15 6.15 6.14 6.14 6.14 6.14 6.14 6.14 6.13 6.13 6.13 6.14 6.14 6.12 6.13 6.13 6.10 6.10 6.11 6.19 6.21 6.23 6.16 6.17 6.16 6.17 6.17 6.15 6.18 6.19 6.19 6.20 6.17 6.20 6.21 6.24 6.26 6.28 6.31 6.29 6.30 6.29 6.28 6.27 6.26 6.26 6.29 6.31 6.31 6.33 6.37 6.39 6.40 6.45 6.46 6.47 6.51 6.53 6.54 6.54 6.54 6.55 6.50 6.51 6.49 6.49 6.52 6.57 6.58 6.59 6.60 6.61 6.65 6.65 6.68 6.68 6.71
6.08 6.09 6.10 6.10 6.10 6.10 6.19 6.18 6.18 6.17 6.17 6.16 6.16 6.14 6.14 6.14 6.14 6.13 6.15 6.15 6.14 6.12 6.12 6.13 6.13 6.17 6.18 6.20 6.22 6.15 6.15 6.15 6.16 6.15 6.15 6.18 6.19 6.19 6.20 6.18 6.21 6.22 6.24 6.24 6.27 6.31 6.32 6.30 6.30 6.28 6.30 6.30 6.31 6.32 6.32 6.33 6.35 6.38 6.40 6.42 6.44 6.46 6.51 6.53 6.54 6.55 6.55 6.55 6.53 6.52 6.52 6.49 6.49 6.51 6.52 6.56 6.57 6.58 6.65 6.66 6.65 6.68 6.68 6.66
6.11 6.12 6.12 6.13 6.13 6.13 6.13 6.13 6.20 6.20 6.18 6.17 6.17 6.16 6.16 6.16 6.15 6.14 6.14 6.15 6.14 6.14 6.14 6.12 6.12 6.19 6.21 6.19 6.14 6.14 6.15 6.15 6.15 6.14 6.15 6.18 6.18 6.19 6.20 6.21 6.22 6.23 6.23 6.24 6.28 6.29 6.32 6.30 6.31 6.32 6.32 6.32 6.33 6.33 6.34 6.35 6.36 6.39 6.41 6.43 6.45 6.47 6.50 6.52 6.53 6.56 6.53 6.53 6.53 6.52 6.49 6.54 6.54 6.56 6.56 6.56 6.62 6.63 6.63 6.64 6.66 6.66 6.64 6.64
6.14 6.15 6.15 6.15 6.15 6.15 6.15 6.15 6.14 6.21 6.20 6.20 6.18 6.17 6.16 6.16 6.16 6.15 6.15 6.14 6.15 6.14 6.14 6.11 6.18 6.19 6.21 6.22 6.21 6.13 6.19 6.14 6.15 6.14 6.15 6.17 6.18 6.19 6.20 6.21 6.20 6.21 6.26 6.25 6.27 6.26 6.30 6.31 6.32 6.33 6.33 6.36 6.33 6.34 6.35 6.38 6.39 6.40 6.42 6.44 6.48 6.53 6.51 6.52 6.53 6.61 6.59 6.59 6.59 6.58 6.62 6.57 6.57 6.56 6.56 6.60 6.59 6.58 6.58 6.58 6.62 6.65 6.63 6.63
6.17 6.17 6.17 6.17 6.17 6.17 6.17 6.16 6.16 6.15 6.21 6.20 6.19 6.18 6.18 6.17 6.18 6.17 6.16 6.15 6.14 6.14 6.11 6.11 6.11 6.19 6.21 6.19 6.21 6.16 6.18 6.13 6.18 6.19 6.19 6.22 6.17 6.18 6.19 6.23 6.26 6.26 6.27 6.28 6.27 6.26 6.29 6.31 6.32 6.33 6.36 6.37 6.38 6.37 6.38 6.39 6.40 6.42 6.43 6.47 6.49 6.55 6.56 6.60 6.61 6.68 6.60 6.64 6.63 6.63 6.63 6.58 6.57 6.58 6.59 6.57 6.59 6.57 6.60 6.60 6.58 6.62 6.61 6.61
6.19 6.20 6.20 6.20 6.19 6.19 6.18 6.18 6.17 6.17 6.16 6.16 6.21 6.20 6.19 6.18 6.19 6.17 6.16 6.15 6.14 6.14 6.13 6.11 6.11 6.17 6.19 6.20 6.20 6.22 6.21 6.18 6.18 6.19 6.19 6.21 6.22 6.23 6.22 6.23 6.26 6.26 6.27 6.28 6.28 6.30 6.29 6.31 6.35 6.36 6.37 6.38 6.39 6.37 6.38 6.39 6.41 6.42 6.44 6.51 6.53 6.57 6.59 6.63 6.62 6.70 6.66 6.65 6.65 6.65 6.64 6.63 6.62 6.60 6.59 6.57 6.56 6.59 6.59 6.59 6.56 6.56 6.60 6.59
6.22 6.22 6.22 6.21 6.21 6.20 6.20 6.19 6.19 6.18 6.18 6.17 6.16 6.22 6.21 6.22 6.20 6.18 6.17 6.15 6.15 6.14 6.14 6.11 6.10 6.17 6.18 6.20 6.24 6.25 6.21 6.22 6.18 6.19 6.19 6.21 6.22 6.23 6.22 6.23 6.26 6.28 6.28 6.29 6.29 6.32 6.34 6.34 6.36 6.37 6.38 6.39 6.37 6.38 6.39 6.40 6.41 6.43 6.44 6.53 6.54 6.60 6.61 6.65 6.68 6.69 6.67 6.67 6.67 6.67 6.68 6.66 6.63 6.61 6.60 6.59 6.58 6.58 6.59 6.59 6.55 6.55 6.56 6.55
6.25 6.24 6.23 6.22 6.22 6.21 6.21 6.20 6.20 6.19 6.19 6.18 6.17 6.17 6.22 6.23 6.21 6.19 6.17 6.16 6.15 6.14 6.14 6.13 6.15 6.15 6.15 6.23 6.24 6.20 6.21 6.21 6.22 6.18 6.19 6.21 6.22 6.22 6.22 6.23 6.26 6.27 6.28 6.29 6.31 6.33 6.34 6.39 6.40 6.41 6.42 6.40 6.38 6.39 6.40 6.40 6.41 6.50 6.52 6.59 6.60 6.62 6.63 6.67 6.68 6.71 6.69 6.69 6.71 6.70 6.69 6.68 6.64 6.62 6.60 6.59 6.58 6.58 6.59 6.59 6.58 6.56 6.55 6.54
