data/Validacao/U021015l.grd
DSAA
94	94
0.0000	100.0000
0.0000	100.0000
5.2334	8.3823
[rows 38 to 75 of 94, columns 0 to 83 of 94]
6.32 6.32 6.32 6.31 6.23 6.22 6.22 6.21 6.21 6.21 6.20 6.19 6.18 6.18 6.19 6.17 6.22 6.20 6.18 6.17 6.16 6.15 6.14 6.18 6.15 6.16 6.14 6.14 6.22 6.23 6.24 6.20 6.21 6.21 6.19 6.21 6.22 6.22 6.22 6.23 6.26 6.28 6.30 6.30 6.33 6.34 6.38 6.37 6.39 6.42 6.43 6.47 6.44 6.45 6.46 6.47 6.50 6.52 6.54 6.61 6.63 6.64 6.68 6.69 6.70 6.69 6.73 6.73 6.73 6.72 6.71 6.69 6.67 6.64 6.62 6.60 6.60 6.59 6.56 6.55 6.58 6.56 6.55 6.53
6.32 6.33 6.32 6.32 6.31 6.31 6.30 6.22 6.22 6.21 6.21 6.20 6.19 6.19 6.19 6.18 6.16 6.21 6.19 6.18 6.17 6.20 6.19 6.19 6.15 6.15 6.15 6.22 6.22 6.23 6.24 6.23 6.20 6.21 6.22 6.19 6.22 6.23 6.23 6.24 6.27 6.29 6.30 6.33 6.35 6.37 6.39 6.38 6.39 6.44 6.47 6.49 6.50 6.47 6.48 6.50 6.55 6.57 6.60 6.63 6.68 6.69 6.71 6.72 6.71 6.71 6.72 6.74 6.75 6.74 6.74 6.71 6.69 6.67 6.65 6.63 6.62 6.59 6.57 6.56 6.58 6.56 6.57 6.56
6.32 6.33 6.33 6.33 6.32 6.32 6.32 6.31 6.31 6.30 6.29 6.21 6.20 6.21 6.20 6.18 6.17 6.15 6.21 6.19 6.21 6.21 6.20 6.20 6.16 6.16 6.21 6.22 6.22 6.23 6.24 6.23 6.24 6.21 6.22 6.23 6.21 6.22 6.27 6.28 6.28 6.30 6.31 6.34 6.36 6.38 6.39 6.39 6.43 6.45 6.47 6.50 6.50 6.51 6.55 6.57 6.58 6.60 6.62 6.67 6.71 6.72 6.74 6.74 6.74 6.71 6.74 6.74 6.76 6.76 6.77 6.75 6.72 6.70 6.68 6.66 6.64 6.62 6.59 6.59 6.58 6.58 6.58 6.56
6.32 6.32 6.33 6.33 6.33 6.33 6.33 6.33 6.33 6.32 6.31 6.30 6.32 6.30 6.20 6.19 6.17 6.16 6.14 6.17 6.23 6.22 6.21 6.19 6.18 6.15 6.15 6.22 6.22 6.23 6.23 6.23 6.24 6.23 6.24 6.26 6.27 6.29 6.28 6.29 6.39 6.43 6.34 6.35 6.47 6.38 6.39 6.44 6.45 6.47 6.49 6.51 6.52 6.58 6.59 6.59 6.61 6.65 6.68 6.70 6.74 6.76 6.76 6.77 6.77 6.77 6.77 6.79 6.79 6.79 6.80 6.78 6.76 6.74 6.72 6.69 6.67 6.64 6.62 6.60 6.61 6.59 6.58 6.56
6.31 6.32 6.33 6.33 6.34 6.34 6.34 6.34 6.34 6.34 6.33 6.32 6.33 6.31 6.29 6.28 6.26 6.24 6.19 6.18 6.17 6.21 6.20 6.20 6.16 6.16 6.17 6.17 6.23 6.25 6.26 6.28 6.29 6.23 6.23 6.33 6.35 6.30 6.41 6.43 6.43 6.45 6.49 6.45 6.46 6.48 6.52 6.54 6.48 6.50 6.52 6.59 6.59 6.60 6.62 6.64 6.67 6.68 6.71 6.73 6.76 6.78 6.76 6.78 6.78 6.77 6.81 6.82 6.82 6.82 6.82 6.81 6.79 6.76 6.74 6.71 6.68 6.65 6.63 6.65 6.63 6.60 6.58 6.56
6.43 6.32 6.33 6.34 6.34 6.35 6.35 6.36 6.36 6.36 6.35 6.34 6.35 6.33 6.31 6.29 6.30 6.28 6.25 6.24 6.22 6.16 6.22 6.20 6.20 6.18 6.18 6.18 6.23 6.25 6.27 6.28 6.36 6.30 6.32 6.34 6.36 6.40 6.43 6.45 6.46 6.47 6.51 6.51 6.49 6.55 6.56 6.60 6.58 6.65 6.67 6.68 6.71 6.64 6.68 6.70 6.68 6.70 6.72 6.73 6.75 6.77 6.78 6.80 6.79 6.80 6.80 6.81 6.87 6.87 6.88 6.86 6.82 6.79 6.77 6.73 6.71 6.68 6.66 6.64 6.64 6.61 6.58 6.56
6.43 6.43 6.43 6.34 6.34 6.35 6.36 6.37 6.37 6.38 6.37 6.37 6.36 6.33 6.31 6.31 6.30 6.28 6.26 6.26 6.25 6.24 6.27 6.25 6.21 6.19 6.19 6.23 6.24 6.30 6.32 6.35 6.37 6.36 6.35 6.37 6.39 6.41 6.43 6.47 6.48 6.49 6.51 6.53 6.53 6.57 6.58 6.61 6.62 6.66 6.68 6.71 6.73 6.74 6.70 6.72 6.69 6.71 6.74 6.74 6.80 6.79 6.80 6.80 6.82 6.83 6.86 6.86 6.86 6.88 6.91 6.87 6.85 6.83 6.81 6.77 6.74 6.72 6.73 6.70 6.66 6.63 6.60 6.57
6.44 6.44 6.44 6.44 6.45 6.36 6.37 6.38 6.38 6.39 6.40 6.38 6.36 6.36 6.34 6.32 6.32 6.30 6.29 6.28 6.27 6.26 6.25 6.27 6.25 6.24 6.23 6.24 6.29 6.31 6.34 6.36 6.38 6.39 6.38 6.40 6.42 6.43 6.44 6.46 6.49 6.50 6.52 6.55 6.57 6.60 6.60 6.61 6.64 6.67 6.71 6.73 6.76 6.77 6.66 6.75 6.71 6.73 6.75 6.80 6.82 6.85 6.81 6.83 6.85 6.88 6.89 6.90 6.92 6.92 6.92 6.91 6.90 6.90 6.84 6.80 6.83 6.80 6.76 6.73 6.69 6.65 6.62 6.58
6.44 6.45 6.45 6.45 6.46 6.46 6.47 6.38 6.39 6.40 6.41 6.39 6.39 6.38 6.36 6.35 6.33 6.32 6.30 6.29 6.28 6.27 6.26 6.29 6.27 6.26 6.25 6.26 6.30 6.33 6.35 6.37 6.40 6.43 6.40 6.43 6.45 6.47 6.47 6.48 6.50 6.53 6.55 6.59 6.59 6.62 6.62 6.63 6.67 6.70 6.72 6.76 6.76 6.77 6.67 6.69 6.72 6.74 6.81 6.82 6.85 6.81 6.84 6.86 6.90 6.92 6.93 6.92 6.92 6.94 6.94 6.93 6.91 6.91 6.88 6.91 6.87 6.84 6.80 6.76 6.72 6.68 6.64 6.60
6.48 6.45 6.45 6.45 6.46 6.46 6.47 6.50 6.50 6.50 6.43 6.42 6.40 6.39 6.37 6.36 6.34 6.33 6.32 6.30 6.29 6.28 6.26 6.31 6.29 6.28 6.32 6.32 6.29 6.30 6.32 6.40 6.42 6.45 6.43 6.45 6.48 6.50 6.50 6.52 6.53 6.55 6.58 6.62 6.63 6.65 6.65 6.66 6.70 6.73 6.76 6.75 6.79 6.80 6.81 6.76 6.71 6.81 6.83 6.81 6.85 6.86 6.89 6.91 6.93 6.94 6.95 6.96 6.99 6.98 6.98 6.97 6.96 6.95 6.86 6.90 6.88 6.85 6.81 6.78 6.75 6.71 6.67 6.63
6.49 6.49 6.49 6.50 6.50 6.51 6.55 6.55 6.55 6.55 6.55 6.49 6.48 6.40 6.38 6.37 6.35 6.34 6.33 6.32 6.31 6.28 6.28 6.27 6.36 6.35 6.35 6.35 6.32 6.33 6.35 6.42 6.45 6.48 6.46 6.48 6.51 6.53 6.53 6.55 6.56 6.59 6.65 6.66 6.66 6.67 6.69 6.71 6.73 6.77 6.79 6.78 6.79 6.84 6.86 6.88 6.74 6.80 6.83 6.84 6.87 6.89 6.91 6.94 6.95 6.97 6.98 6.98 7.03 7.02 7.02 7.01 7.01 6.93 6.92 6.91 6.92 6.89 6.86 6.82 6.79 6.75 6.71 6.68
6.49 6.49 6.50 6.51 6.52 6.53 6.56 6.57 6.57 6.57 6.56 6.51 6.50 6.48 6.47 6.38 6.36 6.35 6.34 6.33 6.33 6.32 6.29 6.29 6.39 6.38 6.38 6.39 6.39 6.39 6.41 6.42 6.43 6.50 6.49 6.51 6.54 6.56 6.57 6.59 6.60 6.63 6.67 6.70 6.71 6.72 6.73 6.76 6.78 6.75 6.77 6.81 6.82 6.87 6.88 6.88 6.90 6.91 6.84 6.88 6.91 6.94 6.94 6.96 6.98 6.99 7.01 7.02 7.03 7.06 7.06 7.06 7.00 6.99 6.97 6.96 6.93 6.93 6.90 6.86 6.83 6.79 6.76 6.72
6.50 6.50 6.51 6.52 6.53 6.57 6.58 6.58 6.59 6.59 6.58 6.57 6.56 6.50 6.49 6.48 6.46 6.45 6.35 6.35 6.34 6.39 6.39 6.30 6.41 6.44 6.45 6.45 6.43 6.43 6.46 6.48 6.48 6.50 6.50 6.51 6.58 6.61 6.63 6.66 6.67 6.69 6.71 6.74 6.75 6.77 6.78 6.76 6.77 6.78 6.80 6.81 6.86 6.85 6.87 6.92 6.93 6.97 6.98 6.91 6.94 6.97 6.97 6.97 7.00 7.02 7.04 7.06 7.05 7.11 7.11 7.06 7.05 7.04 7.02 7.01 6.98 6.95 6.94 6.91 6.87 6.84 6.80 6.77
6.51 6.51 6.52 6.53 6.55 6.59 6.60 6.61 6.61 6.61 6.61 6.60 6.59 6.57 6.52 6.50 6.49 6.47 6.47 6.46 6.45 6.42 6.44 6.47 6.48 6.48 6.48 6.50 6.49 6.49 6.50 6.52 6.54 6.54 6.57 6.58 6.59 6.61 6.63 6.72 6.75 6.76 6.81 6.83 6.84 6.85 6.84 6.85 6.81 6.82 6.83 6.81 6.87 6.89 6.91 6.97 6.94 6.98 7.00 7.01 7.03 6.96 6.96 6.99 7.02 7.06 7.06 7.08 7.10 7.11 7.13 7.12 7.11 7.10 7.08 7.06 7.03 7.00 6.97 6.93 6.92 6.88 6.85 6.82
6.49 6.50 6.55 6.56 6.58 6.59 6.63 6.63 6.64 6.64 6.63 6.63 6.62 6.61 6.56 6.53 6.52 6.53 6.52 6.51 6.48 6.51 6.52 6.51 6.59 6.59 6.59 6.59 6.55 6.57 6.55 6.57 6.60 6.60 6.62 6.65 6.67 6.66 6.70 6.72 6.74 6.75 6.80 6.83 6.84 6.86 6.80 6.85 6.85 6.88 6.89 6.94 6.96 6.98 6.99 6.99 7.03 7.03 7.04 7.06 7.07 7.00 6.99 7.03 7.06 7.05 7.10 7.13 7.15 7.17 7.18 7.17 7.16 7.18 7.16 7.13 7.10 7.05 7.01 6.98 6.94 6.90 6.87 6.83
6.50 6.55 6.56 6.58 6.59 6.61 6.66 6.67 6.68 6.68 6.68 6.68 6.67 6.66 6.65 6.59 6.58 6.56 6.55 6.55 6.55 6.56 6.57 6.56 6.57 6.65 6.64 6.64 6.60 6.62 6.63 6.62 6.65 6.65 6.67 6.70 6.72 6.77 6.79 6.78 6.80 6.82 6.88 6.89 6.91 6.92 6.86 6.87 6.91 6.94 6.97 6.99 7.02 7.02 7.03 7.07 7.06 7.07 7.08 7.09 7.10 7.03 7.00 7.04 7.09 7.08 7.11 7.16 7.20 7.21 7.22 7.26 7.23 7.22 7.20 7.18 7.15 7.11 7.08 7.02 6.99 6.95 6.92 6.88
6.55 6.55 6.58 6.60 6.62 6.65 6.67 6.68 6.72 6.72 6.73 6.72 6.72 6.71 6.69 6.68 6.66 6.61 6.59 6.61 6.61 6.61 6.62 6.61 6.62 6.70 6.70 6.69 6.65 6.66 6.70 6.67 6.67 6.70 6.73 6.77 6.80 6.83 6.85 6.87 6.87 6.88 6.95 6.96 6.97 6.99 6.92 6.93 6.97 7.03 7.03 7.04 7.05 7.07 7.08 7.11 7.06 7.09 7.10 7.12 7.15 7.04 7.08 7.05 7.10 7.10 7.15 7.19 7.24 7.26 7.29 7.29 7.29 7.27 7.25 7.22 7.19 7.16 7.12 7.08 7.05 7.02 6.96 6.93
6.55 6.57 6.60 6.63 6.66 6.68 6.71 6.72 6.74 6.75 6.78 6.77 6.77 6.76 6.75 6.74 6.72 6.71 6.65 6.65 6.64 6.65 6.67 6.68 6.70 6.75 6.75 6.75 6.69 6.74 6.75 6.75 6.77 6.75 6.79 6.83 6.86 6.89 6.91 6.94 6.96 6.95 7.02 7.03 7.05 7.06 7.07 7.04 7.09 7.08 7.08 7.13 7.12 7.15 7.11 7.11 7.09 7.14 7.12 7.13 7.16 7.08 7.11 7.15 7.14 7.13 7.21 7.23 7.25 7.28 7.32 7.32 7.32 7.31 7.29 7.27 7.23 7.19 7.16 7.12 7.09 7.06 7.03 6.98
6.57 6.60 6.64 6.67 6.70 6.73 6.75 6.77 6.79 6.80 6.80 6.81 6.82 6.81 6.80 6.79 6.79 6.77 6.75 6.68 6.69 6.71 6.72 6.74 6.75 6.82 6.82 6.83 6.83 6.80 6.79 6.81 6.83 6.82 6.85 6.88 6.92 6.95 6.98 7.01 7.03 7.05 7.14 7.16 7.18 7.16 7.11 7.13 7.13 7.17 7.18 7.18 7.17 7.19 7.14 7.14 7.16 7.16 7.13 7.15 7.16 7.07 7.11 7.15 7.23 7.33 7.24 7.26 7.29 7.32 7.34 7.33 7.33 7.33 7.33 7.29 7.26 7.22 7.19 7.19 7.16 7.13 7.10 7.07
6.65 6.67 6.70 6.73 6.76 6.79 6.81 6.83 6.85 6.86 6.88 6.88 6.88 6.87 6.86 6.84 6.85 6.84 6.81 6.80 6.76 6.77 6.78 6.79 6.87 6.87 6.87 6.87 6.88 6.88 6.89 6.90 6.91 6.93 6.91 6.94 6.98 7.01 7.05 7.08 7.10 7.13 7.19 7.23 7.25 7.27 7.17 7.20 7.19 7.23 7.24 7.23 7.22 7.17 7.18 7.17 7.19 7.18 7.18 7.16 7.16 7.06 7.09 7.16 7.26 7.29 7.33 7.23 7.26 7.29 7.31 7.33 7.34 7.36 7.36 7.32 7.29 7.27 7.24 7.21 7.19 7.16 7.13 7.11
6.74 6.75 6.77 6.80 6.82 6.85 6.87 6.90 6.92 6.93 6.94 6.94 6.94 6.93 6.92 6.91 6.90 6.90 6.89 6.88 6.88 6.84 6.86 6.87 6.88 6.95 6.95 6.96 6.95 6.93 6.94 6.94 6.96 6.99 6.96 7.00 7.04 7.08 7.12 7.15 7.18 7.25 7.27 7.31 7.33 7.27 7.26 7.30 7.31 7.28 7.33 7.28 7.26 7.21 7.25 7.24 7.23 7.23 7.22 7.24 7.20 7.20 7.11 7.13 7.22 7.24 7.28 7.30 7.22 7.25 7.27 7.29 7.31 7.34 7.35 7.31 7.29 7.28 7.26 7.23 7.21 7.19 7.17 7.14
6.83 6.84 6.85 6.87 6.90 6.92 6.95 6.97 6.99 7.00 7.01 7.01 7.01 7.01 7.00 6.99 6.96 6.99 6.97 6.97 6.96 6.92 6.93 6.93 7.02 7.01 7.01 7.00 7.00 6.98 7.02 7.03 7.02 7.05 7.09 7.06 7.11 7.15 7.19 7.23 7.26 7.33 7.35 7.41 7.34 7.34 7.33 7.36 7.34 7.39 7.38 7.37 7.29 7.27 7.28 7.26 7.24 7.24 7.22 7.23 7.18 7.18 7.07 7.09 7.16 7.18 7.23 7.25 7.19 7.23 7.27 7.30 7.32 7.29 7.30 7.32 7.32 7.28 7.26 7.25 7.23 7.22 7.20 7.18
6.91 6.92 6.94 6.96 6.98 7.00 7.03 7.05 7.06 7.08 7.08 7.09 7.09 7.08 7.07 7.05 7.04 7.03 7.06 7.06 7.05 7.00 7.00 7.01 7.08 7.07 7.09 7.09 7.06 7.06 7.07 7.09 7.11 7.12 7.15 7.18 7.22 7.22 7.26 7.33 7.37 7.41 7.43 7.49 7.51 7.41 7.40 7.42 7.40 7.44 7.43 7.42 7.32 7.30 7.30 7.28 7.26 7.25 7.22 7.22 7.16 7.02 7.03 7.10 7.11 7.12 7.17 7.20 7.13 7.18 7.22 7.25 7.28 7.26 7.27 7.31 7.31 7.28 7.27 7.26 7.25 7.24 7.23 7.22
6.99 7.00 7.02 7.05 7.07 7.09 7.11 7.13 7.14 7.16 7.16 7.17 7.17 7.16 7.14 7.13 7.12 7.11 7.16 7.15 7.08 7.08 7.09 7.09 7.17 7.15 7.14 7.14 7.13 7.14 7.12 7.14 7.15 7.18 7.21 7.25 7.28 7.30 7.36 7.41 7.46 7.52 7.54 7.46 7.45 7.52 7.50 7.42 7.39 7.42 7.42 7.39 7.36 7.34 7.30 7.29 7.27 7.24 7.24 7.22 7.28 7.20 7.12 7.05 7.06 7.08 7.11 7.14 7.07 7.12 7.16 7.20 7.24 7.26 7.28 7.26 7.28 7.27 7.27 7.27 7.26 7.26 7.26 7.25
7.08 7.09 7.11 7.13 7.15 7.17 7.19 7.21 7.22 7.24 7.25 7.25 7.23 7.23 7.22 7.22 7.22 7.21 7.20 7.24 7.23 7.17 7.17 7.25 7.23 7.21 7.19 7.18 7.17 7.19 7.21 7.21 7.20 7.23 7.27 7.31 7.35 7.37 7.43 7.49 7.57 7.61 7.63 7.65 7.56 7.58 7.55 7.53 7.44 7.47 7.45 7.43 7.40 7.37 7.32 7.29 7.27 7.28 7.24 7.21 7.25 7.10 7.07 6.99 6.99 7.00 7.05 7.08 7.00 7.06 7.11 7.15 7.18 7.22 7.24 7.23 7.25 7.26 7.26 7.27 7.27 7.28 7.27 7.27
7.16 7.18 7.19 7.21 7.23 7.25 7.27 7.29 7.31 7.32 7.33 7.32 7.32 7.32 7.32 7.31 7.31 7.30 7.29 7.27 7.32 7.24 7.25 7.32 7.30 7.27 7.24 7.23 7.22 7.24 7.26 7.26 7.29 7.34 7.33 7.38 7.43 7.44 7.50 7.60 7.65 7.74 7.76 7.76 7.75 7.60 7.61 7.59 7.49 7.47 7.48 7.46 7.43 7.39 7.35 7.31 7.28 7.29 7.33 7.28 7.23 7.18 7.03 6.93 6.92 6.92 6.98 7.02 7.07 7.01 7.06 7.12 7.15 7.17 7.20 7.20 7.23 7.24 7.26 7.27 7.28 7.28 7.30 7.30
7.24 7.26 7.27 7.29 7.31 7.33 7.35 7.37 7.39 7.41 7.40 7.40 7.41 7.41 7.41 7.40 7.39 7.39 7.37 7.36 7.30 7.33 7.42 7.40 7.36 7.33 7.30 7.28 7.26 7.27 7.28 7.31 7.35 7.39 7.43 7.48 7.53 7.50 7.59 7.71 7.78 7.83 7.86 7.85 7.83 7.80 7.62 7.64 7.55 7.51 7.51 7.48 7.47 7.42 7.38 7.34 7.30 7.33 7.32 7.26 7.21 7.15 6.99 6.88 6.85 6.85 6.91 6.96 7.02 7.08 7.03 7.07 7.11 7.14 7.16 7.17 7.19 7.22 7.24 7.26 7.31 7.29 7.32 7.34
7.30 7.34 7.35 7.37 7.39 7.41 7.43 7.45 7.48 7.50 7.50 7.50 7.50 7.49 7.49 7.49 7.48 7.48 7.47 7.45 7.39 7.47 7.50 7.48 7.44 7.41 7.37 7.34 7.31 7.33 7.35 7.38 7.41 7.45 7.50 7.54 7.63 7.61 7.74 7.82 7.85 7.92 7.96 7.93 7.90 7.87 7.68 7.64 7.60 7.56 7.56 7.52 7.48 7.45 7.41 7.42 7.39 7.35 7.31 7.25 7.19 7.02 6.97 6.83 6.80 6.77 6.84 6.90 6.97 7.04 6.98 7.02 7.05 7.09 7.12 7.13 7.16 7.18 7.21 7.24 7.29 7.33 7.33 7.36
7.37 7.38 7.40 7.42 7.44 7.46 7.48 7.50 7.51 7.53 7.51 7.56 7.57 7.57 7.58 7.57 7.57 7.57 7.56 7.55 7.64 7.54 7.53 7.51 7.54 7.51 7.46 7.43 7.41 7.46 7.48 7.51 7.53 7.56 7.60 7.72 7.76 7.74 7.83 7.90 7.95 8.01 8.05 8.04 8.02 7.99 7.76 7.72 7.60 7.68 7.63 7.63 7.55 7.54 7.49 7.47 7.41 7.34 7.33 7.26 7.19 7.12 6.96 6.91 6.79 6.77 6.83 6.88 6.93 6.98 7.04 7.06 7.08 7.10 7.09 7.09 7.14 7.18 7.22 7.26 7.24 7.28 7.31 7.34
7.43 7.45 7.47 7.48 7.50 7.52 7.54 7.54 7.56 7.58 7.59 7.58 7.64 7.64 7.65 7.65 7.64 7.66 7.66 7.60 7.72 7.63 7.61 7.59 7.63 7.60 7.61 7.59 7.57 7.56 7.58 7.59 7.62 7.65 7.76 7.79 7.82 7.80 7.88 7.95 8.01 8.04 8.07 8.07 8.06 8.05 7.87 7.83 7.71 7.72 7.68 7.67 7.62 7.56 7.54 7.48 7.42 7.40 7.33 7.25 7.19 7.11 6.95 6.90 6.78 6.76 6.81 6.84 6.89 6.95 6.98 7.00 7.03 7.00 7.04 7.05 7.09 7.15 7.19 7.20 7.24 7.25 7.27 7.29
7.50 7.52 7.53 7.55 7.56 7.58 7.58 7.60 7.62 7.64 7.65 7.64 7.65 7.66 7.67 7.73 7.75 7.75 7.74 7.73 7.85 7.83 7.75 7.73 7.71 7.74 7.71 7.69 7.68 7.66 7.67 7.69 7.71 7.81 7.83 7.85 7.88 7.86 7.91 7.99 8.04 8.09 8.12 8.10 8.10 8.10 8.09 7.82 7.77 7.71 7.72 7.72 7.65 7.62 7.56 7.50 7.44 7.41 7.33 7.25 7.17 7.00 6.94 6.89 6.84 6.75 6.79 6.81 6.86 6.89 6.93 6.96 6.90 6.95 7.00 7.00 7.04 7.08 7.11 7.16 7.20 7.21 7.23 7.24
7.56 7.58 7.59 7.61 7.62 7.62 7.63 7.65 7.67 7.68 7.70 7.71 7.70 7.72 7.73 7.74 7.76 7.76 7.75 7.82 7.93 7.90 7.83 7.81 7.80 7.78 7.81 7.79 7.78 7.77 7.77 7.78 7.88 7.89 7.90 7.92 7.88 7.92 7.96 8.02 8.07 8.11 8.14 8.17 8.14 8.15 8.14 7.88 7.83 7.77 7.71 7.72 7.72 7.66 7.59 7.52 7.50 7.42 7.33 7.25 7.16 7.00 6.94 6.88 6.83 6.75 6.76 6.78 6.81 6.84 6.88 6.91 6.95 6.90 6.95 6.95 6.99 7.02 7.07 7.11 7.15 7.19 7.15 7.17
7.62 7.64 7.65 7.66 7.67 7.67 7.68 7.70 7.71 7.73 7.74 7.76 7.74 7.76 7.78 7.80 7.82 7.81 7.83 7.94 8.00 8.01 7.91 7.89 7.88 7.87 7.92 7.90 7.87 7.87 7.97 7.97 7.96 7.97 7.98 7.99 7.93 7.97 8.00 8.06 8.10 8.14 8.17 8.20 8.22 8.19 8.20 7.93 7.88 7.83 7.77 7.76 7.75 7.69 7.63 7.56 7.50 7.44 7.35 7.26 7.16 7.00 6.93 6.87 6.82 6.78 6.73 6.74 6.77 6.80 6.83 6.86 6.90 6.84 6.89 6.91 6.96 6.98 7.02 7.07 7.11 7.14 7.11 7.12
7.68 7.69 7.70 7.71 7.70 7.71 7.72 7.73 7.75 7.76 7.78 7.79 7.81 7.80 7.83 7.85 7.86 7.88 7.90 8.01 7.99 8.08 7.99 7.97 7.96 7.95 8.01 8.00 7.98 7.98 8.06 8.05 8.04 8.04 8.05 8.05 7.99 8.02 8.04 8.07 8.13 8.17 8.20 8.22 8.25 8.27 8.25 7.99 7.94 7.88 7.84 7.78 7.76 7.73 7.66 7.59 7.55 7.47 7.37 7.27 7.17 7.01 6.93 6.86 6.80 6.79 6.70 6.70 6.73 6.75 6.79 6.82 6.86 6.79 6.84 6.87 6.92 6.93 6.98 7.02 7.06 7.09 7.06 7.08
7.73 7.74 7.75 7.74 7.74 7.75 7.75 7.76 7.77 7.79 7.80 7.82 7.84 7.85 7.88 7.88 7.91 7.95 8.07 8.07 8.05 8.03 7.96 7.96 8.03 8.03 8.09 8.09 8.07 8.15 8.13 8.13 8.12 8.12 8.11 8.03 8.04 8.06 8.08 8.11 8.16 8.19 8.22 8.25 8.28 8.31 8.29 8.10 7.99 7.94 7.88 7.82 7.80 7.74 7.70 7.63 7.58 7.50 7.40 7.28 7.11 7.02 6.93 6.85 6.78 6.76 6.66 6.67 6.67 6.69 6.72 6.75 6.79 6.81 6.86 6.84 6.88 6.91 6.95 6.99 7.02 7.04 7.02 7.03
7.78 7.79 7.77 7.77 7.77 7.77 7.78 7.78 7.79 7.81 7.82 7.84 7.85 7.88 7.91 7.92 7.96 8.00 8.12 8.12 8.11 8.08 8.00 8.00 8.00 8.11 8.11 8.18 8.16 8.22 8.21 8.20 8.19 8.19 8.18 8.17 8.09 8.10 8.12 8.18 8.21 8.23 8.26 8.28 8.31 8.34 8.19 8.16 8.03 7.99 7.93 7.86 7.84 7.78 7.72 7.65 7.62 7.53 7.42 7.29 7.13 7.03 6.93 6.84 6.75 6.73 6.73 6.62 6.63 6.65 6.68 6.71 6.75 6.78 6.82 6.80 6.85 6.87 6.91 6.95 6.98 7.01 7.03 6.98
7.83 7.81 7.80 7.80 7.79 7.79 7.79 7.80 7.81 7.82 7.83 7.85 7.87 7.89 7.93 7.96 7.98 8.12 8.16 8.17 8.14 8.11 8.03 8.03 8.03 8.16 8.17 8.25 8.23 8.28 8.27 8.26 8.26 8.25 8.23 8.21 8.20 8.14 8.18 8.21 8.23 8.25 8.28 8.31 8.35 8.38 8.23 8.13 8.06 8.01 7.96 7.90 7.84 7.81 7.76 7.73 7.66 7.55 7.43 7.32 7.16 7.05 6.94 6.84 6.74 6.69 6.70 6.59 6.60 6.62 6.64 6.68 6.69 6.73 6.80 6.76 6.78 6.82 6.87 6.91 6.94 6.96 6.99 7.01
7.83 7.83 7.82 7.81 7.80 7.80 7.80 7.80 7.81 7.82 7.84 7.85 7.87 7.90 7.94 8.07 8.11 8.14 8.16 8.17 8.14 8.12 8.03 8.03 8.03 8.13 8.14 8.15 8.15 8.26 8.31 8.30 8.29 8.28 8.26 8.24 8.23 8.12 8.21 8.23 8.26 8.28 8.30 8.34 8.37 8.34 8.19 8.24 8.18 8.03 8.00 7.94 7.87 7.80 7.81 7.75 7.67 7.56 7.45 7.34 7.18 7.07 6.98 6.89 6.83 6.71 6.62 6.55 6.56 6.57 6.58 6.62 6.66 6.70 6.73 6.76 6.74 6.78 6.82 6.85 6.87 6.89 6.91 6.93
