data/Validacao/U051115l.grd
DSAA
94	94
0.0000	100.0000
0.0000	100.0000
9.8196	16.7933
[rows 0 to 33 of 94, columns 0 to 76 of 94]
12.76 12.71 12.65 12.57 12.48 12.39 12.28 12.13 12.01 11.89 11.77 11.64 11.51 11.38 11.23 11.12 11.00 10.91 10.81 10.72 10.63 10.58 10.52 10.46 10.40 10.37 10.33 10.22 10.20 10.17 10.13 10.11 10.10 10.07 10.07 10.04 10.01 10.00 9.94 9.94 9.95 9.97 9.99 10.04 10.08 10.12 10.15 10.20 10.24 10.29 10.34 10.38 10.42 10.45 10.46 10.47 10.50 10.52 10.56 10.57 10.59 10.61 10.63 10.68 10.70 10.73 10.74 10.77 10.79 10.82 10.85 10.89 10.91 10.92 10.93 10.94 10.94
12.74 12.68 12.62 12.54 12.45 12.35 12.24 12.12 12.00 11.85 11.72 11.58 11.45 11.32 11.18 11.06 10.94 10.84 10.74 10.65 10.56 10.50 10.44 10.38 10.33 10.29 10.26 10.17 10.15 10.13 10.10 10.08 10.09 10.06 10.08 10.05 10.02 10.02 9.93 9.93 9.94 9.96 9.98 10.03 10.07 10.12 10.14 10.19 10.23 10.28 10.32 10.36 10.40 10.43 10.44 10.47 10.49 10.51 10.54 10.57 10.59 10.61 10.63 10.67 10.69 10.74 10.74 10.77 10.80 10.83 10.86 10.90 10.93 10.94 10.96 10.96 10.96
12.71 12.66 12.59 12.51 12.42 12.31 12.20 12.08 11.95 11.82 11.67 11.53 11.40 11.26 11.13 11.00 10.89 10.78 10.68 10.59 10.50 10.42 10.36 10.31 10.26 10.22 10.17 10.13 10.11 10.09 10.08 10.06 10.03 10.12 10.09 10.06 10.03 10.04 9.92 9.93 9.94 9.95 9.97 10.02 10.07 10.10 10.13 10.18 10.22 10.26 10.30 10.34 10.38 10.41 10.44 10.47 10.49 10.51 10.54 10.56 10.58 10.61 10.63 10.66 10.70 10.73 10.77 10.78 10.81 10.85 10.88 10.92 10.95 10.97 10.99 11.00 11.00
12.68 12.63 12.56 12.48 12.38 12.28 12.16 12.04 11.90 11.77 11.63 11.49 11.34 11.21 11.08 10.96 10.84 10.73 10.62 10.53 10.44 10.37 10.30 10.25 10.20 10.13 10.10 10.06 10.07 10.04 10.02 10.04 10.02 10.13 10.10 10.07 10.05 10.03 9.92 9.92 9.93 9.95 9.99 10.02 10.05 10.10 10.12 10.17 10.20 10.24 10.29 10.32 10.36 10.40 10.43 10.46 10.49 10.52 10.54 10.56 10.59 10.61 10.64 10.67 10.70 10.73 10.77 10.81 10.83 10.87 10.91 10.94 10.97 11.01 11.03 11.04 11.04
12.64 12.59 12.52 12.44 12.35 12.24 12.12 12.00 11.86 11.72 11.58 11.44 11.31 11.16 11.04 10.92 10.80 10.68 10.58 10.49 10.39 10.32 10.26 10.19 10.11 10.08 10.05 10.03 10.04 10.00 9.98 9.96 10.01 10.14 10.11 10.09 10.06 10.04 9.92 9.92 9.93 9.95 9.99 10.01 10.05 10.10 10.15 10.15 10.19 10.23 10.27 10.31 10.36 10.39 10.43 10.46 10.49 10.52 10.55 10.57 10.60 10.62 10.64 10.67 10.70 10.74 10.78 10.82 10.85 10.90 10.94 10.98 11.01 11.04 11.07 11.09 11.09
12.61 12.56 12.49 12.41 12.31 12.21 12.09 11.96 11.83 11.69 11.54 11.40 11.26 11.13 11.00 10.88 10.76 10.65 10.55 10.43 10.35 10.28 10.22 10.13 10.07 10.04 10.01 9.99 9.94 9.97 9.95 9.94 9.92 10.15 10.13 10.10 10.08 9.89 9.92 9.92 9.93 9.95 9.99 10.01 10.06 10.10 10.15 10.13 10.17 10.22 10.26 10.31 10.35 10.39 10.43 10.46 10.50 10.53 10.56 10.58 10.61 10.61 10.64 10.67 10.71 10.75 10.79 10.84 10.89 10.93 10.98 11.02 11.06 11.09 11.12 11.13 11.15
12.57 12.52 12.45 12.37 12.28 12.17 12.06 11.93 11.79 11.65 11.51 11.37 11.23 11.09 10.96 10.84 10.74 10.63 10.52 10.41 10.33 10.25 10.15 10.10 10.06 10.01 9.99 9.97 10.02 9.95 9.94 9.92 10.00 9.98 10.14 10.12 10.09 9.89 9.92 9.92 9.93 9.94 10.01 10.02 10.06 10.11 10.13 10.12 10.16 10.21 10.25 10.31 10.35 10.39 10.42 10.46 10.50 10.54 10.57 10.60 10.60 10.62 10.64 10.68 10.72 10.77 10.82 10.87 10.92 10.96 11.02 11.06 11.11 11.14 11.16 11.19 11.21
12.51 12.48 12.42 12.34 12.25 12.15 12.03 11.90 11.77 11.63 11.49 11.34 11.20 11.07 10.94 10.82 10.71 10.61 10.51 10.40 10.31 10.19 10.14 10.09 10.06 10.00 9.98 9.96 10.02 10.01 9.94 9.92 10.00 9.99 10.05 10.13 10.11 9.90 9.85 9.93 9.93 9.96 10.02 10.03 10.07 10.08 10.13 10.12 10.16 10.20 10.27 10.31 10.35 10.39 10.43 10.46 10.50 10.55 10.58 10.58 10.61 10.64 10.67 10.70 10.74 10.79 10.85 10.90 10.95 11.01 11.06 11.12 11.17 11.18 11.22 11.25 11.28
12.47 12.45 12.39 12.31 12.22 12.12 12.01 11.88 11.75 11.61 11.47 11.33 11.19 11.05 10.92 10.80 10.69 10.61 10.49 10.40 10.34 10.19 10.14 10.10 10.06 10.03 9.98 9.97 10.03 10.02 10.01 10.10 10.08 10.00 10.07 10.05 9.91 9.90 9.85 9.94 9.95 10.00 10.03 10.04 10.08 10.09 10.13 10.11 10.16 10.23 10.27 10.31 10.35 10.39 10.44 10.47 10.51 10.53 10.55 10.59 10.62 10.66 10.70 10.72 10.77 10.83 10.88 10.93 10.99 11.06 11.10 11.18 11.23 11.24 11.29 11.32 11.35
12.44 12.40 12.36 12.28 12.20 12.10 11.99 11.87 11.74 11.60 11.46 11.32 11.18 11.04 10.91 10.79 10.68 10.61 10.52 10.43 10.36 10.21 10.16 10.11 10.08 10.05 10.03 9.99 10.06 10.05 10.04 10.13 10.11 10.21 10.18 10.08 9.93 9.92 9.86 9.96 9.97 9.92 10.02 10.05 10.08 10.10 10.14 10.12 10.16 10.23 10.28 10.32 10.36 10.40 10.45 10.48 10.50 10.53 10.56 10.60 10.64 10.68 10.73 10.77 10.81 10.87 10.91 10.98 11.04 11.11 11.15 11.24 11.29 11.31 11.35 11.39 11.42
12.40 12.37 12.32 12.26 12.18 12.08 11.98 11.86 11.73 11.60 11.46 11.32 11.18 11.05 10.92 10.80 10.69 10.58 10.51 10.39 10.33 10.24 10.19 10.15 10.11 10.09 10.07 10.03 10.14 10.09 10.08 10.17 10.15 10.25 10.22 10.11 9.96 9.87 9.82 9.82 9.92 9.93 10.03 10.06 10.10 10.11 10.15 10.22 10.19 10.24 10.29 10.33 10.37 10.41 10.47 10.50 10.48 10.51 10.57 10.62 10.66 10.71 10.76 10.81 10.87 10.90 10.97 11.03 11.10 11.17 11.24 11.31 11.34 11.38 11.42 11.46 11.49
12.36 12.33 12.29 12.24 12.16 12.07 11.97 11.86 11.73 11.60 11.47 11.33 11.20 11.06 10.93 10.81 10.69 10.62 10.55 10.37 10.36 10.32 10.29 10.19 10.16 10.14 10.12 10.11 10.19 10.14 10.28 10.22 10.20 10.30 10.27 10.11 10.01 9.93 9.91 9.86 9.94 9.95 10.05 10.08 10.14 10.18 10.19 10.23 10.21 10.25 10.30 10.34 10.39 10.45 10.47 10.50 10.49 10.53 10.57 10.61 10.69 10.75 10.80 10.86 10.92 10.96 11.02 11.09 11.16 11.24 11.31 11.37 11.40 11.44 11.49 11.53 11.56
12.33 12.30 12.27 12.21 12.15 12.06 11.96 11.86 11.74 11.61 11.48 11.35 11.21 11.08 10.92 10.83 10.74 10.66 10.46 10.40 10.39 10.35 10.33 10.31 10.22 10.20 10.18 10.17 10.26 10.35 10.34 10.33 10.27 10.36 10.21 10.17 10.16 9.99 9.96 9.89 9.82 9.98 10.07 10.10 10.17 10.20 10.24 10.18 10.22 10.27 10.31 10.36 10.42 10.45 10.48 10.47 10.51 10.55 10.60 10.65 10.70 10.79 10.85 10.91 10.98 11.01 11.08 11.16 11.23 11.31 11.37 11.44 11.47 11.53 11.56 11.60 11.64
12.29 12.27 12.24 12.20 12.14 12.07 11.96 11.86 11.75 11.63 11.50 11.37 11.24 11.07 10.98 10.88 10.79 10.70 10.51 10.45 10.44 10.40 10.37 10.36 10.35 10.27 10.26 10.25 10.34 10.43 10.42 10.40 10.34 10.43 10.27 10.24 10.23 10.06 9.97 9.95 9.87 10.00 10.10 10.16 10.19 10.22 10.26 10.19 10.24 10.29 10.37 10.40 10.43 10.46 10.49 10.49 10.53 10.57 10.63 10.68 10.74 10.81 10.90 10.97 11.04 11.08 11.15 11.22 11.31 11.38 11.44 11.51 11.53 11.59 11.63 11.68 11.70
12.26 12.25 12.22 12.18 12.13 12.05 11.97 11.87 11.76 11.64 11.52 11.40 11.23 11.13 11.03 10.93 10.84 10.75 10.56 10.50 10.46 10.45 10.43 10.41 10.41 10.42 10.34 10.34 10.51 10.51 10.50 10.48 10.46 10.32 10.29 10.26 10.22 10.14 10.05 10.02 10.05 10.05 10.14 10.19 10.22 10.25 10.28 10.22 10.26 10.35 10.38 10.41 10.44 10.48 10.51 10.51 10.56 10.61 10.67 10.73 10.79 10.86 10.93 11.03 11.10 11.17 11.28 11.35 11.38 11.45 11.51 11.58 11.63 11.67 11.70 11.78 11.81
12.22 12.22 12.20 12.16 12.12 12.05 11.97 11.88 11.77 11.66 11.55 11.38 11.29 11.19 11.09 10.99 10.89 10.70 10.62 10.56 10.52 10.52 10.49 10.48 10.48 10.49 10.50 10.52 10.47 10.60 10.59 10.57 10.60 10.57 10.54 10.42 10.38 10.21 10.13 10.10 10.07 10.06 10.15 10.22 10.25 10.28 10.31 10.25 10.33 10.36 10.39 10.42 10.46 10.49 10.50 10.54 10.59 10.65 10.71 10.78 10.84 10.92 10.99 11.06 11.15 11.22 11.27 11.34 11.45 11.52 11.59 11.65 11.71 11.76 11.80 11.85 11.88
12.19 12.19 12.17 12.15 12.10 12.05 11.98 11.89 11.79 11.68 11.57 11.44 11.34 11.24 11.14 11.04 10.94 10.76 10.68 10.63 10.59 10.59 10.56 10.55 10.55 10.56 10.58 10.60 10.70 10.69 10.68 10.73 10.70 10.56 10.63 10.52 10.48 10.30 10.22 10.18 10.16 10.14 10.23 10.28 10.28 10.31 10.33 10.28 10.34 10.37 10.40 10.44 10.48 10.52 10.53 10.58 10.63 10.69 10.75 10.83 10.90 10.98 11.05 11.13 11.20 11.29 11.34 11.41 11.52 11.59 11.66 11.73 11.77 11.82 11.86 11.90 11.94
12.16 12.16 12.15 12.13 12.09 12.04 11.98 11.89 11.80 11.70 11.58 11.49 11.39 11.29 11.18 11.04 10.96 10.89 10.75 10.69 10.66 10.70 10.68 10.67 10.63 10.65 10.67 10.69 10.78 10.89 10.88 10.84 10.70 10.66 10.73 10.63 10.58 10.39 10.31 10.27 10.25 10.23 10.31 10.35 10.35 10.35 10.31 10.34 10.36 10.39 10.42 10.46 10.48 10.53 10.58 10.62 10.68 10.74 10.82 10.89 10.96 11.04 11.12 11.19 11.27 11.36 11.46 11.49 11.57 11.68 11.74 11.79 11.83 11.87 11.92 11.95 11.99
12.12 12.13 12.12 12.10 12.07 12.03 12.00 11.93 11.85 11.71 11.61 11.52 11.37 11.27 11.18 11.10 11.03 10.96 10.81 10.76 10.82 10.79 10.77 10.76 10.76 10.78 10.80 10.82 10.89 10.90 11.00 10.95 10.80 10.77 10.84 10.74 10.62 10.50 10.39 10.37 10.35 10.42 10.40 10.43 10.43 10.39 10.35 10.36 10.38 10.38 10.42 10.47 10.52 10.57 10.63 10.69 10.73 10.80 10.87 10.95 11.03 11.11 11.19 11.27 11.34 11.43 11.53 11.56 11.64 11.74 11.80 11.85 11.88 11.93 11.96 12.00 12.04
12.08 12.09 12.10 12.09 12.07 12.03 11.99 11.92 11.85 11.74 11.57 11.50 11.41 11.32 11.24 11.16 11.09 11.03 10.98 10.91 10.90 10.87 10.86 10.86 10.86 10.88 10.90 10.98 11.00 11.00 11.10 10.96 10.90 10.86 10.91 10.82 10.71 10.58 10.47 10.50 10.47 10.39 10.47 10.43 10.49 10.48 10.40 10.36 10.38 10.41 10.46 10.51 10.56 10.61 10.68 10.74 10.84 10.86 10.93 11.01 11.09 11.17 11.25 11.33 11.46 11.54 11.59 11.62 11.69 11.73 11.79 11.84 11.93 11.97 12.00 12.03 12.05
12.03 12.05 12.06 12.06 12.04 12.01 11.97 11.87 11.82 11.76 11.59 11.51 11.43 11.34 11.28 11.20 11.14 11.09 11.01 10.97 10.95 10.95 10.94 10.94 11.02 11.04 11.06 11.09 11.09 11.18 11.16 11.04 10.97 10.93 10.98 10.89 10.84 10.66 10.60 10.56 10.53 10.50 10.53 10.49 10.47 10.52 10.40 10.46 10.44 10.49 10.53 10.55 10.60 10.66 10.73 10.82 10.88 10.95 10.99 11.07 11.15 11.29 11.37 11.45 11.52 11.60 11.65 11.67 11.74 11.78 11.84 11.89 11.97 12.01 12.04 12.06 11.97
11.98 12.00 12.02 12.02 12.01 11.98 11.94 11.87 11.83 11.77 11.70 11.52 11.44 11.37 11.29 11.23 11.17 11.12 11.06 11.03 11.02 11.07 11.08 11.09 11.11 11.13 11.15 11.18 11.25 11.27 11.13 11.11 11.05 11.00 11.06 10.97 10.91 10.73 10.68 10.63 10.59 10.56 10.59 10.55 10.53 10.56 10.51 10.46 10.47 10.52 10.57 10.62 10.68 10.74 10.79 10.86 10.93 11.00 11.07 11.17 11.25 11.34 11.42 11.50 11.57 11.64 11.68 11.74 11.79 11.85 11.87 11.92 12.00 12.04 12.06 12.08 12.01
11.93 11.96 11.97 11.97 11.97 11.95 11.89 11.86 11.82 11.76 11.69 11.52 11.45 11.38 11.31 11.25 11.20 11.15 11.11 11.08 11.08 11.14 11.15 11.17 11.19 11.21 11.24 11.24 11.32 11.23 11.21 11.18 11.14 11.17 11.13 11.04 10.98 10.80 10.75 10.70 10.66 10.62 10.66 10.61 10.59 10.57 10.56 10.49 10.50 10.55 10.60 10.65 10.71 10.77 10.83 10.89 10.96 11.03 11.13 11.21 11.30 11.38 11.46 11.54 11.62 11.68 11.71 11.77 11.82 11.87 11.92 11.97 11.98 12.05 12.08 12.00 12.04
11.87 11.90 11.92 11.94 11.92 11.88 11.87 11.84 11.72 11.66 11.60 11.53 11.45 11.38 11.32 11.26 11.22 11.18 11.14 11.12 11.12 11.20 11.21 11.23 11.26 11.29 11.19 11.19 11.30 11.30 11.28 11.25 11.21 11.08 11.03 11.11 10.95 10.89 10.87 10.81 10.72 10.78 10.73 10.67 10.64 10.61 10.60 10.42 10.47 10.58 10.63 10.68 10.74 10.80 10.87 10.92 10.99 11.07 11.16 11.24 11.33 11.41 11.49 11.57 11.63 11.69 11.78 11.80 11.84 11.89 11.94 11.98 12.00 12.08 12.08 12.02 12.06
11.81 11.84 11.87 11.88 11.81 11.79 11.76 11.73 11.68 11.63 11.57 11.51 11.45 11.37 11.31 11.27 11.23 11.20 11.16 11.15 11.24 11.25 11.26 11.29 11.32 11.22 11.23 11.24 11.32 11.35 11.34 11.31 11.21 11.27 11.20 11.15 11.14 11.00 10.94 10.88 10.80 10.76 10.78 10.72 10.68 10.65 10.63 10.44 10.49 10.54 10.65 10.71 10.77 10.83 10.89 10.95 11.02 11.09 11.19 11.27 11.35 11.43 11.50 11.57 11.64 11.67 11.73 11.79 11.84 11.90 11.94 11.98 12.03 12.06 12.00 12.07 12.07
11.75 11.79 11.81 11.77 11.76 11.74 11.71 11.67 11.63 11.59 11.53 11.48 11.42 11.37 11.30 11.26 11.23 11.21 11.18 11.17 11.27 11.28 11.30 11.33 11.24 11.25 11.26 11.28 11.36 11.40 11.39 11.36 11.27 11.34 11.26 11.21 11.19 11.06 11.00 10.94 10.85 10.79 10.82 10.79 10.72 10.69 10.66 10.45 10.50 10.56 10.62 10.73 10.79 10.85 10.91 10.97 11.04 11.12 11.20 11.28 11.36 11.43 11.51 11.58 11.64 11.67 11.73 11.79 11.83 11.89 11.94 11.97 12.02 12.05 12.01 12.07 12.12
11.69 11.73 11.71 11.71 11.70 11.68 11.66 11.62 11.58 11.53 11.48 11.43 11.38 11.34 11.30 11.24 11.22 11.20 11.18 11.19 11.28 11.30 11.33 11.24 11.26 11.27 11.29 11.30 11.39 11.44 11.43 11.35 11.32 11.39 11.35 11.26 11.25 11.10 11.04 10.97 10.88 10.83 10.86 10.82 10.75 10.72 10.62 10.61 10.52 10.57 10.63 10.69 10.75 10.86 10.93 10.99 11.05 11.13 11.21 11.29 11.36 11.43 11.50 11.57 11.63 11.66 11.72 11.79 11.85 11.89 11.94 11.98 12.00 11.99 12.03 12.09 12.14
11.64 11.65 11.65 11.65 11.64 11.63 11.60 11.57 11.53 11.49 11.44 11.38 11.34 11.30 11.26 11.24 11.22 11.19 11.20 11.27 11.29 11.31 11.23 11.25 11.26 11.28 11.30 11.37 11.39 11.44 11.43 11.41 11.36 11.47 11.42 11.38 11.29 11.14 11.07 11.00 10.90 10.85 10.83 10.84 10.83 10.79 10.69 10.67 10.53 10.58 10.63 10.69 10.76 10.82 10.93 11.00 11.05 11.13 11.21 11.27 11.35 11.42 11.49 11.55 11.61 11.70 11.77 11.82 11.86 11.91 11.95 11.98 12.00 11.99 11.99 12.04 12.10
11.51 11.59 11.60 11.60 11.59 11.57 11.54 11.51 11.48 11.44 11.37 11.33 11.29 11.25 11.29 11.27 11.26 11.22 11.23 11.25 11.26 11.22 11.24 11.27 11.26 11.29 11.31 11.41 11.43 11.44 11.48 11.46 11.44 11.52 11.48 11.43 11.37 11.30 11.11 11.05 10.96 10.91 10.95 10.92 10.89 10.85 10.75 10.73 10.62 10.67 10.71 10.76 10.82 10.87 10.94 11.00 11.10 11.13 11.24 11.32 11.40 11.49 11.57 11.64 11.66 11.72 11.78 11.84 11.89 11.93 11.94 11.97 11.97 11.94 12.02 12.08 12.14
11.46 11.51 11.54 11.54 11.53 11.51 11.49 11.46 11.42 11.37 11.33 11.29 11.25 11.22 11.27 11.25 11.24 11.24 11.25 11.17 11.20 11.23 11.26 11.29 11.28 11.31 11.34 11.44 11.46 11.49 11.48 11.50 11.48 11.57 11.52 11.47 11.42 11.35 11.18 11.12 11.02 10.97 11.01 10.97 10.94 10.82 10.81 10.79 10.68 10.72 10.76 10.80 10.86 10.91 10.96 11.04 11.15 11.19 11.27 11.35 11.43 11.52 11.59 11.66 11.68 11.74 11.80 11.86 11.90 11.94 11.96 12.00 11.97 11.97 12.06 12.13 12.19
11.41 11.48 11.48 11.48 11.47 11.46 11.43 11.40 11.36 11.32 11.28 11.25 11.22 11.19 11.24 11.21 11.21 11.16 11.16 11.18 11.23 11.18 11.21 11.30 11.30 11.34 11.37 11.47 11.49 11.52 11.52 11.54 11.52 11.59 11.55 11.53 11.49 11.42 11.36 11.19 11.10 11.04 11.07 11.03 11.00 10.88 10.87 10.85 10.77 10.78 10.81 10.85 10.90 10.97 11.01 11.09 11.15 11.21 11.27 11.40 11.46 11.55 11.62 11.64 11.71 11.77 11.82 11.88 11.92 11.94 11.98 11.94 12.01 12.02 12.11 12.18 12.25
11.43 11.43 11.43 11.42 11.41 11.39 11.38 11.34 11.31 11.28 11.24 11.21 11.18 11.21 11.20 11.19 11.20 11.10 11.16 11.18 11.16 11.20 11.23 11.27 11.30 11.34 11.40 11.44 11.52 11.55 11.52 11.54 11.53 11.63 11.61 11.59 11.53 11.48 11.43 11.26 11.17 11.11 11.04 11.11 11.01 10.95 10.92 10.85 10.84 10.87 10.87 10.92 10.98 11.04 11.09 11.16 11.21 11.27 11.34 11.45 11.51 11.58 11.66 11.67 11.74 11.79 11.85 11.90 11.87 11.93 11.97 11.98 12.04 12.07 12.14 12.24 12.32
11.39 11.39 11.39 11.38 11.37 11.35 11.32 11.30 11.27 11.24 11.09 11.06 11.20 11.19 11.18 11.19 11.09 11.10 11.12 11.15 11.18 11.21 11.25 11.29 11.33 11.36 11.40 11.47 11.57 11.55 11.55 11.58 11.58 11.68 11.66 11.64 11.58 11.54 11.49 11.44 11.24 11.19 11.22 11.18 11.08 11.05 10.99 10.92 10.88 10.89 10.91 11.00 11.06 11.11 11.17 11.23 11.28 11.34 11.41 11.47 11.57 11.63 11.61 11.67 11.72 11.83 11.80 11.86 11.92 11.97 11.97 11.92 11.99 12.05 12.18 12.32 12.46
11.35 11.35 11.35 11.34 11.33 11.31 11.29 11.26 11.13 11.11 11.08 11.06 11.05 11.04 11.04 11.09 11.10 11.11 11.10 11.13 11.20 11.24 11.28 11.31 11.36 11.40 11.43 11.46 11.53 11.57 11.57 11.67 11.63 11.73 11.73 11.67 11.64 11.60 11.56 11.51 11.32 11.27 11.20 11.25 11.06 11.12 11.08 10.98 10.98 10.99 11.01 11.08 11.15 11.20 11.26 11.31 11.37 11.42 11.48 11.54 11.58 11.61 11.68 11.73 11.78 11.76 11.82 11.88 11.90 11.96 11.96 11.98 12.05 12.12 12.26 12.41 12.49
