data/Validacao/U051115l.grd
DSAA
94	94
0.0000	100.0000
0.0000	100.0000
9.8196	16.7933
[rows 34 to 67 of 94, columns 0 to 76 of 94]
11.32 11.32 11.30 11.27 11.24 11.21 11.18 11.16 11.13 11.11 11.09 11.07 11.06 11.05 11.06 11.07 11.09 11.10 11.13 11.16 11.20 11.24 11.31 11.36 11.40 11.44 11.47 11.54 11.57 11.59 11.61 11.71 11.77 11.76 11.75 11.71 11.69 11.66 11.62 11.57 11.48 11.33 11.29 11.24 11.15 11.20 11.12 11.11 11.08 11.09 11.13 11.18 11.23 11.29 11.35 11.40 11.45 11.51 11.57 11.61 11.65 11.70 11.74 11.73 11.78 11.81 11.89 11.89 11.95 12.00 12.05 12.07 12.14 12.29 12.41 12.47 12.57
11.33 11.30 11.28 11.26 11.23 11.21 11.18 11.16 11.13 11.11 11.09 11.08 11.08 11.08 11.09 11.11 11.12 11.14 11.17 11.20 11.25 11.29 11.34 11.40 11.44 11.55 11.57 11.60 11.62 11.64 11.73 11.81 11.81 11.81 11.80 11.77 11.74 11.71 11.68 11.64 11.56 11.42 11.37 11.33 11.23 11.26 11.22 11.21 11.22 11.23 11.23 11.28 11.33 11.39 11.44 11.49 11.55 11.60 11.66 11.68 11.73 11.72 11.77 11.80 11.87 11.92 11.93 12.00 12.05 12.10 12.15 12.24 12.37 12.43 12.49 12.56 12.64
11.32 11.30 11.28 11.26 11.23 11.21 11.19 11.16 11.14 11.13 11.11 11.10 11.10 11.12 11.13 11.15 11.17 11.19 11.22 11.26 11.30 11.34 11.39 11.46 11.50 11.59 11.62 11.64 11.73 11.76 11.77 11.79 11.86 11.86 11.85 11.83 11.81 11.78 11.75 11.72 11.64 11.60 11.47 11.42 11.33 11.27 11.24 11.22 11.32 11.33 11.35 11.39 11.45 11.50 11.55 11.60 11.65 11.70 11.75 11.79 11.83 11.78 11.84 11.93 11.93 11.99 12.06 12.11 12.17 12.23 12.37 12.40 12.47 12.53 12.50 12.58 12.66
11.32 11.30 11.28 11.26 11.24 11.22 11.20 11.18 11.16 11.15 11.14 11.14 11.14 11.15 11.18 11.20 11.22 11.25 11.28 11.32 11.36 11.41 11.45 11.50 11.61 11.64 11.67 11.76 11.78 11.81 11.82 11.87 11.88 11.91 11.91 11.89 11.87 11.85 11.82 11.79 11.72 11.69 11.56 11.52 11.48 11.37 11.33 11.33 11.33 11.45 11.50 11.51 11.56 11.61 11.65 11.70 11.75 11.75 11.80 11.78 11.84 11.90 11.97 11.99 12.07 12.14 12.19 12.26 12.42 12.46 12.49 12.52 12.59 12.55 12.61 12.68 12.75
11.32 11.30 11.28 11.26 11.24 11.23 11.21 11.20 11.19 11.18 11.18 11.18 11.19 11.21 11.23 11.26 11.29 11.32 11.35 11.39 11.43 11.48 11.52 11.61 11.67 11.70 11.79 11.82 11.81 11.91 11.92 11.93 11.93 11.93 11.96 11.95 11.93 11.92 11.90 11.87 11.81 11.77 11.74 11.62 11.53 11.51 11.53 11.44 11.46 11.57 11.61 11.63 11.71 11.76 11.81 11.87 11.82 11.87 11.92 11.92 11.98 12.05 12.10 12.16 12.23 12.37 12.41 12.49 12.56 12.60 12.63 12.57 12.62 12.67 12.72 12.78 12.85
11.32 11.31 11.29 11.27 11.26 11.24 11.23 11.23 11.22 11.22 11.22 11.23 11.25 11.27 11.30 11.32 11.36 11.39 11.43 11.47 11.51 11.60 11.64 11.68 11.69 11.73 11.85 11.87 11.88 11.90 11.98 11.96 11.99 11.99 11.99 11.98 12.00 11.99 11.97 11.95 11.89 11.86 11.83 11.76 11.74 11.65 11.64 11.56 11.56 11.59 11.71 11.76 11.81 11.88 11.94 11.99 11.91 11.98 12.05 12.06 12.12 12.19 12.25 12.32 12.45 12.53 12.58 12.68 12.65 12.70 12.69 12.71 12.75 12.79 12.84 12.89 12.95
11.33 11.32 11.30 11.29 11.28 11.27 11.26 11.26 11.25 11.26 11.26 11.29 11.31 11.34 11.37 11.40 11.43 11.47 11.51 11.55 11.64 11.68 11.72 11.76 11.76 11.80 11.90 11.93 11.94 11.96 11.98 12.02 12.03 12.06 12.05 12.06 12.05 12.04 12.04 12.03 11.98 11.95 11.93 11.87 11.85 11.76 11.75 11.68 11.70 11.72 11.75 11.88 11.87 11.92 11.92 11.98 12.05 12.12 12.20 12.28 12.28 12.35 12.42 12.55 12.62 12.74 12.69 12.75 12.80 12.85 12.92 12.94 12.89 12.93 12.96 13.01 13.02
11.34 11.33 11.32 11.31 11.30 11.30 11.30 11.30 11.30 11.31 11.32 11.34 11.35 11.40 11.45 11.48 11.52 11.56 11.60 11.68 11.72 11.76 11.80 11.87 11.91 11.92 11.96 12.00 11.99 12.03 12.08 12.09 12.10 12.09 12.09 12.10 12.14 12.12 12.15 12.14 12.09 12.03 11.99 11.97 11.92 11.87 11.87 11.84 11.83 11.85 11.89 11.96 12.00 11.91 11.96 12.12 12.19 12.28 12.36 12.44 12.45 12.52 12.78 12.69 12.76 12.83 12.87 12.94 12.99 13.01 13.08 13.09 13.12 13.15 13.18 13.08 13.13
11.35 11.34 11.34 11.34 11.33 11.34 11.34 11.34 11.35 11.37 11.38 11.41 11.45 11.48 11.51 11.55 11.59 11.70 11.73 11.77 11.81 11.90 11.94 11.97 11.97 12.00 11.98 12.01 12.04 12.10 12.15 12.16 12.17 12.17 12.18 12.16 12.15 12.19 12.13 12.12 12.13 12.11 12.02 12.04 12.02 12.00 11.96 11.97 12.00 12.03 12.06 11.96 11.99 12.04 12.10 12.17 12.24 12.44 12.52 12.61 12.86 12.88 12.59 12.66 12.73 12.76 13.08 13.13 13.16 13.19 13.31 13.33 13.35 13.40 13.41 13.29 13.32
11.34 11.36 11.36 11.36 11.37 11.37 11.38 11.39 11.41 11.43 11.45 11.48 11.52 11.56 11.60 11.64 11.71 11.76 11.86 11.90 11.94 11.99 11.99 11.96 11.99 12.03 12.06 12.12 12.13 12.21 12.22 12.24 12.21 12.21 12.21 12.21 12.21 12.20 12.18 12.17 12.15 12.13 12.05 12.03 12.13 12.03 12.03 12.05 12.12 11.95 11.98 12.01 12.10 12.23 12.28 12.35 12.28 12.36 12.43 12.62 12.70 12.70 12.77 12.84 13.02 13.09 12.99 13.03 13.46 13.28 13.58 13.58 13.50 13.55 13.56 13.40 13.42
11.35 11.36 11.37 11.39 11.40 11.41 11.43 11.44 11.46 11.49 11.52 11.52 11.60 11.59 11.72 11.70 11.75 11.90 11.95 11.92 11.96 12.00 11.99 12.03 12.09 12.14 12.18 12.19 12.21 12.25 12.27 12.28 12.29 12.30 12.29 12.29 12.27 12.26 12.24 12.25 12.24 12.23 12.16 12.13 12.12 12.14 12.15 12.18 12.20 12.08 12.11 12.15 12.24 12.30 12.43 12.51 12.45 12.53 12.61 12.80 12.97 12.89 12.96 13.15 13.22 13.28 13.34 13.38 13.41 13.53 13.75 13.53 13.69 13.68 13.68 13.51 13.56
11.36 11.37 11.45 11.44 11.44 11.45 11.47 11.49 11.50 11.52 11.56 11.59 11.63 11.71 11.75 11.80 11.87 11.92 11.97 12.01 12.05 12.09 12.13 12.13 12.19 12.22 12.22 12.25 12.32 12.33 12.35 12.36 12.32 12.38 12.36 12.35 12.34 12.35 12.32 12.31 12.31 12.30 12.23 12.23 12.20 12.26 12.27 12.29 12.33 12.28 12.24 12.28 12.38 12.44 12.37 12.67 12.61 12.70 12.79 13.08 13.17 13.25 13.28 13.35 13.42 13.48 13.53 13.56 13.68 13.70 13.69 13.68 13.65 13.80 13.78 13.65 13.56
11.37 11.48 11.48 11.47 11.48 11.48 11.50 11.53 11.56 11.59 11.63 11.67 11.74 11.81 11.86 11.91 11.96 12.01 12.06 12.11 12.15 12.19 12.22 12.26 12.29 12.32 12.32 12.34 12.40 12.42 12.43 12.40 12.41 12.42 12.45 12.43 12.43 12.43 12.40 12.39 12.38 12.39 12.33 12.30 12.30 12.37 12.38 12.40 12.38 12.40 12.44 12.42 12.36 12.43 12.53 12.61 12.78 12.88 13.09 13.28 13.36 13.40 13.48 13.55 13.72 13.67 13.71 13.82 13.83 13.85 13.84 13.82 13.78 13.73 13.87 13.66 13.61
11.45 11.44 11.45 11.47 11.49 11.52 11.54 11.55 11.58 11.61 11.68 11.78 11.83 11.88 11.94 11.99 12.04 12.10 12.15 12.20 12.24 12.28 12.36 12.35 12.38 12.41 12.44 12.46 12.44 12.45 12.46 12.48 12.49 12.50 12.52 12.52 12.52 12.52 12.49 12.48 12.47 12.41 12.42 12.45 12.46 12.47 12.49 12.51 12.49 12.52 12.56 12.50 12.50 12.57 12.66 12.86 12.96 13.05 13.27 13.45 13.54 13.71 13.77 13.85 13.92 13.94 13.97 13.99 14.00 14.00 13.98 13.95 13.79 13.73 13.62 13.53 13.47
11.47 11.46 11.47 11.49 11.52 11.55 11.57 11.60 11.63 11.67 11.73 11.80 11.85 11.95 12.01 12.07 12.12 12.18 12.23 12.29 12.33 12.42 12.45 12.48 12.49 12.51 12.53 12.55 12.52 12.53 12.54 12.56 12.57 12.57 12.60 12.60 12.60 12.60 12.57 12.56 12.56 12.49 12.53 12.54 12.55 12.57 12.59 12.50 12.53 12.63 12.67 12.63 12.70 12.84 12.93 13.03 13.26 13.34 13.44 13.64 13.74 13.91 13.97 14.04 14.08 14.12 14.15 14.16 14.16 14.15 14.01 13.95 13.89 13.77 13.70 13.67 13.49
11.47 11.48 11.50 11.52 11.54 11.58 11.62 11.65 11.68 11.72 11.76 11.85 11.91 11.96 12.02 12.14 12.20 12.26 12.32 12.37 12.48 12.53 12.54 12.57 12.57 12.60 12.62 12.64 12.60 12.61 12.62 12.53 12.63 12.64 12.67 12.68 12.68 12.68 12.64 12.64 12.64 12.57 12.60 12.63 12.64 12.65 12.67 12.59 12.62 12.63 12.68 12.76 12.83 12.99 13.09 13.30 13.42 13.52 13.73 13.91 14.02 14.11 14.16 14.20 14.26 14.30 14.31 14.31 14.29 14.17 14.12 14.06 13.94 13.86 13.77 13.69 13.62
11.49 11.50 11.52 11.54 11.57 11.62 11.66 11.69 11.72 11.79 11.84 11.90 11.97 12.02 12.09 12.15 12.29 12.36 12.39 12.51 12.56 12.59 12.63 12.66 12.66 12.68 12.70 12.72 12.67 12.69 12.61 12.62 12.60 12.60 12.62 12.64 12.71 12.71 12.71 12.71 12.69 12.65 12.68 12.64 12.65 12.71 12.75 12.57 12.60 12.65 12.80 12.87 13.07 13.26 13.37 13.45 13.57 13.80 13.92 14.10 14.20 14.30 14.32 14.38 14.42 14.46 14.47 14.46 14.33 14.29 14.23 14.11 14.02 13.93 13.83 13.70 13.62
11.52 11.53 11.55 11.57 11.60 11.67 11.67 11.72 11.77 11.82 11.88 11.95 12.01 12.08 12.15 12.29 12.36 12.42 12.54 12.60 12.66 12.67 12.72 12.71 12.74 12.76 12.78 12.70 12.74 12.67 12.68 12.66 12.66 12.68 12.68 12.63 12.71 12.72 12.72 12.71 12.76 12.76 12.71 12.72 12.73 12.75 12.79 12.67 12.69 12.74 12.81 13.01 13.28 13.40 13.51 13.63 13.85 14.04 14.16 14.27 14.38 14.42 14.48 14.54 14.59 14.60 14.53 14.50 14.45 14.39 14.24 14.19 14.09 13.99 13.88 13.70 13.61
11.48 11.50 11.57 11.59 11.62 11.66 11.70 11.75 11.80 11.86 11.92 11.99 12.06 12.13 12.26 12.35 12.43 12.53 12.62 12.68 12.74 12.76 12.80 12.80 12.75 12.77 12.72 12.73 12.71 12.76 12.71 12.71 12.78 12.75 12.76 12.76 12.77 12.77 12.76 12.76 12.76 12.76 12.78 12.77 12.79 12.81 12.74 12.71 12.76 12.84 12.91 13.11 13.39 13.51 13.63 13.85 14.05 14.17 14.30 14.42 14.46 14.55 14.64 14.70 14.74 14.65 14.65 14.62 14.56 14.41 14.32 14.26 14.15 13.77 13.63 13.51 13.40
11.52 11.59 11.61 11.64 11.67 11.70 11.74 11.79 11.84 11.90 11.96 12.03 12.10 12.18 12.25 12.41 12.49 12.61 12.68 12.70 12.73 12.77 12.80 12.79 12.82 12.82 12.79 12.80 12.81 12.82 12.82 12.79 12.79 12.81 12.81 12.81 12.81 12.81 12.81 12.80 12.80 12.80 12.77 12.82 12.83 12.85 12.80 12.85 12.83 12.92 12.98 13.21 13.50 13.63 13.77 13.96 14.19 14.24 14.37 14.58 14.63 14.71 14.74 14.78 14.87 14.78 14.75 14.61 14.57 14.49 14.39 14.10 14.06 13.77 13.63 13.49 13.38
11.63 11.64 11.66 11.68 11.72 11.75 11.79 11.84 11.89 11.95 12.01 12.08 12.15 12.24 12.34 12.42 12.51 12.62 12.69 12.72 12.77 12.81 12.84 12.85 12.87 12.88 12.89 12.85 12.87 12.87 12.85 12.84 12.85 12.85 12.85 12.84 12.84 12.84 12.84 12.85 12.84 12.84 12.81 12.81 12.87 12.89 12.86 12.91 12.90 12.98 13.07 13.31 13.43 13.75 13.79 14.09 14.17 14.38 14.52 14.65 14.76 14.87 14.93 14.93 14.94 14.91 14.82 14.71 14.62 14.50 14.27 14.12 13.97 13.77 13.62 13.48 13.36
11.69 11.70 11.72 11.74 11.77 11.81 11.85 11.90 11.95 12.01 12.06 12.13 12.21 12.29 12.36 12.43 12.51 12.55 12.70 12.77 12.81 12.86 12.90 12.93 12.95 12.93 12.94 12.95 12.91 12.91 12.90 12.87 12.86 12.89 12.88 12.87 12.87 12.87 12.87 12.87 12.87 12.86 12.84 12.84 12.85 12.92 12.94 12.96 12.97 13.06 13.16 13.35 13.47 13.78 13.91 14.05 14.31 14.42 14.66 14.79 14.90 14.97 15.03 15.07 15.05 15.01 14.90 14.80 14.68 14.54 14.31 14.15 13.98 13.82 13.62 13.48 13.15
11.76 11.77 11.79 11.81 11.84 11.87 11.91 11.96 12.01 12.07 12.13 12.20 12.26 12.33 12.41 12.48 12.52 12.60 12.66 12.80 12.86 12.91 12.95 12.98 13.00 12.95 12.95 12.95 12.96 12.95 12.91 12.90 12.89 12.91 12.91 12.90 12.90 12.89 12.89 12.89 12.89 12.90 12.79 12.82 12.85 12.94 12.99 13.06 13.10 13.13 13.31 13.42 13.55 13.88 14.02 14.17 14.40 14.55 14.80 14.90 15.01 15.10 15.16 15.19 15.19 15.01 14.89 14.79 14.67 14.53 14.37 14.18 14.01 13.83 13.66 13.31 13.15
11.83 11.84 11.86 11.88 11.91 11.94 11.98 12.03 12.07 12.12 12.19 12.25 12.32 12.39 12.46 12.54 12.57 12.64 12.69 12.75 12.90 12.95 12.99 13.02 12.99 13.00 13.00 12.99 12.99 12.95 12.94 12.93 12.92 12.91 12.93 12.92 12.92 12.91 12.91 12.91 12.91 12.91 12.87 12.83 12.86 12.89 13.02 13.10 13.17 13.19 13.37 13.49 13.63 13.83 14.13 14.29 14.53 14.68 14.82 15.04 15.14 15.24 15.29 15.28 15.11 15.07 14.94 14.83 14.69 14.54 14.38 14.21 14.03 13.82 13.66 13.37 13.21
12.05 11.93 11.94 12.00 12.02 12.04 12.07 12.10 12.14 12.19 12.25 12.31 12.38 12.44 12.51 12.59 12.66 12.67 12.73 12.79 12.85 12.99 12.95 12.98 13.01 12.98 12.99 12.99 12.98 12.97 12.96 12.95 12.94 12.93 12.95 12.94 12.94 12.93 12.93 12.93 12.92 12.87 12.88 12.84 12.87 12.92 12.99 13.06 13.15 13.25 13.44 13.56 13.68 13.94 14.21 14.54 14.71 14.77 14.92 15.18 15.28 15.35 15.24 15.24 15.19 15.14 15.01 14.90 14.74 14.58 14.41 14.23 14.04 13.84 13.67 13.37 13.21
12.13 12.12 12.12 12.09 12.10 12.12 12.15 12.17 12.21 12.26 12.31 12.37 12.43 12.50 12.57 12.64 12.69 12.71 12.77 12.83 12.89 12.92 12.99 13.01 13.00 13.01 13.01 12.99 12.99 12.99 12.98 12.97 12.96 12.95 12.95 12.96 12.96 12.95 12.94 12.94 12.94 12.89 12.90 12.90 12.87 12.93 13.01 13.08 13.18 13.34 13.47 13.61 13.73 13.90 14.29 14.47 14.80 14.87 15.01 15.28 15.39 15.46 15.33 15.34 15.28 15.22 15.09 14.98 14.78 14.61 14.43 14.25 14.05 13.82 13.59 13.50 13.31
12.22 12.20 12.25 12.24 12.23 12.21 12.21 12.24 12.28 12.33 12.38 12.43 12.49 12.56 12.62 12.67 12.74 12.80 12.82 12.87 12.93 12.95 12.99 13.05 13.02 13.03 12.95 12.95 13.00 12.99 12.98 12.98 12.97 12.97 12.96 12.94 12.94 12.97 12.96 12.88 12.89 12.89 12.92 12.90 12.93 12.95 13.03 13.10 13.21 13.38 13.52 13.66 13.80 13.98 14.38 14.57 14.90 14.97 15.12 15.39 15.50 15.40 15.44 15.41 15.38 15.33 15.19 15.08 14.88 14.71 14.53 14.34 14.15 13.89 13.67 13.56 13.36
12.38 12.35 12.33 12.35 12.34 12.33 12.30 12.32 12.36 12.40 12.44 12.50 12.55 12.61 12.61 12.72 12.78 12.85 12.86 12.91 12.93 12.97 12.96 12.99 12.95 12.96 12.96 12.96 12.96 12.94 12.99 12.98 13.01 13.00 12.96 12.95 12.94 13.00 12.89 12.89 12.89 13.00 13.02 12.91 12.97 13.03 13.11 13.13 13.25 13.42 13.55 13.72 13.88 14.17 14.35 14.74 14.98 15.15 15.21 15.13 15.32 15.52 15.57 15.46 15.46 15.40 15.31 15.19 15.00 14.84 14.66 14.47 14.28 14.11 13.86 13.61 13.40
12.53 12.49 12.46 12.43 12.41 12.40 12.38 12.40 12.42 12.45 12.51 12.56 12.55 12.60 12.65 12.71 12.75 12.81 12.86 12.87 12.91 12.96 12.99 12.97 12.98 12.98 13.03 13.03 13.02 12.96 12.95 12.99 13.03 13.01 13.00 12.96 12.95 13.01 12.89 12.90 13.01 13.03 13.04 13.07 13.11 13.06 13.10 13.21 13.31 13.49 13.62 13.79 13.98 14.26 14.45 14.65 15.01 15.18 15.32 15.24 15.44 15.65 15.69 15.59 15.57 15.51 15.40 15.28 15.15 14.99 14.81 14.63 14.51 14.25 14.00 13.72 13.51
12.63 12.59 12.55 12.52 12.49 12.47 12.46 12.47 12.49 12.51 12.54 12.56 12.60 12.65 12.68 12.74 12.79 12.84 12.90 12.95 12.96 13.07 13.02 13.08 13.10 13.06 13.06 13.05 13.04 12.98 12.97 13.01 12.99 13.05 13.01 13.01 13.00 13.02 13.02 12.96 13.04 13.06 13.04 13.07 13.10 13.11 13.15 13.27 13.38 13.52 13.73 13.88 14.07 14.35 14.56 14.76 15.12 15.29 15.22 15.45 15.57 15.66 15.83 15.74 15.71 15.66 15.55 15.44 15.31 15.17 14.99 14.91 14.70 14.41 14.16 13.87 13.66
12.73 12.68 12.64 12.60 12.57 12.54 12.52 12.51 12.55 12.58 12.59 12.62 12.64 12.68 12.73 12.78 12.83 12.88 12.93 12.98 13.02 13.11 13.10 13.12 13.09 13.09 13.09 13.08 13.07 13.06 13.06 13.04 13.01 13.08 13.06 13.04 13.03 13.06 13.10 13.05 13.06 13.08 13.07 13.10 13.14 13.18 13.30 13.33 13.43 13.60 13.90 14.08 14.17 14.45 14.67 15.04 15.24 15.48 15.34 15.48 15.70 15.79 15.97 15.89 15.87 15.83 15.72 15.62 15.49 15.35 15.30 15.10 14.89 14.68 14.35 14.04 13.84
12.84 12.78 12.73 12.69 12.65 12.62 12.59 12.57 12.56 12.57 12.63 12.66 12.69 12.73 12.77 12.82 12.87 12.92 12.97 13.02 13.04 13.15 13.14 13.16 13.12 13.12 13.12 13.11 13.10 13.09 13.10 13.07 13.04 13.10 13.08 13.07 13.11 13.12 13.06 13.06 13.08 13.10 13.10 13.14 13.18 13.22 13.35 13.49 13.51 13.69 13.99 14.18 14.38 14.56 14.78 15.15 15.43 15.40 15.47 15.61 15.84 16.09 16.16 16.05 16.05 16.01 15.91 15.82 15.69 15.56 15.51 15.31 15.11 14.89 14.68 14.26 14.05
12.98 12.92 12.85 12.79 12.74 12.69 12.65 12.62 12.60 12.60 12.66 12.74 12.77 12.78 12.82 12.87 12.91 12.96 13.01 13.06 13.13 13.14 13.17 13.20 13.23 13.24 13.16 13.15 13.14 13.19 13.16 13.13 13.10 13.08 13.06 13.09 13.08 13.03 13.06 13.08 13.08 13.10 13.13 13.17 13.21 13.26 13.40 13.54 13.68 13.86 14.07 14.38 14.47 14.68 14.90 15.29 15.61 15.58 15.73 15.87 16.11 16.21 16.15 16.20 16.34 16.32 16.23 16.16 16.04 15.90 15.73 15.50 15.27 15.04 15.01 14.65 14.31
13.08 13.01 12.94 12.88 12.82 12.77 12.72 12.67 12.65 12.65 12.65 12.74 12.83 12.86 12.91 12.96 13.01 13.05 13.10 13.15 13.16 13.16 13.20 13.23 13.28 13.28 13.24 13.23 13.22 13.23 13.20 13.17 13.14 13.11 13.14 13.11 13.09 13.04 13.07 13.09 13.12 13.13 13.17 13.21 13.26 13.32 13.46 13.61 13.76 13.93 14.15 14.47 14.78 15.00 15.12 15.41 15.70 15.56 15.81 15.95 16.19 16.30 16.25 16.31 16.46 16.45 16.38 16.32 16.24 16.25 16.06 15.72 15.50 15.43 15.22 14.88 14.66
