data/Validacao/U061015.grd
DSAA
94	94
0.0000	100.0000
0.0000	100.0000
3.4104	7.6041
[rows 38 to 75 of 94, columns 0 to 83 of 94]
4.42 4.67 5.03 5.17 5.19 5.19 5.19 5.19 5.19 5.31 5.31 5.31 5.31 5.25 5.25 5.24 5.09 4.67 3.95 3.85 4.53 5.04 5.17 5.19 5.31 5.31 5.37 5.37 5.38 5.44 5.44 5.50 5.50 5.31 5.05 4.90 4.63 4.36 4.50 4.82 4.91 5.06 5.06 5.25 5.37 5.37 5.31 5.31 5.37 5.31 5.31 5.37 5.43 5.40 5.18 4.71 4.59 5.03 5.47 5.79 5.81 5.81 5.63 5.63 5.63 5.63 5.50 5.50 5.38 5.38 5.38 5.57 5.59 5.69 5.83 5.81 5.67 5.58 5.69 5.69 5.56 5.69 5.69 5.69
4.91 5.00 5.13 5.18 5.19 5.19 5.19 5.19 5.19 5.19 5.19 5.19 5.25 5.25 5.25 5.25 5.21 5.00 4.75 4.71 4.95 5.14 5.18 5.19 5.31 5.31 5.37 5.44 5.38 5.38 5.44 5.44 5.31 5.31 5.31 5.15 4.87 4.77 4.82 4.94 5.05 5.06 5.06 5.25 5.25 5.31 5.31 5.31 5.31 5.44 5.38 5.37 5.37 5.42 5.34 5.18 5.30 5.47 5.63 5.81 5.62 5.63 5.63 5.63 5.63 5.63 5.56 5.50 5.56 5.56 5.50 5.56 5.57 5.61 5.66 5.65 5.60 5.69 5.69 5.69 5.56 5.56 5.75 5.75
5.14 5.16 5.18 5.19 5.19 5.19 5.19 5.19 5.19 5.19 5.19 5.19 5.19 5.25 5.25 5.25 5.24 5.22 5.12 5.11 5.15 5.18 5.19 5.19 5.31 5.31 5.44 5.44 5.38 5.38 5.38 5.44 5.44 5.31 5.31 5.12 4.98 4.96 4.97 4.99 5.06 5.06 5.06 5.25 5.25 5.31 5.31 5.31 5.44 5.44 5.44 5.37 5.50 5.50 5.67 5.64 5.63 5.65 5.68 5.50 5.62 5.63 5.63 5.63 5.63 5.50 5.63 5.63 5.63 5.63 5.50 5.63 5.56 5.57 5.58 5.58 5.57 5.56 5.69 5.56 5.56 5.56 5.75 5.75
5.18 5.19 5.19 5.19 5.19 5.19 5.19 5.19 5.19 5.19 5.19 5.19 5.19 5.00 5.25 5.25 5.25 5.25 5.24 5.24 5.18 5.19 5.19 5.25 5.25 5.31 5.31 5.44 5.31 5.38 5.31 5.44 5.44 5.19 5.19 5.19 5.12 5.25 5.00 5.00 5.00 4.94 5.00 5.25 5.31 5.31 5.31 5.38 5.44 5.44 5.44 5.50 5.50 5.75 5.75 5.68 5.68 5.50 5.50 5.50 5.63 5.63 5.56 5.69 5.69 5.69 5.63 5.63 5.63 5.63 5.50 5.63 5.63 5.63 5.63 5.56 5.56 5.56 5.56 5.56 5.75 5.75 5.75 5.75
5.06 5.19 5.19 5.19 5.19 5.19 5.19 5.19 5.19 5.19 5.19 5.19 5.00 5.00 5.00 5.00 5.00 5.12 5.25 5.25 5.25 5.19 5.19 5.19 5.31 5.31 5.19 5.19 5.19 5.25 5.13 5.13 5.13 5.12 5.19 5.19 5.19 5.25 5.12 5.12 5.12 5.12 5.19 5.12 5.13 5.25 5.25 5.25 5.38 5.38 5.38 5.63 5.75 5.75 5.75 5.75 5.56 5.50 5.50 5.50 5.44 5.56 5.56 5.56 5.56 5.50 5.63 5.63 5.63 5.63 5.56 5.56 5.56 5.63 5.63 5.63 5.56 5.56 5.56 5.75 5.81 5.81 5.81 5.81
5.06 5.06 5.06 5.06 5.19 5.19 5.19 5.19 5.19 5.19 5.19 5.00 5.00 5.00 5.00 5.00 5.00 5.00 5.00 5.00 5.00 5.25 5.19 5.13 5.13 5.19 5.19 5.06 5.19 5.12 5.12 5.13 5.13 5.12 5.12 5.12 5.12 5.25 5.19 5.06 5.06 5.06 5.25 5.25 5.13 5.38 5.38 5.38 5.25 5.50 5.50 5.50 5.56 5.69 5.50 5.50 5.44 5.44 5.44 5.44 5.44 5.56 5.56 5.56 5.38 5.38 5.50 5.50 5.44 5.31 5.38 5.38 5.56 5.63 5.63 5.56 5.56 5.56 5.75 5.75 5.75 5.75 5.75 5.75
5.06 5.06 5.06 5.06 5.06 5.06 5.06 5.07 5.10 5.13 5.12 5.08 5.00 4.88 5.00 4.88 4.88 5.00 5.00 4.87 4.87 4.87 4.87 4.87 5.00 5.19 5.06 5.18 5.17 5.12 5.12 5.12 5.13 5.06 5.12 5.12 5.25 5.25 5.25 5.06 5.06 5.06 5.19 5.25 5.25 5.39 5.42 5.42 5.39 5.50 5.50 5.50 5.56 5.56 5.50 5.50 5.44 5.44 5.44 5.44 5.44 5.56 5.56 5.38 5.40 5.42 5.35 5.32 5.31 5.25 5.38 5.38 5.63 5.63 5.63 5.56 5.56 5.75 5.75 5.75 5.75 5.75 5.76 5.76
5.06 5.06 5.06 5.06 5.06 5.06 5.07 5.10 5.23 5.37 5.33 5.00 4.90 4.88 4.88 4.88 4.87 4.87 4.87 4.87 4.87 4.87 4.87 4.88 4.94 4.94 5.06 5.05 5.08 5.10 5.12 5.12 5.12 5.06 5.00 5.13 5.13 5.25 5.31 5.31 5.12 5.12 5.31 5.25 5.45 5.46 5.57 5.57 5.46 5.51 5.50 5.50 5.56 5.56 5.50 5.50 5.44 5.44 5.44 5.44 5.44 5.44 5.38 5.41 5.51 5.55 5.48 5.37 5.26 5.25 5.38 5.38 5.38 5.38 5.63 5.56 5.75 5.75 5.75 5.75 5.75 5.75 5.78 5.82
5.06 5.06 5.06 4.94 4.94 4.94 4.95 5.04 5.43 5.75 5.58 5.15 4.92 4.88 4.88 4.88 4.87 4.87 4.87 4.87 4.87 4.87 4.87 4.94 4.94 4.94 5.05 5.03 5.03 5.07 5.11 5.12 5.12 5.13 5.00 5.13 5.13 5.13 5.31 5.31 5.31 5.12 5.31 5.44 5.47 5.57 5.80 5.80 5.66 5.53 5.50 5.50 5.44 5.44 5.50 5.50 5.44 5.44 5.44 5.44 5.44 5.38 5.39 5.46 5.60 5.83 5.69 5.49 5.39 5.25 5.25 5.25 5.25 5.38 5.63 5.75 5.75 5.75 5.75 5.75 5.75 5.76 5.81 5.91
4.81 4.81 4.81 4.94 4.94 4.94 4.95 5.04 5.35 5.71 5.60 5.15 4.92 4.88 4.88 4.88 4.87 4.87 4.87 4.87 4.87 4.87 4.94 4.94 4.94 4.94 4.90 4.94 5.00 5.00 5.00 5.12 5.12 5.13 5.13 5.13 5.13 5.13 5.31 5.31 5.31 5.50 5.31 5.44 5.47 5.57 5.80 5.80 5.66 5.53 5.50 5.44 5.44 5.44 5.44 5.37 5.31 5.50 5.44 5.31 5.31 5.31 5.26 5.35 5.60 5.85 5.72 5.49 5.27 5.25 5.25 5.25 5.44 5.44 5.50 5.69 5.69 5.69 5.69 5.69 5.69 5.70 5.76 5.88
4.81 4.81 4.81 4.81 4.81 4.81 4.82 4.86 5.02 5.21 5.15 4.94 4.84 4.88 4.88 4.87 4.87 4.87 4.87 4.87 4.87 4.94 4.94 4.94 4.88 4.88 4.89 4.91 5.00 5.00 5.00 5.12 5.12 5.25 5.13 5.13 5.13 5.13 5.31 5.31 5.31 5.50 5.44 5.44 5.45 5.52 5.57 5.70 5.62 5.51 5.50 5.44 5.44 5.37 5.37 5.37 5.25 5.31 5.31 5.31 5.31 5.31 5.26 5.30 5.51 5.59 5.53 5.43 5.26 5.25 5.44 5.44 5.44 5.50 5.50 5.75 5.69 5.69 5.69 5.69 5.69 5.69 5.72 5.78
4.81 4.81 4.81 4.81 4.81 4.81 4.81 4.82 4.86 4.89 4.88 4.84 4.82 4.81 4.81 4.87 4.87 4.87 4.87 4.87 4.81 4.81 4.94 4.94 4.88 4.88 4.88 4.88 4.88 5.18 5.19 5.12 5.13 5.25 5.13 5.13 5.13 5.13 5.31 5.31 5.31 5.50 5.63 5.44 5.44 5.45 5.47 5.59 5.58 5.50 5.50 5.44 5.44 5.37 5.37 5.19 5.31 5.31 5.31 5.19 5.19 5.19 5.25 5.38 5.40 5.42 5.41 5.39 5.38 5.44 5.44 5.44 5.50 5.50 5.50 5.75 5.75 5.69 5.69 5.69 5.69 5.69 5.69 5.71
4.81 4.81 4.81 4.81 4.81 4.81 4.81 4.81 4.82 4.82 4.82 4.81 4.81 4.81 4.81 4.81 4.75 4.75 4.88 4.81 4.81 4.75 4.75 4.94 4.88 5.06 5.06 5.06 4.88 5.19 5.31 5.31 5.25 5.25 5.25 5.25 5.25 5.25 5.25 5.19 5.44 5.44 5.63 5.44 5.44 5.63 5.44 5.57 5.56 5.56 5.50 5.50 5.44 5.25 5.25 5.19 5.31 5.19 5.19 5.19 5.19 5.19 5.31 5.38 5.38 5.38 5.38 5.38 5.50 5.44 5.44 5.50 5.50 5.50 5.50 5.75 5.75 5.75 5.69 5.69 5.69 5.69 5.69 5.69
4.94 4.94 4.94 4.81 4.81 4.81 4.81 4.81 4.81 4.81 4.81 4.81 4.81 4.81 4.81 4.75 4.75 4.75 4.69 4.69 4.69 4.75 4.94 4.75 5.06 5.06 5.06 5.19 5.06 5.31 5.31 5.44 5.44 5.50 5.50 5.25 5.19 5.19 5.19 5.44 5.44 5.44 5.44 5.44 5.44 5.44 5.63 5.56 5.56 5.56 5.56 5.50 5.25 5.25 5.25 5.25 5.19 5.25 5.25 5.25 5.25 5.25 5.38 5.38 5.38 5.38 5.50 5.50 5.50 5.50 5.56 5.50 5.50 5.50 5.50 5.75 5.75 5.75 5.75 5.50 5.69 5.69 5.69 5.69
4.94 4.94 4.94 4.94 4.94 4.94 5.00 4.81 4.81 4.81 4.81 4.81 4.81 4.81 5.00 4.81 4.81 4.94 4.94 4.88 4.94 4.94 4.94 5.00 5.06 5.06 5.12 5.12 5.25 5.31 5.44 5.44 5.56 5.44 5.44 5.44 5.44 5.19 5.44 5.44 5.44 5.44 5.44 5.38 5.38 5.38 5.25 5.37 5.37 5.56 5.56 5.50 5.44 5.44 5.44 5.32 5.38 5.44 5.44 5.44 5.63 5.56 5.38 5.38 5.38 5.57 5.50 5.50 5.50 5.57 5.57 5.50 5.50 5.44 5.43 5.43 5.44 5.75 5.50 5.50 5.50 5.50 5.56 5.56
4.98 4.96 4.95 4.94 4.94 4.94 5.00 5.00 5.06 5.06 5.06 5.06 5.06 5.06 5.06 5.06 5.07 4.97 5.01 5.13 5.16 5.07 5.06 5.19 5.19 5.19 5.12 5.12 5.31 5.31 5.31 5.37 5.37 5.44 5.44 5.44 5.43 5.66 5.67 5.43 5.44 5.44 5.44 5.38 5.38 5.38 5.25 5.25 5.37 5.56 5.50 5.50 5.44 5.44 5.45 5.54 5.44 5.59 5.57 5.44 5.63 5.56 5.50 5.51 5.41 5.62 5.60 5.64 5.58 5.61 5.62 5.53 5.69 5.41 5.39 5.39 5.42 5.43 5.18 5.48 5.49 5.50 5.57 5.58
5.38 5.32 5.23 5.19 5.19 5.19 5.19 5.19 5.06 5.06 5.06 5.06 5.06 5.06 5.00 5.00 5.03 5.23 5.45 5.49 5.27 5.23 5.19 5.19 5.19 5.19 5.19 5.12 5.31 5.31 5.31 5.37 5.44 5.44 5.44 5.66 5.60 5.53 5.56 5.64 5.43 5.44 5.44 5.44 5.38 5.38 5.25 5.25 5.37 5.50 5.50 5.50 5.50 5.45 5.60 5.77 5.89 5.75 5.61 5.57 5.50 5.56 5.57 5.56 5.72 5.90 5.86 5.72 5.91 6.04 5.84 5.68 5.51 5.29 5.12 5.15 5.31 5.16 5.16 5.14 5.21 5.25 5.59 5.60
5.72 5.54 5.30 5.20 5.19 5.19 5.19 5.19 5.19 5.19 5.06 5.06 5.06 5.06 5.13 5.13 5.21 5.57 6.16 6.25 5.73 5.31 5.20 5.19 5.19 5.19 5.19 5.19 5.31 5.31 5.31 5.19 5.19 5.44 5.68 5.62 5.43 5.25 5.34 5.56 5.67 5.44 5.44 5.44 5.44 5.38 5.38 5.38 5.50 5.50 5.50 5.50 5.50 5.48 5.93 6.26 6.48 6.17 5.70 5.58 5.50 5.63 5.65 5.78 6.14 6.52 6.38 6.04 6.07 6.43 6.45 6.02 5.53 5.06 4.56 4.63 4.90 5.11 5.10 5.07 5.14 5.24 5.40 5.77
5.86 5.64 5.33 5.21 5.19 5.19 5.19 5.19 5.19 5.19 5.19 5.19 5.25 5.25 5.25 5.13 5.23 5.69 6.47 6.59 5.88 5.34 5.20 5.19 5.19 5.12 5.12 5.12 5.31 5.12 5.19 5.19 5.19 5.69 5.68 5.60 5.37 5.13 5.25 5.53 5.66 5.69 5.62 5.63 5.63 5.44 5.44 5.50 5.44 5.63 5.50 5.50 5.50 5.50 5.99 6.53 6.75 6.30 5.74 5.71 5.69 5.63 5.65 5.82 6.39 6.74 6.45 5.95 6.00 6.54 6.73 6.15 5.54 4.95 4.34 4.34 4.83 5.09 5.08 5.01 5.03 5.09 5.31 5.70
5.57 5.45 5.27 5.20 5.19 5.19 5.19 5.19 5.19 5.31 5.25 5.25 5.25 5.25 5.25 5.25 5.19 5.45 5.97 6.03 5.58 5.28 5.20 5.19 5.12 5.12 5.12 5.25 5.31 5.19 5.19 5.19 5.44 5.44 5.68 5.64 5.50 5.37 5.43 5.60 5.67 5.69 5.69 5.63 5.63 5.63 5.44 5.50 5.50 5.63 5.50 5.50 5.50 5.72 5.86 6.17 6.30 6.04 5.78 5.70 5.69 5.63 5.64 5.85 5.99 6.24 6.14 5.81 5.84 6.15 6.26 5.97 5.63 5.04 4.73 4.74 5.03 5.02 5.04 5.03 5.04 5.08 5.20 5.39
5.29 5.25 5.21 5.31 5.31 5.31 5.31 5.31 5.25 5.25 5.25 5.25 5.25 5.25 5.25 5.25 5.26 5.33 5.44 5.45 5.35 5.21 5.25 5.25 5.25 5.12 5.12 5.12 5.31 5.19 5.19 5.44 5.44 5.44 5.69 5.67 5.64 5.60 5.62 5.66 5.68 5.69 5.69 5.63 5.63 5.63 5.63 5.69 5.69 5.63 5.63 5.50 5.75 5.69 5.73 5.87 5.90 5.95 5.83 5.88 5.69 5.69 5.57 5.59 5.67 5.74 5.81 5.73 5.68 5.76 5.79 5.71 5.63 5.24 5.16 5.12 5.19 5.05 5.06 5.05 5.06 5.07 5.04 5.10
5.20 5.20 5.19 5.31 5.31 5.31 5.31 5.25 5.25 5.25 5.25 5.25 5.25 5.25 5.25 5.25 5.38 5.26 5.27 5.27 5.26 5.38 5.19 5.25 5.12 5.12 5.12 5.31 5.31 5.19 5.37 5.37 5.44 5.44 5.62 5.69 5.68 5.68 5.68 5.68 5.69 5.69 5.69 5.88 5.63 5.63 5.63 5.69 5.69 5.63 5.63 5.63 5.75 5.75 5.69 5.70 5.77 5.88 5.88 5.88 5.69 5.69 5.56 5.57 5.58 5.58 5.70 5.69 5.45 5.46 5.46 5.45 5.44 5.37 5.36 5.11 5.12 5.12 5.12 5.12 5.12 5.13 5.00 5.01
5.19 5.19 5.31 5.31 5.31 5.31 5.25 5.25 5.25 5.25 5.25 5.25 5.25 5.25 5.25 5.37 5.38 5.38 5.25 5.25 5.25 5.38 5.37 5.19 5.12 5.12 5.37 5.37 5.31 5.37 5.37 5.37 5.37 5.62 5.62 5.62 5.62 5.69 5.69 5.87 5.87 5.88 5.69 5.88 5.88 5.63 5.63 5.69 5.69 5.63 5.63 5.63 5.75 5.75 5.69 5.69 5.75 5.88 5.88 5.88 5.69 5.56 5.56 5.56 5.56 5.56 5.69 5.69 5.44 5.44 5.44 5.44 5.44 5.37 5.37 5.12 5.12 5.12 5.12 5.12 5.12 5.13 5.00 5.00
5.31 5.31 5.31 5.37 5.37 5.37 5.37 5.25 5.25 5.25 5.25 5.25 5.25 5.25 5.44 5.37 5.37 5.37 5.25 5.25 5.37 5.37 5.44 5.44 5.37 5.37 5.37 5.37 5.44 5.44 5.37 5.37 5.62 5.62 5.62 5.62 5.62 5.87 5.87 5.87 5.87 5.81 5.81 5.69 5.69 5.81 5.81 5.81 5.81 5.75 5.75 5.75 5.75 5.81 5.88 5.75 5.88 5.88 5.81 5.75 5.63 5.50 5.62 5.37 5.62 5.62 5.69 5.69 5.44 5.44 5.44 5.44 5.44 5.25 5.25 5.25 5.25 5.12 5.12 5.12 5.12 5.12 5.00 5.00
5.37 5.37 5.37 5.37 5.37 5.37 5.37 5.37 5.35 5.33 5.22 5.24 5.43 5.44 5.44 5.44 5.62 5.62 5.62 5.50 5.50 5.44 5.44 5.37 5.37 5.37 5.44 5.43 5.43 5.43 5.44 5.68 5.61 5.61 5.62 5.62 5.62 5.86 5.86 5.87 5.81 5.80 5.80 5.80 5.75 5.81 5.68 5.68 5.81 5.75 5.75 5.75 5.75 5.81 5.88 5.88 5.88 5.81 5.81 5.75 5.63 5.62 5.62 5.37 5.36 5.35 5.48 5.49 5.43 5.42 5.41 5.42 5.25 5.25 5.25 5.25 5.25 5.12 5.11 5.10 5.11 5.12 5.01 5.03
5.37 5.37 5.37 5.37 5.37 5.37 5.37 5.33 5.20 5.04 5.09 5.32 5.42 5.44 5.62 5.62 5.62 5.62 5.62 5.62 5.50 5.62 5.44 5.50 5.50 5.44 5.42 5.39 5.37 5.40 5.42 5.65 5.60 5.59 5.58 5.60 5.57 5.75 5.77 5.83 5.78 5.83 5.75 5.80 5.84 5.70 5.60 5.60 5.76 5.86 5.75 5.75 5.75 5.88 5.88 5.88 5.88 5.81 5.63 5.63 5.63 5.62 5.62 5.34 5.25 5.17 5.34 5.44 5.43 5.27 5.23 5.21 5.28 5.23 5.22 5.22 5.23 5.21 5.13 4.96 5.01 4.98 5.09 5.24
5.37 5.37 5.37 5.37 5.37 5.37 5.36 5.22 4.74 4.18 4.39 5.03 5.55 5.62 5.62 5.62 5.62 5.62 5.62 5.62 5.62 5.62 5.50 5.50 5.44 5.43 5.38 5.27 5.21 5.29 5.60 5.54 5.37 5.36 5.53 5.60 5.48 5.43 5.48 5.78 5.79 5.57 5.42 5.60 5.76 5.68 5.33 5.36 5.69 5.84 5.68 5.69 5.75 5.88 5.88 5.81 5.88 5.75 5.63 5.63 5.62 5.62 5.61 5.25 4.93 4.66 4.93 5.27 5.24 4.87 4.65 4.94 5.20 5.23 5.13 5.14 5.19 5.12 4.83 4.60 4.68 4.94 5.32 5.86
5.25 5.37 5.37 5.37 5.37 5.37 5.35 5.13 4.43 3.49 3.82 4.93 5.50 5.62 5.62 5.62 5.62 5.62 5.62 5.62 5.62 5.69 5.50 5.50 5.44 5.42 5.35 5.17 5.07 5.21 5.54 5.45 5.18 5.16 5.43 5.55 5.39 5.16 5.35 5.74 5.70 5.35 5.15 5.44 5.70 5.56 5.15 5.15 5.58 5.81 5.68 5.69 5.69 5.88 5.88 5.81 5.75 5.56 5.63 5.63 5.62 5.75 5.72 5.17 4.66 4.23 4.59 5.14 5.08 4.49 4.25 4.72 5.14 5.18 5.07 5.07 5.15 5.04 4.57 4.21 4.45 4.96 5.51 6.37
5.50 5.50 5.50 5.50 5.50 5.50 5.48 5.31 4.76 4.06 4.31 5.22 5.66 5.62 5.62 5.62 5.62 5.62 5.62 5.62 5.62 5.56 5.56 5.56 5.56 5.55 5.37 5.24 5.17 5.50 5.69 5.61 5.37 5.36 5.59 5.64 5.49 5.38 5.49 5.76 5.76 5.51 5.37 5.60 5.80 5.69 5.28 5.28 5.61 5.83 5.87 5.69 5.75 5.88 5.88 5.88 5.94 5.75 5.69 5.69 5.69 5.69 5.54 5.40 4.90 4.57 4.87 5.29 5.10 4.70 4.54 4.88 5.19 5.21 5.13 5.12 5.13 5.04 4.72 4.47 4.65 4.93 5.37 6.00
5.50 5.50 5.50 5.50 5.50 5.50 5.49 5.50 5.30 5.07 5.14 5.46 5.72 5.75 5.75 5.75 5.75 5.75 5.75 5.69 5.62 5.56 5.56 5.56 5.56 5.56 5.54 5.48 5.45 5.71 5.77 5.75 5.67 5.66 5.68 5.71 5.66 5.75 5.79 5.88 5.88 5.80 5.75 5.82 5.89 5.86 5.56 5.56 5.80 5.86 5.87 5.69 5.81 5.81 6.00 5.88 5.94 5.81 5.69 5.69 5.69 5.69 5.56 5.51 5.26 5.15 5.33 5.47 5.46 5.15 5.11 5.17 5.27 5.28 5.25 5.21 5.23 5.14 5.03 4.90 4.97 4.98 5.12 5.33
5.50 5.50 5.50 5.50 5.50 5.50 5.69 5.68 5.65 5.61 5.62 5.72 5.75 5.75 5.75 5.75 5.75 5.75 5.75 5.69 5.56 5.56 5.69 5.69 5.69 5.56 5.56 5.55 5.55 5.80 5.81 5.80 5.79 5.73 5.74 5.74 5.74 5.91 5.92 5.93 5.93 5.92 5.91 5.92 5.93 5.93 5.91 5.85 5.86 5.87 5.87 5.69 5.81 5.94 5.94 6.00 5.94 5.81 5.81 5.69 5.69 5.56 5.56 5.55 5.53 5.39 5.53 5.55 5.36 5.34 5.34 5.35 5.31 5.31 5.30 5.24 5.25 5.24 5.10 5.09 5.10 5.00 5.02 5.05
5.62 5.62 5.62 5.62 5.62 5.69 5.69 5.69 5.68 5.68 5.68 5.69 5.75 5.75 5.75 5.75 5.75 5.75 5.69 5.69 5.56 5.56 5.69 5.69 5.69 5.69 5.56 5.56 5.56 5.81 5.81 5.81 5.75 5.75 5.75 5.75 5.94 5.94 5.94 5.94 5.94 5.94 5.94 5.94 5.94 5.94 5.94 5.87 5.87 5.87 5.88 5.69 5.94 5.94 5.94 5.94 5.81 5.81 5.81 5.81 5.69 5.56 5.56 5.56 5.56 5.56 5.50 5.50 5.37 5.37 5.37 5.37 5.37 5.31 5.31 5.25 5.25 5.12 5.12 5.12 5.12 5.12 5.06 5.07
5.62 5.62 5.62 5.62 5.62 5.75 5.75 5.75 5.75 5.75 5.75 5.75 5.75 5.75 5.75 5.75 5.75 5.81 5.81 5.75 5.69 5.69 5.69 5.69 5.69 5.69 5.63 5.69 5.81 5.81 5.75 5.75 5.75 5.75 5.75 5.75 5.94 5.94 5.94 5.94 5.94 5.94 5.94 5.94 5.94 5.94 5.94 5.88 5.88 5.88 5.88 5.81 5.94 5.94 5.94 5.94 5.75 5.81 5.81 5.81 5.81 5.56 5.56 5.56 5.56 5.56 5.50 5.50 5.38 5.38 5.38 5.38 5.38 5.31 5.31 5.25 5.25 5.12 5.12 5.12 5.12 5.12 5.06 5.06
5.62 5.62 5.62 5.62 5.75 5.75 5.75 5.75 5.75 5.75 5.75 5.75 5.75 5.75 5.75 5.75 5.81 5.80 5.79 5.67 5.68 5.69 5.69 5.69 5.69 5.69 5.63 5.64 5.89 5.89 5.75 5.75 5.76 5.76 5.75 5.75 5.94 5.94 5.94 5.94 5.93 5.92 5.92 5.93 5.94 5.94 6.07 5.88 5.88 5.88 6.00 6.13 5.94 5.94 5.94 5.94 5.82 5.76 5.81 5.81 5.81 5.69 5.56 5.57 5.58 5.52 5.52 5.51 5.38 5.39 5.39 5.38 5.37 5.30 5.29 5.23 5.24 5.12 5.11 5.11 5.11 5.12 5.06 5.05
5.57 5.59 5.61 5.75 5.75 5.75 5.75 5.75 5.75 5.75 5.75 5.75 5.75 5.69 5.69 5.81 5.80 5.72 5.49 5.47 5.58 5.66 5.69 5.69 5.69 5.69 5.67 5.77 6.06 5.87 5.79 5.80 5.85 5.85 5.80 5.95 5.94 5.94 5.94 5.93 5.89 5.81 5.77 5.84 5.92 5.97 6.14 6.14 6.04 6.01 6.00 6.13 5.94 5.94 5.96 6.01 5.91 5.81 5.77 5.81 5.69 5.69 5.69 5.60 5.69 5.71 5.66 5.56 5.49 5.55 5.57 5.51 5.43 5.22 5.13 5.02 5.11 5.08 5.01 4.94 5.00 5.08 5.03 4.99
5.38 5.46 5.69 5.74 5.75 5.75 5.75 5.75 5.75 5.75 5.75 5.75 5.69 5.69 5.69 5.81 5.74 5.42 4.79 4.71 5.21 5.58 5.68 5.69 5.69 5.78 5.96 6.38 6.69 6.29 5.94 5.96 6.18 6.24 6.01 5.87 5.95 5.96 5.95 6.02 5.85 5.46 5.27 5.50 5.85 6.09 6.43 6.51 6.16 6.03 6.00 6.13 5.94 5.96 6.05 6.08 6.26 6.02 5.82 5.57 5.69 5.69 5.71 5.84 6.15 6.46 6.20 5.71 5.65 5.92 6.03 5.75 5.42 4.91 4.47 4.45 4.86 4.91 4.59 4.30 4.55 4.92 4.96 4.72
5.13 5.35 5.63 5.73 5.75 5.75 5.75 5.75 5.75 5.75 5.75 5.75 5.69 5.69 5.69 5.68 5.66 4.92 3.85 3.70 4.71 5.47 5.67 5.69 5.69 5.81 6.18 7.04 7.54 6.85 6.18 6.21 6.64 6.67 6.22 5.92 5.90 5.99 6.02 5.98 5.64 4.84 4.46 5.11 5.86 6.33 6.75 6.73 6.32 6.07 6.01 6.13 6.13 5.98 6.17 6.54 6.73 6.31 5.89 5.83 5.69 5.69 5.73 6.01 6.75 7.46 6.93 5.98 5.88 6.43 6.63 6.08 5.41 4.57 3.61 3.69 4.52 4.74 4.03 3.46 3.95 4.70 4.79 4.39
5.21 5.38 5.64 5.73 5.75 5.75 5.75 5.75 5.75 5.75 5.75 5.81 5.81 5.81 5.81 5.74 5.61 5.02 4.00 3.86 4.79 5.49 5.73 5.75 5.75 5.69 6.04 7.00 7.39 6.84 6.16 6.18 6.58 6.61 6.19 5.91 5.90 6.00 6.02 5.99 5.67 4.94 4.58 5.18 5.88 6.36 6.72 6.74 6.43 6.06 6.13 6.13 6.13 6.15 6.25 6.48 6.66 6.30 5.88 5.77 5.69 5.69 5.54 5.98 6.70 7.36 6.88 6.09 5.98 6.43 6.54 6.03 5.41 4.64 3.74 3.86 4.57 4.78 4.15 3.60 4.14 4.89 4.95 4.52
