data/Validacao/U061015.grd
DSAA
94	94
0.0000	100.0000
0.0000	100.0000
3.4104	7.6041
[rows 0 to 37 of 94, columns 0 to 83 of 94]
5.94 5.89 5.79 5.76 5.75 5.75 5.75 5.75 5.75 5.75 5.75 5.75 5.75 5.75 5.75 5.88 5.88 5.83 5.93 5.95 5.77 5.66 5.63 5.63 5.62 5.50 5.44 5.44 5.37 5.37 5.31 5.31 5.31 5.44 5.45 5.45 5.67 5.89 5.76 5.47 5.22 5.19 5.00 5.00 5.00 5.00 5.00 4.81 4.81 4.94 4.94 4.94 4.94 4.94 4.86 4.89 4.94 4.84 4.89 4.75 4.75 4.75 4.75 4.81 4.81 4.81 4.88 4.88 4.88 4.94 4.94 4.92 4.77 4.19 3.41 3.51 4.31 5.00 5.11 5.12 4.94 4.94 4.94 4.94
5.84 5.77 5.78 5.75 5.75 5.75 5.75 5.75 5.75 5.75 5.75 5.75 5.75 5.75 5.75 5.75 5.88 5.80 5.87 5.88 5.81 5.65 5.63 5.63 5.62 5.62 5.56 5.37 5.37 5.37 5.37 5.31 5.31 5.44 5.44 5.43 5.57 5.72 5.61 5.42 5.21 5.19 5.00 5.00 5.00 5.00 5.06 5.06 4.81 4.94 4.94 4.94 4.94 4.94 4.74 4.82 4.86 4.79 4.77 4.75 4.75 4.75 4.75 4.81 4.81 4.69 4.88 4.88 4.88 4.94 4.94 4.93 4.83 4.43 3.88 4.09 4.69 5.04 5.12 4.94 4.94 4.94 4.94 4.94
5.69 5.67 5.64 5.75 5.75 5.75 5.75 5.75 5.75 5.75 5.75 5.75 5.75 5.75 5.75 5.75 5.75 5.77 5.79 5.79 5.77 5.63 5.63 5.63 5.62 5.62 5.62 5.37 5.37 5.37 5.37 5.31 5.31 5.44 5.44 5.39 5.44 5.48 5.40 5.35 5.19 5.19 5.00 5.00 5.06 5.06 5.06 5.06 5.06 4.94 4.94 4.94 4.94 4.81 4.82 4.73 4.74 4.72 4.57 4.75 4.75 4.75 4.75 4.81 4.69 4.69 4.69 4.88 4.94 4.94 4.94 4.93 4.90 4.78 4.78 4.81 4.99 5.10 4.94 4.94 4.94 4.94 4.94 4.94
5.63 5.63 5.63 5.63 5.75 5.75 5.75 5.75 5.75 5.75 5.75 5.75 5.75 5.75 5.75 5.75 5.75 5.75 5.76 5.76 5.75 5.75 5.63 5.62 5.62 5.62 5.44 5.37 5.37 5.37 5.31 5.37 5.31 5.44 5.31 5.31 5.38 5.39 5.33 5.38 5.19 5.19 5.00 5.06 5.06 5.06 5.06 5.06 5.19 5.19 4.94 4.94 4.94 4.81 4.81 4.69 4.69 4.57 4.56 4.56 4.75 4.75 4.75 4.69 4.69 4.69 4.69 4.69 4.94 4.94 4.94 4.94 4.93 5.10 5.08 5.08 5.11 4.93 4.94 4.94 4.94 4.94 4.94 4.94
5.63 5.63 5.63 5.63 5.62 5.75 5.75 5.75 5.75 5.75 5.75 5.75 5.75 5.75 5.75 5.75 5.75 5.75 5.75 5.75 5.75 5.75 5.75 5.62 5.62 5.56 5.56 5.44 5.37 5.37 5.31 5.50 5.50 5.31 5.31 5.31 5.38 5.38 5.38 5.38 5.38 5.19 5.06 5.13 5.13 5.13 5.06 5.06 5.19 5.19 5.19 4.94 4.81 4.81 4.81 4.81 4.69 4.56 4.56 4.56 4.56 4.75 4.69 4.69 4.69 4.69 4.69 4.69 4.94 4.94 4.94 4.94 4.94 5.12 5.12 5.12 4.94 4.94 4.94 4.94 4.94 4.94 4.94 4.94
5.63 5.62 5.62 5.62 5.62 5.69 5.75 5.75 5.75 5.75 5.75 5.75 5.75 5.75 5.75 5.75 5.75 5.75 5.75 5.75 5.75 5.75 5.75 5.75 5.56 5.56 5.56 5.44 5.44 5.31 5.31 5.31 5.50 5.31 5.31 5.31 5.38 5.38 5.38 5.38 5.38 5.38 5.13 5.13 5.12 5.12 5.06 5.19 5.19 5.19 5.19 5.06 4.81 4.81 4.81 4.81 4.69 4.56 4.56 4.56 4.56 4.69 4.69 4.69 4.69 4.69 4.69 4.69 4.69 4.94 4.94 4.94 5.00 5.12 5.12 4.94 4.94 4.94 4.94 4.94 4.94 4.94 4.94 4.94
5.62 5.62 5.62 5.62 5.62 5.62 5.69 5.69 5.70 5.76 5.76 5.75 5.75 5.75 5.75 5.75 5.75 5.75 5.75 5.75 5.75 5.75 5.75 5.69 5.56 5.56 5.56 5.44 5.44 5.32 5.31 5.31 5.50 5.31 5.31 5.31 5.31 5.38 5.38 5.38 5.38 5.25 5.13 5.12 5.12 5.12 5.10 5.17 5.18 5.18 5.17 5.04 5.05 4.81 4.81 4.81 4.56 4.56 4.56 4.57 4.52 4.51 4.69 4.69 4.68 4.68 4.68 4.69 4.69 4.94 4.94 4.94 5.00 5.13 4.94 4.94 4.94 4.94 4.94 4.94 4.94 4.94 4.94 4.96
5.62 5.62 5.62 5.62 5.62 5.63 5.69 5.70 5.76 5.82 5.80 5.73 5.76 5.77 5.78 5.77 5.76 5.76 5.77 5.77 5.76 5.69 5.69 5.69 5.56 5.56 5.57 5.60 5.50 5.36 5.32 5.31 5.31 5.31 5.31 5.31 5.31 5.31 5.38 5.38 5.38 5.25 5.31 5.12 5.11 5.03 4.93 4.98 5.09 5.13 4.93 4.85 4.90 5.00 4.78 4.75 4.62 4.53 4.57 4.57 4.64 4.64 4.56 4.69 4.64 4.62 4.64 4.67 4.75 4.75 4.94 5.13 5.13 4.94 4.94 4.94 4.94 4.94 4.94 4.94 4.94 4.95 5.01 5.29
5.62 5.62 5.62 5.62 5.62 5.63 5.70 5.76 5.98 6.23 6.15 5.87 5.75 5.78 5.82 5.82 5.78 5.79 5.84 5.85 5.75 5.70 5.69 5.69 5.69 5.57 5.61 5.70 5.68 5.50 5.36 5.32 5.31 5.31 5.25 5.31 5.31 5.31 5.44 5.38 5.44 5.31 5.31 5.12 5.05 4.75 4.30 4.34 4.78 4.85 4.53 4.18 4.40 4.81 4.74 4.58 4.40 4.48 4.64 4.78 5.10 5.07 4.74 4.68 4.51 4.39 4.47 4.67 4.74 4.75 4.87 5.13 5.13 4.94 4.94 4.94 4.94 4.94 4.94 4.94 4.94 4.99 5.38 5.79
5.62 5.62 5.62 5.62 5.63 5.63 5.64 5.82 6.23 6.71 6.56 6.03 5.80 5.87 5.94 5.85 5.75 5.79 5.93 5.92 5.80 5.71 5.69 5.69 5.69 5.58 5.65 5.82 5.89 5.72 5.41 5.32 5.31 5.31 5.25 5.44 5.38 5.31 5.31 5.31 5.44 5.31 5.31 5.30 4.98 4.42 3.57 3.59 4.43 4.65 4.06 3.41 3.81 4.59 4.62 4.32 4.13 4.35 4.65 5.02 5.62 5.57 4.96 4.52 4.35 4.13 4.31 4.60 4.73 4.75 4.87 5.13 5.13 4.94 4.94 4.94 4.94 4.94 4.94 4.94 5.13 5.21 5.61 6.38
5.62 5.62 5.62 5.62 5.63 5.63 5.64 5.80 6.15 6.56 6.43 5.98 5.79 5.84 5.90 5.83 5.74 5.77 5.87 5.89 5.79 5.71 5.69 5.69 5.69 5.70 5.64 5.78 5.82 5.68 5.40 5.32 5.31 5.31 5.25 5.44 5.44 5.44 5.38 5.31 5.44 5.31 5.31 5.30 5.00 4.52 3.80 3.77 4.45 4.71 4.21 3.65 3.99 4.66 4.70 4.43 4.28 4.47 4.65 4.95 5.46 5.42 4.89 4.52 4.29 4.23 4.37 4.63 4.73 4.75 4.94 4.94 4.94 4.94 4.94 4.94 4.94 4.94 4.94 5.13 5.13 5.20 5.54 6.27
5.62 5.62 5.62 5.62 5.62 5.63 5.63 5.73 5.87 6.03 5.98 5.80 5.73 5.75 5.77 5.74 5.71 5.72 5.76 5.77 5.73 5.70 5.69 5.69 5.69 5.69 5.59 5.65 5.59 5.53 5.46 5.19 5.31 5.31 5.44 5.31 5.31 5.44 5.38 5.38 5.38 5.31 5.31 5.31 5.08 4.89 4.56 4.56 4.83 4.93 4.73 4.52 4.65 4.79 4.85 4.74 4.65 4.64 4.75 4.89 4.87 4.86 4.65 4.51 4.42 4.55 4.60 4.70 4.74 4.94 4.94 4.94 4.94 4.94 4.94 4.94 4.94 4.94 5.13 5.13 5.13 5.15 5.46 5.68
5.62 5.62 5.62 5.62 5.62 5.63 5.63 5.63 5.72 5.75 5.74 5.71 5.69 5.70 5.70 5.70 5.69 5.69 5.70 5.70 5.69 5.69 5.69 5.69 5.69 5.69 5.69 5.58 5.46 5.45 5.44 5.19 5.31 5.31 5.44 5.31 5.31 5.31 5.50 5.38 5.38 5.31 5.31 5.12 5.12 5.08 5.03 4.98 5.02 5.04 5.00 4.97 4.87 4.91 4.92 4.84 4.83 4.73 4.75 4.77 4.80 4.56 4.53 4.50 4.49 4.72 4.72 4.74 4.75 4.94 4.94 4.94 4.94 4.94 4.94 4.94 4.94 5.13 5.13 5.13 5.13 5.32 5.34 5.38
5.62 5.62 5.62 5.62 5.62 5.62 5.63 5.63 5.69 5.69 5.69 5.69 5.69 5.69 5.69 5.69 5.69 5.69 5.69 5.69 5.69 5.69 5.69 5.69 5.69 5.69 5.69 5.69 5.44 5.44 5.44 5.19 5.31 5.31 5.44 5.31 5.31 5.31 5.50 5.50 5.38 5.38 5.31 5.12 5.12 5.12 5.12 5.06 5.06 5.06 4.93 4.93 4.93 4.94 4.94 4.87 4.87 4.87 4.75 4.75 4.75 4.75 4.50 4.50 4.50 4.75 4.75 4.75 4.94 4.94 4.94 4.94 4.94 4.94 4.94 4.94 5.13 5.13 5.13 5.13 5.31 5.31 5.31 5.32
5.62 5.62 5.62 5.62 5.62 5.62 5.62 5.62 5.69 5.69 5.69 5.69 5.69 5.69 5.69 5.69 5.69 5.69 5.69 5.69 5.69 5.69 5.69 5.69 5.69 5.69 5.69 5.69 5.31 5.31 5.31 5.44 5.44 5.38 5.38 5.50 5.31 5.31 5.50 5.50 5.31 5.31 5.25 5.13 5.12 5.12 5.12 5.06 5.06 4.94 4.94 4.94 4.94 4.94 4.94 4.88 4.88 4.88 4.75 4.75 4.75 4.75 4.75 4.50 4.50 4.50 4.75 4.75 4.94 4.94 4.94 4.94 4.94 5.00 4.94 5.06 5.06 5.06 5.06 5.06 5.31 5.31 5.31 5.31
5.62 5.62 5.62 5.62 5.62 5.62 5.62 5.62 5.62 5.68 5.68 5.69 5.69 5.69 5.68 5.69 5.69 5.69 5.69 5.69 5.69 5.69 5.69 5.69 5.69 5.69 5.69 5.69 5.44 5.31 5.31 5.44 5.50 5.31 5.31 5.44 5.50 5.50 5.38 5.38 5.19 5.19 5.19 5.12 5.12 5.12 5.12 5.05 4.93 4.94 4.94 4.95 4.95 4.94 4.88 4.88 4.88 4.88 4.75 4.75 4.75 4.75 4.75 4.75 4.75 4.76 5.00 5.00 4.94 4.94 4.94 4.94 4.88 5.06 5.06 5.06 5.06 5.06 5.06 5.31 5.31 5.31 5.31 5.31
5.44 5.44 5.62 5.62 5.62 5.62 5.62 5.62 5.61 5.65 5.65 5.67 5.68 5.66 5.65 5.48 5.69 5.71 5.75 5.76 5.72 5.71 5.73 5.76 5.75 5.71 5.68 5.66 5.41 5.30 5.31 5.44 5.50 5.31 5.31 5.44 5.52 5.53 5.40 5.39 5.19 5.19 5.19 5.12 5.11 5.07 4.90 4.95 4.89 4.95 5.01 5.06 5.03 4.97 4.90 4.93 4.94 4.91 4.88 4.73 4.71 4.71 4.73 4.76 4.79 4.82 5.04 5.01 4.94 4.94 4.94 5.00 5.06 5.06 5.06 5.06 5.06 5.06 5.06 5.31 5.31 5.31 5.31 5.31
5.44 5.44 5.44 5.44 5.44 5.62 5.62 5.60 5.53 5.49 5.51 5.61 5.63 5.39 5.35 5.40 5.50 5.66 6.03 6.06 5.88 5.78 5.91 6.08 6.01 5.80 5.66 5.39 5.30 5.20 5.36 5.50 5.50 5.31 5.32 5.46 5.59 5.65 5.52 5.26 5.20 5.19 5.19 5.12 5.07 4.80 4.49 4.45 4.71 4.99 5.31 5.56 5.41 5.11 5.05 5.14 5.21 5.07 4.90 4.76 4.63 4.55 4.67 4.80 4.99 5.13 5.12 5.13 5.07 5.00 5.00 5.00 5.06 5.05 5.04 5.05 5.06 5.06 5.06 5.31 5.31 5.31 5.31 5.31
5.44 5.44 5.44 5.44 5.44 5.44 5.43 5.40 5.39 5.19 5.28 5.37 5.40 5.24 5.14 5.27 5.51 5.89 6.44 6.58 6.14 5.91 6.21 6.62 6.45 5.95 5.62 5.24 5.12 5.14 5.33 5.37 5.37 5.38 5.26 5.50 5.63 5.82 5.73 5.35 5.21 5.19 5.19 5.11 4.88 4.45 3.70 3.69 4.39 5.06 5.82 6.42 6.07 5.36 5.21 5.54 5.68 5.33 4.94 4.61 4.29 4.31 4.65 4.97 5.31 5.65 5.47 5.23 5.09 5.00 5.00 5.00 5.06 5.04 5.02 5.02 5.05 5.06 5.06 5.31 5.31 5.31 5.31 5.44
5.44 5.44 5.44 5.44 5.44 5.44 5.43 5.40 5.26 5.09 5.13 5.36 5.39 5.22 5.11 5.25 5.51 5.92 6.52 6.61 6.06 5.78 6.15 6.65 6.44 5.84 5.46 5.11 5.03 5.19 5.22 5.25 5.37 5.38 5.51 5.39 5.62 5.86 5.76 5.36 5.10 5.19 5.06 4.86 4.87 4.35 3.58 3.58 4.34 5.07 5.89 6.54 6.16 5.39 5.23 5.59 5.73 5.37 4.94 4.59 4.24 4.27 4.63 4.98 5.45 5.76 5.57 5.39 5.27 5.25 5.25 5.25 5.06 5.04 5.02 5.02 5.04 5.12 5.31 5.31 5.31 5.31 5.44 5.44
5.44 5.44 5.44 5.44 5.44 5.44 5.37 5.36 5.30 5.24 5.26 5.32 5.33 5.36 5.31 5.38 5.50 5.71 6.00 6.04 5.78 5.64 5.82 6.06 5.96 5.67 5.48 5.18 5.08 5.29 5.23 5.25 5.31 5.44 5.44 5.35 5.46 5.61 5.47 5.16 5.08 5.06 5.06 4.87 4.81 4.58 4.26 4.26 4.65 5.00 5.40 5.73 5.54 5.16 5.08 5.17 5.26 5.07 4.91 4.74 4.56 4.62 4.81 4.98 5.19 5.31 5.28 5.32 5.26 5.25 5.25 5.25 5.06 5.05 5.04 5.04 5.11 5.12 5.12 5.31 5.31 5.31 5.44 5.44
5.44 5.44 5.44 5.37 5.37 5.37 5.37 5.37 5.36 5.34 5.35 5.36 5.37 5.35 5.34 5.47 5.50 5.55 5.61 5.62 5.56 5.53 5.57 5.63 5.60 5.54 5.31 5.29 5.11 5.24 5.25 5.31 5.31 5.44 5.44 5.32 5.35 5.37 5.30 5.08 5.07 5.06 5.06 4.87 4.86 4.81 4.67 4.73 4.87 4.95 5.04 5.11 5.07 4.99 4.85 4.89 4.91 4.87 4.82 4.90 4.86 4.87 4.91 4.95 4.99 4.97 5.12 5.08 5.31 5.31 5.25 5.25 5.06 5.06 5.06 5.06 5.12 5.12 5.12 5.31 5.31 5.44 5.44 5.44
5.44 5.44 5.44 5.44 5.37 5.37 5.37 5.37 5.37 5.37 5.37 5.37 5.37 5.37 5.37 5.37 5.50 5.50 5.51 5.51 5.51 5.50 5.51 5.51 5.51 5.32 5.31 5.31 5.12 5.25 5.25 5.06 5.31 5.44 5.44 5.31 5.32 5.32 5.25 5.25 5.06 5.06 5.06 4.87 4.75 4.74 4.74 4.86 4.93 4.94 4.95 4.96 4.95 4.94 4.82 4.82 4.82 4.82 4.94 4.93 4.93 4.93 4.93 4.94 4.88 4.88 5.07 5.06 5.31 5.31 5.31 5.31 5.31 5.06 5.06 5.12 5.12 5.12 5.25 5.25 5.25 5.44 5.44 5.44
5.44 5.44 5.44 5.44 5.44 5.37 5.37 5.37 5.37 5.37 5.37 5.37 5.37 5.37 5.37 5.37 5.37 5.50 5.50 5.50 5.50 5.50 5.50 5.50 5.31 5.31 5.31 5.31 5.19 5.19 5.25 5.31 5.31 5.37 5.44 5.31 5.38 5.38 5.25 5.25 5.06 5.06 4.94 4.75 4.75 4.75 4.75 4.81 4.81 4.94 4.94 4.94 4.94 4.94 4.94 4.81 4.81 4.81 4.94 4.94 4.94 4.94 4.94 4.94 5.13 5.13 5.06 5.06 5.31 5.31 5.31 5.31 5.31 5.12 4.88 5.12 5.13 5.25 5.25 5.25 5.25 5.25 5.44 5.44
5.44 5.44 5.44 5.44 5.44 5.37 5.37 5.38 5.38 5.38 5.38 5.38 5.37 5.37 5.37 5.37 5.37 5.50 5.50 5.50 5.50 5.50 5.50 5.31 5.31 5.31 5.31 5.31 5.25 5.25 5.25 5.31 5.31 5.37 5.25 5.19 5.37 5.37 5.12 5.12 5.06 5.06 4.75 4.75 4.75 4.75 4.75 4.82 4.81 4.81 4.94 4.94 4.94 4.94 4.94 4.81 4.81 4.81 4.94 4.94 4.94 4.94 5.12 5.12 5.12 5.31 5.31 5.31 5.31 5.31 5.31 5.31 5.31 5.31 5.38 5.13 5.25 5.25 5.25 5.25 5.25 5.25 5.31 5.31
5.44 5.44 5.44 5.44 5.37 5.37 5.38 5.38 5.38 5.39 5.39 5.38 5.37 5.37 5.36 5.37 5.37 5.37 5.49 5.49 5.49 5.49 5.29 5.27 5.28 5.30 5.31 5.37 5.24 5.25 5.25 5.31 5.37 5.37 5.25 5.19 5.37 5.37 5.37 5.12 5.06 4.94 4.75 4.75 4.76 4.78 4.81 4.87 4.84 4.83 4.85 5.00 4.98 4.95 4.93 4.79 4.79 4.92 4.93 4.92 4.91 5.09 5.11 5.12 5.12 5.30 5.31 5.31 5.25 5.31 5.31 5.31 5.31 5.31 5.38 5.31 5.31 5.31 5.44 5.25 5.25 5.25 5.26 5.33
5.44 5.44 5.44 5.37 5.37 5.38 5.38 5.39 5.44 5.50 5.48 5.41 5.37 5.32 5.30 5.33 5.36 5.35 5.41 5.41 5.45 5.27 5.17 5.05 5.10 5.23 5.23 5.32 5.20 5.22 5.18 5.25 5.37 5.37 5.25 5.19 5.19 5.37 5.37 5.19 4.94 4.94 4.75 4.75 4.79 4.94 5.16 5.16 5.00 4.92 5.08 5.25 5.14 5.04 4.90 4.79 4.65 4.83 4.89 4.85 4.92 4.92 5.04 5.10 5.11 5.25 5.27 5.24 5.25 5.25 5.44 5.44 5.44 5.25 5.31 5.31 5.31 5.44 5.44 5.44 5.44 5.44 5.30 5.43
5.44 5.44 5.44 5.37 5.37 5.38 5.38 5.42 5.57 5.74 5.69 5.49 5.35 5.22 5.15 5.23 5.32 5.29 5.18 5.21 5.21 5.19 4.88 4.53 4.64 5.02 5.18 5.17 5.15 5.12 5.17 5.25 5.25 5.37 5.37 5.31 5.19 5.37 5.19 5.19 5.12 5.12 4.88 4.76 4.98 5.41 6.05 6.05 5.39 5.14 5.61 6.13 5.81 5.13 4.83 4.50 4.33 4.61 4.80 4.81 4.49 4.52 4.86 5.06 5.07 5.17 5.24 5.37 5.24 5.25 5.44 5.44 5.44 5.25 5.31 5.31 5.31 5.31 5.31 5.31 5.31 5.46 5.55 5.63
5.44 5.44 5.37 5.37 5.37 5.38 5.38 5.44 5.64 5.88 5.80 5.53 5.33 5.16 5.06 5.17 5.29 5.25 5.10 5.05 5.14 5.09 4.69 4.23 4.42 4.93 5.15 5.12 5.03 5.09 5.16 5.25 5.25 5.37 5.37 5.31 5.31 5.31 5.19 5.19 5.12 5.12 4.94 4.95 5.02 5.60 6.48 6.48 5.68 5.36 5.97 6.64 6.25 5.39 4.83 4.36 4.20 4.55 5.00 4.78 4.29 4.33 4.84 5.13 5.20 5.07 5.17 5.35 5.42 5.44 5.38 5.38 5.38 5.50 5.31 5.31 5.31 5.31 5.31 5.31 5.32 5.34 5.50 5.80
5.44 5.44 5.44 5.44 5.37 5.38 5.38 5.42 5.54 5.69 5.64 5.47 5.35 5.24 5.18 5.25 5.32 5.20 5.14 5.13 5.18 5.15 4.90 4.62 4.73 5.05 5.24 5.19 5.09 5.13 5.17 5.25 5.25 5.37 5.37 5.31 5.31 5.12 5.31 5.31 5.12 5.12 4.94 4.95 5.03 5.43 5.87 5.87 5.40 5.20 5.58 6.00 5.78 5.24 4.90 4.60 4.64 4.88 5.09 4.96 4.65 4.67 5.00 5.18 5.29 5.21 5.27 5.38 5.43 5.44 5.38 5.38 5.44 5.50 5.31 5.31 5.31 5.31 5.31 5.31 5.31 5.27 5.48 5.64
5.44 5.44 5.44 5.44 5.44 5.38 5.38 5.39 5.42 5.46 5.45 5.40 5.37 5.34 5.32 5.23 5.24 5.24 5.11 5.11 5.23 5.22 5.15 5.07 5.10 5.25 5.29 5.28 5.16 5.17 5.18 5.25 5.25 5.31 5.37 5.31 5.31 5.12 5.12 5.31 5.25 5.25 4.94 4.94 4.96 5.12 5.16 5.16 5.18 5.01 5.12 5.24 5.22 5.19 5.15 5.05 5.02 5.14 5.21 5.28 5.08 5.09 5.18 5.23 5.23 5.37 5.39 5.42 5.44 5.37 5.38 5.50 5.44 5.31 5.31 5.31 5.31 5.31 5.31 5.25 5.25 5.38 5.40 5.45
5.44 5.44 5.44 5.44 5.44 5.44 5.38 5.38 5.38 5.39 5.38 5.32 5.31 5.31 5.25 5.25 5.25 5.12 5.12 5.12 5.12 5.25 5.24 5.23 5.23 5.31 5.31 5.31 5.18 5.19 5.25 5.25 5.25 5.37 5.37 5.31 5.12 5.12 5.12 5.31 5.25 5.25 5.00 5.06 5.07 5.02 5.03 5.10 5.08 5.07 5.15 5.16 5.15 5.13 5.31 5.29 5.17 5.24 5.24 5.36 5.35 5.35 5.36 5.25 5.25 5.43 5.43 5.44 5.44 5.44 5.44 5.50 5.50 5.31 5.31 5.31 5.31 5.31 5.25 5.25 5.38 5.38 5.38 5.51
5.44 5.44 5.44 5.44 5.44 5.44 5.37 5.38 5.31 5.31 5.31 5.31 5.31 5.31 5.25 5.12 5.12 5.12 5.12 5.12 5.12 5.12 5.12 5.25 5.31 5.31 5.31 5.31 5.19 5.25 5.25 5.25 5.25 5.37 5.37 5.31 5.12 5.12 5.12 5.12 5.25 5.25 5.06 5.06 5.06 5.06 5.00 5.06 5.25 5.25 5.25 5.13 5.13 5.31 5.31 5.31 5.19 5.25 5.25 5.25 5.37 5.37 5.37 5.37 5.25 5.25 5.44 5.44 5.44 5.44 5.50 5.50 5.50 5.50 5.31 5.19 5.25 5.25 5.25 5.25 5.38 5.38 5.50 5.50
5.50 5.50 5.50 5.50 5.50 5.50 5.37 5.37 5.37 5.31 5.31 5.31 5.31 5.31 5.19 5.19 5.19 5.19 5.19 5.19 5.12 5.12 5.12 5.31 5.31 5.31 5.31 5.31 5.37 5.19 5.44 5.31 5.25 5.37 5.19 5.12 5.12 5.12 5.12 5.12 5.00 5.00 5.12 5.06 5.12 5.06 5.13 5.25 5.25 5.25 5.25 5.38 5.31 5.31 5.31 5.37 5.37 5.25 5.25 5.25 5.44 5.44 5.37 5.38 5.38 5.63 5.63 5.63 5.63 5.63 5.44 5.50 5.50 5.50 5.38 5.25 5.25 5.19 5.19 5.19 5.38 5.56 5.69 5.69
5.48 5.49 5.50 5.50 5.50 5.44 5.44 5.44 5.44 5.31 5.31 5.31 5.31 5.19 5.19 5.19 5.19 5.18 5.16 5.16 5.17 5.18 5.31 5.31 5.31 5.31 5.31 5.37 5.37 5.44 5.44 5.31 5.25 5.25 5.25 5.00 5.12 5.11 5.11 5.00 4.94 5.12 5.12 5.12 5.12 5.06 5.19 5.19 5.25 5.25 5.38 5.38 5.37 5.37 5.37 5.36 5.36 5.36 5.37 5.44 5.44 5.44 5.44 5.63 5.63 5.69 5.63 5.63 5.63 5.44 5.44 5.50 5.50 5.44 5.45 5.38 5.25 5.19 5.38 5.38 5.38 5.69 5.69 5.69
5.31 5.37 5.40 5.43 5.44 5.44 5.44 5.44 5.44 5.31 5.31 5.31 5.31 5.19 5.19 5.19 5.17 5.09 4.95 4.93 5.06 5.16 5.18 5.31 5.31 5.44 5.44 5.44 5.37 5.31 5.44 5.25 5.25 5.25 5.06 4.98 4.93 4.88 4.90 4.97 4.93 5.12 5.12 5.12 5.12 5.12 5.19 5.19 5.31 5.31 5.38 5.37 5.37 5.37 5.33 5.24 5.21 5.28 5.35 5.56 5.56 5.69 5.69 5.69 5.63 5.69 5.63 5.63 5.44 5.44 5.44 5.56 5.44 5.47 5.50 5.44 5.40 5.38 5.38 5.38 5.50 5.50 5.69 5.69
4.76 4.98 5.30 5.42 5.44 5.44 5.44 5.44 5.31 5.31 5.31 5.31 5.31 5.31 5.19 5.18 5.12 4.81 4.29 4.21 4.71 5.08 5.18 5.31 5.31 5.44 5.44 5.44 5.37 5.37 5.44 5.44 5.25 5.25 5.05 4.93 4.73 4.53 4.63 4.87 4.92 4.94 5.12 5.12 5.12 5.31 5.25 5.37 5.31 5.31 5.38 5.37 5.37 5.35 5.19 4.87 4.73 5.01 5.28 5.55 5.56 5.81 5.81 5.69 5.63 5.63 5.63 5.44 5.44 5.44 5.38 5.38 5.47 5.56 5.76 5.74 5.64 5.58 5.56 5.56 5.50 5.50 5.69 5.69
4.21 4.64 5.19 5.40 5.44 5.44 5.44 5.44 5.31 5.31 5.31 5.31 5.31 5.31 5.19 5.18 5.06 4.53 3.62 3.50 4.36 5.00 5.17 5.19 5.31 5.31 5.31 5.44 5.37 5.44 5.44 5.50 5.50 5.06 5.05 4.88 4.53 4.19 4.36 4.77 4.90 4.93 5.12 5.25 5.25 5.31 5.31 5.37 5.37 5.31 5.31 5.37 5.37 5.32 5.06 4.49 4.26 4.87 5.43 5.79 5.81 5.81 5.81 5.69 5.69 5.63 5.44 5.44 5.38 5.38 5.38 5.38 5.49 5.73 5.90 5.87 5.69 5.59 5.56 5.56 5.69 5.69 5.69 5.69
