data/Validacao/U081015l.grd
DSAA
94	94
0.0000	100.0000
0.0000	100.0000
4.1286	7.8932
[rows 0 to 37 of 94, columns 0 to 83 of 94]
5.25 5.27 5.29 5.31 5.32 5.34 5.35 5.32 5.32 5.31 5.30 5.29 5.27 5.25 5.22 5.19 5.17 5.14 5.11 5.09 5.07 5.09 5.08 5.07 5.06 5.04 5.03 5.04 5.02 5.02 5.00 4.98 4.97 4.95 4.93 4.91 4.89 4.89 4.93 5.00 5.08 5.15 5.22 5.27 5.33 5.39 5.44 5.48 5.52 5.55 5.60 5.62 5.65 5.67 5.70 5.70 5.70 5.67 5.64 5.62 5.57 5.53 5.48 5.42 5.37 5.32 5.35 5.31 5.27 5.21 5.18 5.15 5.12 5.11 5.09 5.09 5.09 5.12 5.13 5.15 5.16 5.19 5.21 5.24
5.27 5.29 5.31 5.33 5.35 5.36 5.38 5.38 5.39 5.35 5.34 5.32 5.30 5.27 5.25 5.22 5.19 5.16 5.13 5.11 5.09 5.10 5.10 5.09 5.09 5.08 5.06 5.06 5.05 5.03 5.02 5.01 4.99 4.97 4.96 4.94 4.93 4.94 4.97 5.04 5.11 5.18 5.25 5.30 5.36 5.42 5.47 5.51 5.55 5.59 5.63 5.65 5.68 5.70 5.72 5.73 5.72 5.70 5.67 5.64 5.59 5.54 5.49 5.42 5.37 5.35 5.33 5.28 5.24 5.18 5.15 5.11 5.09 5.07 5.05 5.07 5.07 5.08 5.10 5.11 5.13 5.16 5.18 5.21
5.30 5.31 5.33 5.35 5.37 5.39 5.40 5.41 5.42 5.41 5.37 5.36 5.33 5.30 5.27 5.24 5.21 5.18 5.16 5.13 5.11 5.10 5.12 5.11 5.11 5.11 5.13 5.09 5.08 5.06 5.05 5.03 5.02 5.01 5.00 4.99 4.99 5.01 5.03 5.08 5.15 5.21 5.29 5.34 5.40 5.46 5.50 5.55 5.59 5.62 5.65 5.68 5.70 5.71 5.73 5.75 5.74 5.72 5.69 5.66 5.61 5.56 5.50 5.42 5.40 5.33 5.27 5.25 5.18 5.14 5.11 5.07 5.05 5.03 5.04 5.04 5.04 5.05 5.06 5.08 5.10 5.13 5.15 5.18
5.32 5.34 5.36 5.38 5.40 5.42 5.44 5.45 5.45 5.45 5.44 5.42 5.37 5.34 5.30 5.27 5.23 5.20 5.18 5.16 5.14 5.12 5.11 5.13 5.13 5.16 5.16 5.14 5.11 5.10 5.08 5.07 5.05 5.06 5.05 5.04 5.04 5.06 5.09 5.14 5.19 5.25 5.32 5.38 5.44 5.50 5.54 5.58 5.63 5.66 5.68 5.70 5.73 5.74 5.76 5.77 5.76 5.75 5.72 5.67 5.63 5.57 5.50 5.45 5.38 5.31 5.25 5.19 5.14 5.10 5.07 5.03 5.01 5.01 5.00 5.00 5.01 5.02 5.03 5.05 5.07 5.10 5.12 5.15
5.35 5.37 5.39 5.41 5.43 5.46 5.48 5.49 5.49 5.49 5.48 5.46 5.43 5.37 5.33 5.29 5.26 5.22 5.20 5.18 5.16 5.14 5.13 5.16 5.18 5.18 5.19 5.19 5.15 5.14 5.12 5.10 5.07 5.10 5.09 5.09 5.10 5.12 5.15 5.19 5.24 5.30 5.37 5.43 5.48 5.53 5.58 5.62 5.66 5.68 5.71 5.73 5.74 5.76 5.78 5.79 5.79 5.78 5.74 5.69 5.63 5.57 5.52 5.44 5.36 5.29 5.22 5.16 5.10 5.06 5.03 5.00 4.97 4.98 4.97 4.97 4.97 4.98 5.00 5.02 5.04 5.06 5.09 5.12
5.37 5.39 5.41 5.44 5.47 5.49 5.51 5.53 5.54 5.54 5.52 5.50 5.46 5.42 5.38 5.32 5.28 5.24 5.21 5.20 5.18 5.16 5.15 5.16 5.20 5.21 5.22 5.23 5.21 5.18 5.16 5.15 5.13 5.15 5.14 5.14 5.15 5.16 5.20 5.23 5.28 5.34 5.39 5.47 5.52 5.57 5.62 5.66 5.68 5.71 5.72 5.73 5.75 5.78 5.80 5.81 5.81 5.81 5.77 5.71 5.64 5.59 5.51 5.42 5.33 5.25 5.18 5.12 5.07 5.02 4.99 4.96 4.96 4.94 4.93 4.93 4.94 4.95 4.96 4.98 5.00 5.03 5.06 5.09
5.39 5.41 5.44 5.47 5.50 5.53 5.55 5.58 5.59 5.59 5.57 5.54 5.49 5.45 5.40 5.36 5.30 5.26 5.23 5.21 5.20 5.18 5.19 5.18 5.18 5.24 5.25 5.27 5.24 5.22 5.21 5.19 5.19 5.17 5.19 5.19 5.20 5.20 5.24 5.27 5.32 5.37 5.42 5.50 5.56 5.61 5.66 5.69 5.71 5.72 5.73 5.74 5.77 5.79 5.82 5.84 5.86 5.83 5.79 5.73 5.67 5.58 5.50 5.40 5.30 5.22 5.14 5.08 5.03 4.98 4.95 4.92 4.92 4.90 4.90 4.90 4.90 4.91 4.93 4.95 4.97 5.00 5.03 5.06
5.41 5.43 5.46 5.49 5.52 5.56 5.59 5.62 5.65 5.65 5.63 5.58 5.53 5.47 5.42 5.37 5.33 5.28 5.24 5.22 5.21 5.22 5.21 5.20 5.20 5.26 5.28 5.30 5.28 5.27 5.25 5.23 5.23 5.21 5.23 5.23 5.24 5.24 5.27 5.31 5.35 5.40 5.45 5.53 5.59 5.65 5.70 5.72 5.73 5.73 5.72 5.73 5.76 5.80 5.84 5.86 5.88 5.87 5.82 5.77 5.68 5.58 5.47 5.37 5.26 5.17 5.10 5.04 4.95 4.91 4.90 4.91 4.89 4.87 4.86 4.86 4.86 4.88 4.89 4.91 4.94 4.96 4.99 5.01
5.43 5.45 5.48 5.51 5.55 5.58 5.62 5.66 5.70 5.71 5.69 5.63 5.56 5.49 5.43 5.38 5.34 5.31 5.26 5.23 5.23 5.23 5.22 5.22 5.22 5.24 5.31 5.34 5.32 5.31 5.29 5.28 5.26 5.25 5.26 5.26 5.27 5.27 5.30 5.33 5.37 5.41 5.46 5.52 5.61 5.68 5.73 5.75 5.74 5.71 5.70 5.71 5.74 5.80 5.86 5.90 5.92 5.91 5.85 5.78 5.69 5.58 5.46 5.35 5.22 5.12 5.05 4.96 4.92 4.88 4.86 4.88 4.86 4.83 4.82 4.82 4.83 4.84 4.85 4.87 4.90 4.93 4.94 4.98
5.44 5.46 5.49 5.52 5.56 5.60 5.65 5.69 5.74 5.78 5.74 5.66 5.58 5.50 5.43 5.39 5.36 5.33 5.29 5.26 5.24 5.24 5.23 5.23 5.24 5.26 5.28 5.38 5.37 5.34 5.32 5.31 5.29 5.29 5.28 5.28 5.28 5.30 5.32 5.35 5.38 5.42 5.46 5.52 5.59 5.68 5.75 5.77 5.74 5.69 5.67 5.67 5.71 5.78 5.86 5.92 5.98 5.92 5.85 5.78 5.70 5.59 5.45 5.31 5.19 5.06 4.97 4.93 4.89 4.85 4.83 4.84 4.83 4.79 4.79 4.78 4.79 4.80 4.82 4.84 4.84 4.87 4.91 4.95
5.44 5.47 5.50 5.53 5.57 5.61 5.65 5.70 5.74 5.77 5.75 5.68 5.60 5.52 5.46 5.42 5.38 5.36 5.33 5.31 5.30 5.26 5.25 5.25 5.26 5.28 5.30 5.39 5.40 5.35 5.33 5.32 5.31 5.31 5.30 5.30 5.30 5.30 5.33 5.35 5.38 5.41 5.45 5.50 5.56 5.65 5.71 5.73 5.67 5.65 5.64 5.65 5.69 5.76 5.87 5.92 5.94 5.89 5.84 5.77 5.68 5.58 5.45 5.31 5.17 5.04 4.97 4.92 4.87 4.83 4.83 4.80 4.76 4.76 4.75 4.74 4.75 4.76 4.78 4.77 4.80 4.84 4.88 4.92
5.44 5.47 5.50 5.53 5.57 5.61 5.65 5.69 5.72 5.73 5.72 5.67 5.61 5.55 5.50 5.45 5.43 5.39 5.36 5.34 5.32 5.31 5.31 5.27 5.28 5.29 5.30 5.32 5.39 5.34 5.34 5.33 5.31 5.32 5.31 5.30 5.31 5.31 5.32 5.35 5.37 5.39 5.42 5.46 5.51 5.56 5.62 5.63 5.60 5.60 5.60 5.62 5.67 5.76 5.81 5.85 5.87 5.84 5.80 5.73 5.66 5.56 5.45 5.32 5.19 5.08 4.99 4.93 4.87 4.86 4.81 4.77 4.74 4.72 4.71 4.70 4.71 4.72 4.71 4.74 4.77 4.81 4.85 4.89
5.44 5.47 5.49 5.52 5.56 5.59 5.63 5.66 5.69 5.70 5.69 5.66 5.62 5.57 5.54 5.50 5.46 5.43 5.40 5.37 5.35 5.33 5.32 5.32 5.29 5.29 5.30 5.31 5.37 5.33 5.33 5.32 5.31 5.32 5.31 5.31 5.31 5.31 5.31 5.33 5.34 5.36 5.38 5.40 5.44 5.47 5.49 5.50 5.51 5.53 5.55 5.58 5.66 5.71 5.75 5.78 5.81 5.79 5.76 5.70 5.63 5.55 5.45 5.34 5.22 5.11 5.02 4.94 4.87 4.85 4.80 4.75 4.71 4.68 4.67 4.66 4.67 4.66 4.68 4.71 4.75 4.79 4.82 4.86
5.45 5.47 5.50 5.53 5.55 5.58 5.61 5.64 5.66 5.67 5.66 5.64 5.62 5.61 5.57 5.53 5.50 5.46 5.44 5.40 5.38 5.35 5.34 5.33 5.33 5.29 5.29 5.29 5.36 5.32 5.31 5.31 5.30 5.31 5.31 5.31 5.31 5.30 5.31 5.31 5.31 5.33 5.33 5.34 5.35 5.37 5.39 5.39 5.42 5.44 5.54 5.56 5.60 5.64 5.69 5.72 5.75 5.76 5.72 5.67 5.61 5.53 5.45 5.35 5.25 5.14 5.05 4.96 4.92 4.85 4.79 4.74 4.69 4.65 4.63 4.62 4.61 4.62 4.65 4.68 4.73 4.76 4.80 4.83
5.44 5.47 5.49 5.52 5.55 5.58 5.60 5.63 5.63 5.64 5.64 5.64 5.64 5.62 5.59 5.56 5.53 5.50 5.47 5.43 5.40 5.37 5.35 5.33 5.33 5.33 5.28 5.28 5.29 5.29 5.29 5.29 5.29 5.30 5.30 5.30 5.30 5.29 5.29 5.28 5.27 5.26 5.27 5.27 5.26 5.26 5.27 5.28 5.31 5.41 5.44 5.48 5.53 5.58 5.63 5.66 5.69 5.71 5.68 5.65 5.60 5.53 5.45 5.36 5.27 5.17 5.11 5.02 4.93 4.85 4.78 4.72 4.66 4.60 4.57 4.57 4.58 4.60 4.63 4.67 4.70 4.74 4.78 4.81
5.43 5.46 5.48 5.51 5.54 5.57 5.58 5.60 5.62 5.63 5.64 5.65 5.65 5.63 5.62 5.60 5.57 5.55 5.51 5.47 5.42 5.39 5.36 5.33 5.32 5.31 5.31 5.26 5.21 5.27 5.27 5.27 5.28 5.28 5.29 5.30 5.30 5.28 5.28 5.26 5.24 5.22 5.20 5.19 5.17 5.16 5.16 5.17 5.27 5.30 5.35 5.40 5.45 5.51 5.55 5.61 5.65 5.67 5.65 5.63 5.58 5.53 5.45 5.37 5.30 5.20 5.11 5.01 4.94 4.86 4.77 4.70 4.63 4.58 4.55 4.53 4.54 4.57 4.61 4.64 4.68 4.72 4.76 4.80
5.43 5.45 5.48 5.50 5.53 5.56 5.58 5.59 5.60 5.61 5.62 5.65 5.65 5.65 5.65 5.63 5.61 5.59 5.55 5.50 5.45 5.41 5.37 5.33 5.31 5.29 5.29 5.29 5.17 5.24 5.24 5.25 5.26 5.27 5.28 5.29 5.29 5.28 5.26 5.24 5.20 5.17 5.13 5.09 5.08 5.05 5.02 5.04 5.14 5.19 5.25 5.31 5.38 5.44 5.50 5.56 5.60 5.63 5.65 5.60 5.57 5.52 5.46 5.38 5.30 5.22 5.13 5.02 4.95 4.86 4.77 4.71 4.61 4.55 4.51 4.50 4.51 4.55 4.59 4.63 4.67 4.71 4.75 4.79
5.42 5.44 5.47 5.50 5.53 5.55 5.57 5.57 5.58 5.59 5.62 5.64 5.66 5.68 5.68 5.67 5.65 5.62 5.59 5.53 5.47 5.42 5.37 5.33 5.29 5.27 5.26 5.26 5.16 5.20 5.19 5.22 5.23 5.24 5.26 5.28 5.28 5.27 5.25 5.21 5.17 5.12 5.07 5.02 4.97 4.95 4.89 4.95 5.02 5.08 5.15 5.23 5.30 5.38 5.45 5.51 5.56 5.60 5.59 5.58 5.56 5.52 5.46 5.39 5.31 5.24 5.16 5.07 4.97 4.89 4.79 4.70 4.60 4.52 4.47 4.46 4.48 4.53 4.59 4.62 4.66 4.71 4.75 4.78
5.41 5.44 5.47 5.50 5.53 5.55 5.57 5.58 5.58 5.58 5.61 5.65 5.69 5.71 5.72 5.70 5.68 5.65 5.62 5.57 5.50 5.43 5.37 5.31 5.27 5.25 5.24 5.16 5.13 5.20 5.21 5.19 5.20 5.22 5.23 5.26 5.32 5.27 5.29 5.18 5.13 5.07 5.01 4.95 4.94 4.86 4.77 4.81 4.91 4.99 5.07 5.15 5.23 5.31 5.40 5.47 5.53 5.55 5.55 5.55 5.54 5.50 5.44 5.38 5.32 5.26 5.17 5.08 4.97 4.90 4.81 4.71 4.60 4.51 4.43 4.43 4.47 4.54 4.60 4.62 4.67 4.71 4.75 4.83
5.42 5.45 5.48 5.51 5.54 5.56 5.58 5.59 5.60 5.61 5.64 5.67 5.71 5.73 5.74 5.73 5.71 5.68 5.64 5.59 5.52 5.44 5.37 5.30 5.26 5.24 5.22 5.15 5.16 5.13 5.17 5.23 5.26 5.29 5.27 5.33 5.31 5.35 5.28 5.27 5.21 5.10 5.07 5.01 4.88 4.80 4.71 4.74 4.85 4.93 5.01 5.09 5.17 5.26 5.34 5.41 5.47 5.49 5.50 5.50 5.49 5.46 5.41 5.35 5.31 5.29 5.23 5.12 5.02 4.91 4.82 4.72 4.62 4.53 4.45 4.45 4.51 4.54 4.61 4.67 4.71 4.76 4.81 4.84
5.45 5.47 5.50 5.53 5.56 5.58 5.60 5.64 5.64 5.65 5.68 5.71 5.74 5.76 5.76 5.75 5.73 5.70 5.65 5.59 5.52 5.45 5.37 5.31 5.27 5.24 5.21 5.20 5.16 5.14 5.14 5.20 5.23 5.25 5.28 5.29 5.30 5.30 5.27 5.23 5.17 5.11 5.04 4.98 4.90 4.82 4.80 4.76 4.83 4.90 4.97 5.05 5.12 5.20 5.27 5.34 5.39 5.43 5.42 5.43 5.42 5.40 5.37 5.32 5.26 5.26 5.21 5.11 5.03 4.93 4.84 4.76 4.67 4.60 4.55 4.55 4.54 4.58 4.63 4.70 4.75 4.79 4.83 4.86
5.49 5.51 5.54 5.56 5.59 5.61 5.64 5.67 5.69 5.70 5.73 5.75 5.77 5.79 5.79 5.78 5.75 5.72 5.67 5.60 5.52 5.45 5.39 5.32 5.27 5.23 5.20 5.18 5.14 5.13 5.13 5.17 5.20 5.22 5.25 5.26 5.26 5.25 5.24 5.20 5.14 5.09 5.02 4.97 4.91 4.84 4.86 4.87 4.85 4.90 4.95 5.02 5.09 5.16 5.21 5.28 5.33 5.36 5.39 5.36 5.36 5.34 5.31 5.26 5.21 5.22 5.17 5.10 5.02 4.94 4.87 4.81 4.73 4.68 4.65 4.65 4.62 4.65 4.68 4.75 4.79 4.82 4.85 4.88
5.47 5.55 5.57 5.60 5.62 5.65 5.69 5.71 5.73 5.75 5.78 5.80 5.82 5.83 5.82 5.81 5.78 5.74 5.68 5.61 5.53 5.46 5.39 5.33 5.27 5.22 5.18 5.22 5.13 5.12 5.12 5.12 5.17 5.20 5.22 5.23 5.23 5.22 5.21 5.18 5.12 5.07 5.02 4.98 4.92 4.88 4.86 4.92 4.88 4.91 4.95 5.01 5.06 5.12 5.17 5.22 5.26 5.29 5.29 5.29 5.29 5.27 5.24 5.20 5.23 5.19 5.15 5.10 5.03 4.97 4.92 4.86 4.81 4.77 4.75 4.70 4.70 4.72 4.77 4.80 4.83 4.86 4.89 4.90
5.50 5.52 5.55 5.59 5.66 5.70 5.73 5.75 5.78 5.81 5.83 5.85 5.86 5.87 5.86 5.84 5.81 5.77 5.70 5.62 5.54 5.47 5.40 5.33 5.26 5.21 5.22 5.21 5.12 5.11 5.10 5.11 5.12 5.17 5.19 5.21 5.21 5.20 5.19 5.16 5.11 5.08 5.04 5.00 4.96 4.92 4.90 4.97 4.96 4.93 4.96 5.00 5.05 5.09 5.14 5.17 5.21 5.23 5.23 5.23 5.22 5.20 5.17 5.14 5.19 5.16 5.16 5.10 5.05 5.01 4.97 4.93 4.88 4.85 4.83 4.78 4.79 4.81 4.83 4.86 4.88 4.90 4.92 4.94
5.52 5.54 5.58 5.61 5.66 5.69 5.77 5.80 5.83 5.85 5.88 5.90 5.92 5.92 5.91 5.89 5.85 5.79 5.72 5.64 5.57 5.48 5.40 5.32 5.25 5.24 5.21 5.20 5.15 5.09 5.09 5.10 5.11 5.13 5.18 5.20 5.20 5.19 5.19 5.16 5.15 5.11 5.08 5.03 5.00 4.97 4.95 5.01 5.00 5.00 4.98 5.01 5.04 5.08 5.11 5.14 5.16 5.18 5.17 5.16 5.15 5.13 5.17 5.17 5.16 5.15 5.13 5.11 5.07 5.05 5.02 5.00 4.98 4.97 4.91 4.89 4.87 4.88 4.90 4.92 4.93 4.95 4.98 4.99
5.53 5.56 5.59 5.65 5.68 5.71 5.75 5.79 5.87 5.90 5.92 5.95 5.97 5.98 5.96 5.93 5.89 5.82 5.75 5.66 5.58 5.49 5.40 5.32 5.29 5.24 5.20 5.18 5.13 5.08 5.09 5.10 5.11 5.14 5.18 5.20 5.20 5.19 5.18 5.18 5.17 5.16 5.12 5.09 5.04 5.02 5.00 5.07 5.05 5.04 5.04 5.02 5.04 5.07 5.09 5.11 5.13 5.13 5.12 5.11 5.09 5.13 5.13 5.13 5.13 5.14 5.13 5.12 5.07 5.09 5.08 5.07 5.07 5.06 4.99 4.94 4.94 4.94 4.96 4.97 4.99 5.00 5.01 5.03
5.55 5.58 5.63 5.66 5.69 5.73 5.76 5.80 5.84 5.94 5.97 5.99 6.02 6.03 6.02 5.98 5.93 5.86 5.78 5.69 5.60 5.50 5.41 5.36 5.29 5.23 5.19 5.16 5.11 5.07 5.08 5.10 5.13 5.15 5.17 5.21 5.21 5.21 5.20 5.21 5.22 5.20 5.16 5.14 5.10 5.07 5.06 5.05 5.09 5.08 5.08 5.08 5.09 5.07 5.09 5.10 5.11 5.10 5.08 5.06 5.09 5.09 5.10 5.11 5.12 5.14 5.15 5.10 5.10 5.09 5.11 5.11 5.11 5.10 5.03 5.01 5.01 5.00 5.01 5.02 5.04 5.05 5.07 5.09
5.56 5.60 5.64 5.67 5.70 5.74 5.77 5.81 5.85 5.89 5.93 6.03 6.06 6.08 6.08 6.04 5.97 5.89 5.81 5.72 5.62 5.51 5.45 5.37 5.30 5.24 5.19 5.02 4.99 4.96 4.98 5.01 5.15 5.07 5.09 5.12 5.24 5.23 5.26 5.17 5.17 5.16 5.14 5.19 5.08 5.06 5.05 5.04 5.15 5.14 5.12 5.12 5.12 5.12 5.10 5.10 5.10 5.09 5.06 5.08 5.05 5.06 5.09 5.11 5.13 5.11 5.13 5.14 5.13 5.14 5.17 5.17 5.18 5.18 5.08 5.07 5.07 5.07 5.07 5.07 5.08 5.09 5.10 5.12
5.63 5.61 5.64 5.67 5.70 5.74 5.77 5.81 5.85 5.89 5.93 5.96 6.00 6.04 6.06 6.00 5.94 5.92 5.84 5.77 5.68 5.49 5.39 5.29 5.20 5.14 5.07 4.99 4.95 4.98 4.97 5.00 5.03 5.07 5.09 5.13 5.15 5.11 5.20 5.19 5.20 5.18 5.15 5.13 5.12 5.10 5.08 5.08 5.11 5.10 5.09 5.09 5.09 5.10 5.17 5.16 5.11 5.14 5.08 5.04 5.00 5.01 5.05 5.08 5.11 5.13 5.15 5.17 5.19 5.21 5.17 5.17 5.17 5.14 5.14 5.13 5.12 5.12 5.11 5.11 5.11 5.11 5.12 5.12
5.64 5.65 5.64 5.67 5.70 5.73 5.76 5.80 5.83 5.87 5.90 5.94 5.97 6.00 6.01 5.97 5.91 5.84 5.71 5.64 5.58 5.48 5.38 5.29 5.20 5.13 5.07 5.00 4.97 4.95 4.97 5.01 5.04 5.08 5.11 5.10 5.11 5.16 5.14 5.15 5.23 5.21 5.18 5.16 5.14 5.13 5.12 5.11 5.15 5.14 5.13 5.13 5.12 5.13 5.13 5.10 5.08 5.13 5.10 5.07 5.05 5.06 5.08 5.11 5.14 5.16 5.19 5.21 5.24 5.26 5.21 5.22 5.18 5.20 5.19 5.18 5.17 5.16 5.15 5.14 5.13 5.11 5.12 5.11
5.64 5.66 5.68 5.66 5.68 5.71 5.74 5.77 5.80 5.83 5.87 5.89 5.92 5.93 5.94 5.87 5.82 5.74 5.69 5.61 5.51 5.43 5.34 5.29 5.20 5.14 5.07 5.02 5.00 4.97 4.99 5.02 5.05 5.04 5.07 5.11 5.13 5.18 5.19 5.17 5.19 5.19 5.22 5.20 5.18 5.16 5.16 5.15 5.13 5.17 5.17 5.16 5.16 5.16 5.13 5.14 5.14 5.12 5.11 5.11 5.11 5.13 5.14 5.19 5.22 5.20 5.23 5.26 5.28 5.24 5.26 5.25 5.23 5.25 5.24 5.23 5.22 5.20 5.18 5.16 5.14 5.13 5.11 5.07
5.65 5.66 5.67 5.69 5.70 5.72 5.71 5.73 5.76 5.79 5.82 5.84 5.86 5.84 5.83 5.79 5.74 5.70 5.64 5.56 5.48 5.39 5.32 5.24 5.18 5.14 5.08 5.04 5.02 4.99 5.02 5.01 5.03 5.06 5.09 5.13 5.19 5.21 5.22 5.19 5.21 5.21 5.18 5.18 5.23 5.19 5.18 5.16 5.16 5.19 5.20 5.20 5.20 5.20 5.21 5.21 5.19 5.22 5.20 5.16 5.16 5.16 5.21 5.25 5.27 5.25 5.28 5.30 5.28 5.30 5.32 5.30 5.30 5.30 5.29 5.28 5.26 5.23 5.21 5.18 5.15 5.12 5.09 5.05
5.64 5.65 5.66 5.67 5.68 5.70 5.71 5.72 5.71 5.74 5.72 5.73 5.76 5.75 5.74 5.71 5.68 5.64 5.58 5.50 5.43 5.36 5.28 5.22 5.16 5.10 5.06 5.05 5.01 5.02 5.04 5.01 5.04 5.07 5.10 5.14 5.21 5.24 5.25 5.25 5.23 5.23 5.20 5.19 5.26 5.24 5.20 5.19 5.20 5.20 5.21 5.23 5.23 5.24 5.25 5.26 5.24 5.28 5.26 5.24 5.21 5.21 5.25 5.27 5.29 5.34 5.29 5.30 5.32 5.34 5.34 5.36 5.36 5.36 5.35 5.33 5.32 5.28 5.25 5.21 5.17 5.12 5.08 5.03
5.64 5.65 5.65 5.66 5.66 5.67 5.67 5.68 5.66 5.63 5.63 5.64 5.71 5.71 5.69 5.63 5.60 5.57 5.56 5.50 5.38 5.31 5.24 5.22 5.12 5.08 5.04 5.03 4.97 4.98 5.00 5.01 5.04 5.07 5.13 5.20 5.24 5.26 5.28 5.28 5.27 5.25 5.24 5.20 5.21 5.19 5.18 5.22 5.22 5.22 5.23 5.28 5.27 5.29 5.30 5.34 5.35 5.34 5.32 5.30 5.30 5.32 5.29 5.31 5.33 5.38 5.35 5.37 5.38 5.40 5.43 5.42 5.43 5.43 5.42 5.41 5.38 5.34 5.29 5.24 5.18 5.13 5.08 5.03
5.63 5.64 5.63 5.63 5.63 5.63 5.63 5.64 5.64 5.65 5.63 5.64 5.64 5.63 5.62 5.59 5.59 5.55 5.51 5.46 5.40 5.33 5.26 5.20 5.15 5.04 5.01 4.95 4.94 4.97 4.98 5.00 5.05 5.09 5.13 5.23 5.26 5.29 5.31 5.32 5.32 5.27 5.25 5.24 5.20 5.18 5.17 5.18 5.23 5.23 5.30 5.31 5.32 5.36 5.38 5.41 5.42 5.41 5.40 5.37 5.36 5.38 5.39 5.38 5.40 5.47 5.40 5.42 5.43 5.47 5.49 5.48 5.49 5.52 5.50 5.48 5.44 5.39 5.34 5.27 5.19 5.14 5.08 5.02
5.63 5.62 5.62 5.61 5.60 5.60 5.59 5.59 5.59 5.59 5.58 5.58 5.56 5.55 5.54 5.52 5.52 5.50 5.47 5.42 5.36 5.29 5.23 5.17 5.12 5.06 5.03 5.02 4.89 4.96 4.98 5.00 5.04 5.09 5.17 5.25 5.31 5.35 5.36 5.35 5.33 5.27 5.25 5.23 5.22 5.19 5.15 5.16 5.27 5.28 5.31 5.33 5.35 5.40 5.44 5.47 5.49 5.48 5.46 5.46 5.46 5.41 5.41 5.41 5.44 5.52 5.45 5.46 5.49 5.52 5.54 5.55 5.58 5.59 5.59 5.56 5.51 5.45 5.37 5.30 5.22 5.14 5.08 5.01
5.62 5.61 5.60 5.58 5.57 5.55 5.54 5.53 5.52 5.52 5.51 5.50 5.50 5.47 5.46 5.47 5.46 5.45 5.43 5.39 5.32 5.25 5.19 5.12 5.08 5.02 4.99 4.98 4.87 4.88 4.94 4.97 5.01 5.06 5.16 5.25 5.33 5.39 5.39 5.36 5.33 5.29 5.23 5.21 5.20 5.21 5.17 5.19 5.27 5.28 5.31 5.34 5.38 5.43 5.48 5.54 5.56 5.54 5.50 5.51 5.50 5.47 5.48 5.45 5.48 5.51 5.49 5.52 5.54 5.56 5.62 5.66 5.65 5.67 5.68 5.65 5.58 5.49 5.40 5.31 5.23 5.15 5.07 4.99
5.60 5.59 5.57 5.54 5.52 5.50 5.48 5.47 5.46 5.44 5.43 5.43 5.42 5.41 5.38 5.39 5.39 5.38 5.38 5.34 5.27 5.20 5.13 5.08 5.01 4.98 4.96 4.94 4.80 4.93 4.94 4.96 5.00 5.04 5.12 5.22 5.32 5.42 5.39 5.34 5.31 5.26 5.20 5.20 5.19 5.19 5.20 5.27 5.27 5.29 5.31 5.33 5.38 5.44 5.50 5.58 5.62 5.60 5.56 5.51 5.50 5.50 5.51 5.49 5.50 5.54 5.55 5.56 5.59 5.63 5.66 5.71 5.70 5.74 5.77 5.73 5.63 5.53 5.43 5.33 5.24 5.15 5.07 4.99
