data/Validacao/U081015l.grd
DSAA
94	94
0.0000	100.0000
0.0000	100.0000
4.1286	7.8932
[rows 38 to 75 of 94, columns 0 to 83 of 94]
5.60 5.57 5.54 5.50 5.47 5.45 5.42 5.40 5.38 5.37 5.35 5.34 5.33 5.32 5.32 5.31 5.30 5.30 5.29 5.26 5.20 5.14 5.07 5.00 4.95 4.92 4.85 4.83 4.82 4.83 4.85 4.90 4.94 5.01 5.06 5.16 5.25 5.33 5.32 5.28 5.25 5.23 5.20 5.15 5.13 5.13 5.15 5.13 5.19 5.26 5.28 5.34 5.40 5.46 5.54 5.61 5.62 5.60 5.56 5.52 5.51 5.51 5.52 5.55 5.58 5.52 5.57 5.58 5.63 5.66 5.70 5.71 5.74 5.77 5.78 5.74 5.65 5.55 5.44 5.35 5.26 5.16 5.08 5.00
5.56 5.54 5.50 5.47 5.43 5.39 5.36 5.33 5.30 5.28 5.27 5.26 5.25 5.24 5.23 5.23 5.23 5.21 5.20 5.17 5.12 5.05 4.99 4.93 4.85 4.81 4.78 4.75 4.75 4.76 4.78 4.82 4.89 4.94 5.01 5.09 5.14 5.20 5.20 5.19 5.19 5.16 5.14 5.11 5.10 5.09 5.10 5.09 5.12 5.18 5.27 5.31 5.36 5.44 5.50 5.56 5.57 5.57 5.55 5.51 5.51 5.51 5.53 5.55 5.50 5.52 5.56 5.65 5.66 5.69 5.73 5.74 5.76 5.77 5.77 5.73 5.65 5.55 5.46 5.36 5.27 5.18 5.10 5.02
5.54 5.51 5.47 5.43 5.39 5.34 5.30 5.26 5.23 5.20 5.18 5.17 5.16 5.15 5.15 5.15 5.14 5.13 5.11 5.08 5.02 4.97 4.91 4.86 4.78 4.73 4.69 4.67 4.66 4.67 4.69 4.73 4.78 4.86 4.91 4.97 5.05 5.08 5.09 5.10 5.10 5.08 5.06 5.03 5.03 5.02 5.03 5.02 5.08 5.13 5.19 5.27 5.34 5.40 5.44 5.48 5.51 5.53 5.52 5.51 5.50 5.51 5.53 5.49 5.50 5.53 5.58 5.63 5.70 5.74 5.75 5.76 5.77 5.78 5.76 5.72 5.65 5.57 5.47 5.39 5.29 5.20 5.11 5.03
5.51 5.48 5.44 5.39 5.35 5.30 5.25 5.20 5.16 5.13 5.11 5.10 5.10 5.08 5.07 5.07 5.06 5.05 5.03 4.99 4.94 4.89 4.84 4.76 4.70 4.66 4.61 4.57 4.58 4.58 4.61 4.64 4.68 4.77 4.83 4.90 4.95 4.98 5.00 5.01 5.01 5.01 4.98 4.95 4.95 4.94 4.95 4.99 5.02 5.07 5.14 5.24 5.30 5.33 5.39 5.43 5.47 5.47 5.48 5.49 5.48 5.50 5.47 5.49 5.51 5.53 5.58 5.63 5.68 5.75 5.77 5.78 5.80 5.80 5.78 5.71 5.66 5.59 5.51 5.41 5.31 5.22 5.13 5.04
5.49 5.46 5.41 5.36 5.31 5.25 5.20 5.14 5.10 5.06 5.04 5.03 5.01 5.02 5.02 5.02 5.02 5.00 4.95 4.91 4.87 4.84 4.78 4.73 4.64 4.58 4.54 4.51 4.49 4.50 4.52 4.56 4.62 4.70 4.76 4.82 4.86 4.89 4.91 4.93 4.93 4.92 4.90 4.90 4.89 4.89 4.91 4.95 4.99 5.05 5.12 5.16 5.23 5.29 5.34 5.39 5.41 5.44 5.46 5.47 5.47 5.46 5.48 5.49 5.51 5.53 5.58 5.63 5.69 5.75 5.73 5.75 5.77 5.81 5.79 5.72 5.70 5.63 5.54 5.44 5.33 5.23 5.13 5.04
5.47 5.44 5.39 5.34 5.28 5.22 5.15 5.09 5.04 4.99 4.97 4.96 4.95 4.96 4.97 4.98 4.96 4.95 4.92 4.89 4.84 4.79 4.73 4.66 4.59 4.53 4.47 4.41 4.39 4.41 4.44 4.49 4.54 4.65 4.70 4.76 4.80 4.83 4.86 4.86 4.87 4.86 4.84 4.82 4.84 4.81 4.82 4.86 4.94 4.97 5.04 5.12 5.21 5.27 5.31 5.36 5.40 5.43 5.46 5.46 5.48 5.47 5.48 5.48 5.46 5.49 5.56 5.62 5.64 5.74 5.77 5.81 5.79 5.80 5.78 5.77 5.72 5.65 5.59 5.48 5.34 5.23 5.12 5.03
5.46 5.42 5.37 5.33 5.26 5.19 5.12 5.04 4.98 4.93 4.91 4.90 4.91 4.93 4.94 4.94 4.94 4.93 4.90 4.86 4.82 4.76 4.70 4.62 4.52 4.46 4.39 4.32 4.30 4.31 4.36 4.42 4.49 4.59 4.66 4.71 4.76 4.79 4.81 4.81 4.82 4.81 4.79 4.78 4.75 4.75 4.76 4.79 4.85 4.92 5.01 5.09 5.18 5.24 5.29 5.34 5.37 5.41 5.45 5.46 5.43 5.47 5.48 5.45 5.46 5.48 5.53 5.60 5.67 5.76 5.81 5.86 5.84 5.84 5.82 5.82 5.75 5.72 5.58 5.48 5.37 5.25 5.14 5.04
5.47 5.42 5.38 5.32 5.26 5.18 5.10 5.01 4.93 4.86 4.84 4.85 4.89 4.90 4.93 4.94 4.93 4.92 4.90 4.87 4.82 4.77 4.70 4.61 4.51 4.41 4.31 4.24 4.21 4.24 4.31 4.38 4.47 4.56 4.63 4.69 4.73 4.76 4.78 4.79 4.79 4.78 4.75 4.74 4.70 4.70 4.68 4.71 4.80 4.88 4.98 5.07 5.17 5.23 5.29 5.33 5.37 5.41 5.47 5.41 5.45 5.48 5.46 5.46 5.46 5.48 5.54 5.62 5.75 5.81 5.87 5.92 5.95 5.96 5.92 5.87 5.80 5.73 5.65 5.54 5.43 5.30 5.17 5.06
5.48 5.44 5.39 5.34 5.27 5.19 5.11 5.01 4.91 4.81 4.79 4.84 4.88 4.90 4.93 4.95 4.95 4.95 4.93 4.89 4.85 4.79 4.72 4.62 4.53 4.42 4.29 4.19 4.13 4.19 4.29 4.39 4.47 4.54 4.63 4.68 4.72 4.76 4.77 4.79 4.79 4.78 4.74 4.71 4.69 4.67 4.63 4.66 4.77 4.88 4.98 5.08 5.17 5.23 5.29 5.35 5.37 5.46 5.43 5.44 5.48 5.50 5.50 5.50 5.49 5.48 5.56 5.67 5.77 5.89 5.95 5.99 6.02 6.07 6.00 5.93 5.89 5.82 5.74 5.64 5.52 5.39 5.24 5.09
5.51 5.46 5.41 5.35 5.29 5.21 5.14 5.05 4.95 4.86 4.85 4.86 4.91 4.95 4.98 5.00 5.00 5.00 4.98 4.95 4.90 4.84 4.77 4.68 4.58 4.47 4.34 4.22 4.16 4.23 4.32 4.42 4.50 4.57 4.65 4.70 4.74 4.77 4.79 4.80 4.80 4.78 4.76 4.74 4.71 4.69 4.65 4.69 4.80 4.91 5.01 5.13 5.20 5.26 5.32 5.35 5.43 5.44 5.47 5.51 5.55 5.58 5.58 5.58 5.57 5.57 5.66 5.77 5.91 5.98 6.04 6.09 6.14 6.15 6.21 6.09 6.04 5.97 5.89 5.79 5.67 5.54 5.39 5.24
5.54 5.51 5.47 5.41 5.35 5.28 5.22 5.14 5.06 4.97 4.97 4.99 5.02 5.03 5.06 5.07 5.08 5.07 5.05 5.02 4.98 4.91 4.85 4.76 4.65 4.55 4.45 4.36 4.32 4.34 4.40 4.49 4.56 4.63 4.69 4.74 4.77 4.80 4.82 4.83 4.83 4.82 4.80 4.79 4.77 4.75 4.76 4.78 4.86 4.97 5.06 5.18 5.24 5.29 5.35 5.41 5.44 5.47 5.53 5.58 5.62 5.65 5.67 5.69 5.70 5.74 5.81 5.93 6.04 6.10 6.18 6.22 6.25 6.31 6.31 6.18 6.17 6.11 6.03 5.93 5.82 5.70 5.57 5.46
5.59 5.56 5.52 5.47 5.42 5.36 5.31 5.21 5.15 5.11 5.10 5.11 5.13 5.15 5.17 5.18 5.18 5.17 5.15 5.12 5.07 5.02 4.95 4.87 4.77 4.68 4.59 4.52 4.50 4.51 4.55 4.60 4.65 4.71 4.76 4.80 4.83 4.85 4.87 4.88 4.89 4.88 4.87 4.86 4.86 4.85 4.86 4.90 4.96 5.05 5.14 5.25 5.31 5.35 5.41 5.45 5.49 5.55 5.59 5.67 5.72 5.77 5.79 5.82 5.86 5.94 6.00 6.08 6.16 6.26 6.31 6.35 6.40 6.43 6.43 6.33 6.29 6.26 6.19 6.10 6.00 5.89 5.79 5.69
5.64 5.61 5.58 5.54 5.49 5.43 5.38 5.33 5.28 5.24 5.23 5.24 5.25 5.27 5.29 5.29 5.29 5.29 5.27 5.23 5.19 5.15 5.09 5.00 4.91 4.84 4.77 4.72 4.67 4.66 4.70 4.73 4.77 4.81 4.88 4.92 4.94 4.96 4.97 5.01 5.01 4.98 4.95 4.98 4.98 4.97 4.99 5.02 5.08 5.15 5.23 5.31 5.37 5.42 5.48 5.53 5.57 5.63 5.69 5.75 5.83 5.89 5.94 6.00 6.05 6.11 6.17 6.24 6.33 6.40 6.45 6.50 6.53 6.56 6.57 6.49 6.47 6.42 6.37 6.30 6.20 6.11 6.01 5.93
5.70 5.67 5.65 5.60 5.56 5.53 5.48 5.44 5.41 5.39 5.38 5.38 5.39 5.40 5.42 5.41 5.42 5.41 5.39 5.36 5.33 5.28 5.22 5.16 5.08 5.01 4.95 4.91 4.87 4.84 4.85 4.89 4.92 4.97 4.98 5.01 5.06 5.07 5.08 5.08 5.09 5.09 5.07 5.08 5.10 5.11 5.12 5.16 5.20 5.26 5.33 5.39 5.45 5.51 5.57 5.63 5.71 5.74 5.82 5.88 5.95 6.04 6.13 6.18 6.24 6.28 6.36 6.43 6.49 6.55 6.64 6.64 6.68 6.70 6.72 6.67 6.65 6.62 6.56 6.56 6.42 6.33 6.24 6.16
5.75 5.73 5.72 5.68 5.65 5.61 5.59 5.57 5.54 5.53 5.52 5.52 5.53 5.54 5.55 5.54 5.54 5.53 5.53 5.50 5.47 5.41 5.36 5.30 5.24 5.18 5.13 5.09 5.05 5.06 5.03 5.04 5.07 5.12 5.13 5.13 5.13 5.16 5.16 5.17 5.19 5.20 5.23 5.22 5.24 5.26 5.27 5.31 5.35 5.39 5.45 5.51 5.56 5.61 5.67 5.74 5.77 5.85 5.93 6.01 6.10 6.18 6.27 6.34 6.40 6.46 6.53 6.59 6.65 6.75 6.79 6.79 6.83 6.92 6.95 6.96 6.96 6.82 6.84 6.78 6.69 6.60 6.45 6.37
5.82 5.82 5.80 5.77 5.75 5.72 5.71 5.69 5.67 5.66 5.66 5.66 5.67 5.68 5.69 5.69 5.69 5.69 5.68 5.66 5.61 5.57 5.52 5.46 5.40 5.37 5.30 5.26 5.26 5.23 5.22 5.22 5.23 5.26 5.25 5.25 5.24 5.23 5.24 5.28 5.29 5.31 5.34 5.34 5.37 5.39 5.40 5.43 5.48 5.51 5.61 5.61 5.65 5.71 5.76 5.81 5.86 5.94 6.02 6.11 6.21 6.30 6.41 6.50 6.57 6.63 6.69 6.81 6.86 6.90 6.93 6.99 6.99 7.07 7.11 7.13 7.13 7.12 7.12 6.99 6.91 6.81 6.67 6.58
5.91 5.89 5.88 5.86 5.85 5.83 5.82 5.81 5.81 5.81 5.81 5.81 5.82 5.81 5.82 5.83 5.84 5.85 5.84 5.81 5.77 5.74 5.69 5.62 5.57 5.53 5.49 5.43 5.44 5.41 5.36 5.38 5.41 5.40 5.39 5.36 5.35 5.35 5.36 5.37 5.41 5.43 5.47 5.50 5.50 5.52 5.54 5.56 5.60 5.69 5.71 5.72 5.76 5.80 5.84 5.91 5.98 6.04 6.13 6.22 6.34 6.42 6.53 6.65 6.75 6.80 6.95 6.97 6.97 7.01 7.09 7.13 7.18 7.22 7.26 7.29 7.30 7.32 7.30 7.26 7.15 7.07 6.87 6.79
5.98 5.97 5.97 5.96 5.95 5.95 5.94 5.94 5.94 5.94 5.95 5.94 5.95 5.96 5.97 5.98 5.99 6.00 6.00 5.98 5.95 5.89 5.84 5.79 5.75 5.70 5.65 5.62 5.61 5.51 5.52 5.58 5.57 5.55 5.52 5.51 5.49 5.47 5.48 5.51 5.52 5.57 5.60 5.64 5.67 5.66 5.68 5.70 5.79 5.80 5.82 5.82 5.86 5.91 5.95 6.01 6.08 6.16 6.24 6.33 6.46 6.55 6.66 6.78 6.90 7.00 7.07 7.09 7.12 7.15 7.21 7.26 7.32 7.37 7.41 7.44 7.46 7.47 7.46 7.44 7.33 7.22 7.12 6.96
6.05 6.05 6.06 6.06 6.06 6.06 6.07 6.08 6.08 6.09 6.09 6.09 6.10 6.11 6.11 6.12 6.12 6.14 6.16 6.15 6.09 6.03 5.98 5.93 5.90 5.87 5.84 5.83 5.71 5.81 5.75 5.74 5.73 5.70 5.69 5.67 5.65 5.62 5.64 5.66 5.68 5.69 5.73 5.76 5.78 5.84 5.84 5.88 5.93 5.90 5.90 5.94 5.97 6.02 6.06 6.12 6.19 6.27 6.34 6.47 6.57 6.66 6.77 6.89 6.97 7.20 7.19 7.21 7.23 7.26 7.29 7.38 7.44 7.49 7.53 7.57 7.57 7.57 7.58 7.53 7.43 7.32 7.21 7.13
6.13 6.14 6.15 6.16 6.17 6.18 6.20 6.21 6.22 6.24 6.24 6.24 6.24 6.25 6.25 6.26 6.25 6.26 6.28 6.26 6.20 6.15 6.11 6.07 6.03 6.01 5.99 5.89 5.89 5.97 5.95 5.93 5.87 5.87 5.86 5.85 5.83 5.82 5.82 5.84 5.85 5.86 5.86 5.91 5.93 5.95 5.98 6.01 6.01 6.02 6.03 6.06 6.09 6.14 6.18 6.24 6.30 6.38 6.47 6.57 6.67 6.75 6.87 6.96 7.19 7.27 7.32 7.33 7.36 7.39 7.43 7.47 7.51 7.55 7.58 7.60 7.60 7.60 7.59 7.57 7.49 7.40 7.30 7.25
6.20 6.22 6.24 6.25 6.28 6.30 6.32 6.35 6.36 6.37 6.38 6.38 6.38 6.38 6.38 6.38 6.37 6.38 6.37 6.35 6.31 6.26 6.22 6.18 6.15 6.14 6.11 6.10 6.00 6.13 6.11 6.04 6.05 6.05 6.04 6.03 6.02 6.02 6.02 6.02 6.03 6.02 6.03 6.07 6.09 6.03 6.05 6.09 6.09 6.15 6.12 6.17 6.16 6.26 6.26 6.32 6.38 6.46 6.60 6.63 6.74 6.84 6.96 7.08 7.25 7.34 7.39 7.45 7.47 7.51 7.55 7.58 7.61 7.64 7.65 7.65 7.64 7.64 7.62 7.58 7.51 7.44 7.37 7.29
6.27 6.30 6.32 6.35 6.38 6.42 6.45 6.47 6.50 6.51 6.52 6.52 6.52 6.51 6.50 6.49 6.50 6.47 6.45 6.43 6.40 6.36 6.35 6.30 6.29 6.27 6.25 6.19 6.18 6.28 6.21 6.20 6.22 6.23 6.17 6.22 6.22 6.21 6.21 6.21 6.21 6.20 6.20 6.18 6.19 6.20 6.21 6.23 6.22 6.24 6.25 6.27 6.29 6.33 6.38 6.44 6.51 6.58 6.66 6.73 6.84 6.94 7.05 7.15 7.31 7.39 7.45 7.52 7.59 7.63 7.68 7.71 7.74 7.70 7.69 7.67 7.65 7.68 7.63 7.58 7.52 7.44 7.38 7.32
6.34 6.37 6.41 6.45 6.49 6.53 6.57 6.60 6.63 6.65 6.65 6.65 6.64 6.63 6.61 6.61 6.59 6.57 6.53 6.51 6.48 6.45 6.42 6.42 6.40 6.39 6.35 6.35 6.35 6.38 6.38 6.38 6.37 6.36 6.37 6.38 6.38 6.41 6.40 6.35 6.35 6.34 6.37 6.36 6.36 6.36 6.36 6.37 6.36 6.37 6.38 6.40 6.42 6.45 6.50 6.56 6.62 6.69 6.76 6.83 6.93 7.01 7.11 7.28 7.36 7.44 7.50 7.58 7.65 7.70 7.74 7.76 7.78 7.75 7.72 7.69 7.65 7.65 7.60 7.55 7.48 7.42 7.37 7.31
6.40 6.44 6.48 6.53 6.58 6.63 6.67 6.72 6.76 6.78 6.79 6.78 6.76 6.74 6.71 6.70 6.68 6.65 6.60 6.58 6.55 6.53 6.51 6.49 6.48 6.47 6.47 6.48 6.54 6.55 6.54 6.55 6.50 6.52 6.56 6.57 6.58 6.56 6.56 6.55 6.54 6.50 6.49 6.51 6.49 6.55 6.53 6.52 6.51 6.52 6.53 6.56 6.53 6.59 6.63 6.67 6.75 6.81 6.86 6.99 7.14 7.19 7.23 7.34 7.39 7.47 7.55 7.63 7.70 7.76 7.79 7.81 7.80 7.79 7.76 7.70 7.64 7.61 7.55 7.49 7.44 7.38 7.34 7.29
6.46 6.50 6.55 6.61 6.66 6.72 6.77 6.83 6.87 6.90 6.92 6.90 6.87 6.83 6.80 6.76 6.74 6.71 6.68 6.63 6.61 6.61 6.59 6.58 6.57 6.58 6.63 6.64 6.65 6.68 6.70 6.66 6.67 6.70 6.72 6.76 6.77 6.75 6.75 6.74 6.70 6.69 6.67 6.64 6.66 6.67 6.65 6.63 6.61 6.62 6.63 6.65 6.68 6.69 6.73 6.77 6.84 6.88 6.94 7.06 7.19 7.19 7.26 7.37 7.44 7.52 7.58 7.67 7.74 7.80 7.83 7.83 7.82 7.78 7.74 7.67 7.60 7.55 7.48 7.43 7.37 7.32 7.29 7.26
6.50 6.55 6.61 6.67 6.73 6.80 6.87 6.93 6.99 7.03 7.03 7.01 6.97 6.92 6.89 6.85 6.81 6.77 6.74 6.72 6.66 6.64 6.66 6.64 6.64 6.71 6.72 6.73 6.75 6.79 6.82 6.80 6.85 6.90 6.89 6.91 6.92 6.92 6.91 6.89 6.87 6.91 6.88 6.83 6.78 6.76 6.75 6.72 6.71 6.70 6.72 6.73 6.76 6.81 6.81 6.85 6.91 6.95 7.13 7.18 7.22 7.27 7.28 7.38 7.45 7.52 7.59 7.69 7.77 7.84 7.87 7.86 7.82 7.76 7.70 7.62 7.53 7.48 7.42 7.34 7.29 7.26 7.23 7.20
6.54 6.59 6.65 6.72 6.79 6.86 6.94 7.03 7.10 7.15 7.16 7.11 7.07 7.01 6.96 6.91 6.86 6.82 6.79 6.76 6.74 6.69 6.70 6.70 6.77 6.77 6.79 6.81 6.84 6.87 6.85 6.92 6.99 7.03 7.05 7.07 7.10 7.06 7.04 7.08 7.06 7.04 7.01 6.95 6.89 6.83 6.79 6.80 6.79 6.78 6.80 6.81 6.83 6.87 6.91 6.94 6.98 7.10 7.17 7.21 7.25 7.29 7.30 7.38 7.44 7.50 7.57 7.68 7.80 7.88 7.89 7.85 7.77 7.70 7.63 7.55 7.44 7.36 7.30 7.24 7.22 7.17 7.15 7.13
6.57 6.62 6.68 6.75 6.83 6.91 6.99 7.08 7.18 7.27 7.27 7.19 7.12 7.06 7.00 6.94 6.89 6.85 6.82 6.79 6.77 6.74 6.74 6.75 6.81 6.82 6.84 6.87 6.91 6.94 6.93 7.01 7.09 7.14 7.15 7.16 7.27 7.22 7.26 7.22 7.14 7.13 7.11 7.04 6.96 6.90 6.87 6.82 6.85 6.84 6.86 6.87 6.89 6.93 6.96 7.07 7.10 7.19 7.19 7.22 7.27 7.28 7.32 7.37 7.41 7.47 7.54 7.64 7.75 7.85 7.88 7.78 7.68 7.59 7.52 7.41 7.31 7.22 7.15 7.10 7.08 7.07 7.06 7.05
6.59 6.66 6.72 6.79 6.87 6.95 7.03 7.12 7.19 7.26 7.26 7.18 7.12 7.07 7.01 6.96 6.91 6.87 6.83 6.81 6.83 6.86 6.84 6.84 6.84 6.85 6.88 6.91 6.95 7.02 7.08 7.14 7.20 7.24 7.25 7.24 7.26 7.29 7.27 7.25 7.22 7.21 7.18 7.13 7.07 7.02 6.92 6.87 6.86 6.96 6.95 6.99 7.01 7.04 7.06 7.12 7.14 7.20 7.22 7.25 7.29 7.32 7.36 7.39 7.41 7.45 7.50 7.57 7.63 7.70 7.74 7.65 7.54 7.43 7.34 7.23 7.14 7.06 6.99 6.95 6.94 6.95 6.96 6.98
6.60 6.66 6.73 6.80 6.87 6.95 7.02 7.09 7.15 7.20 7.19 7.17 7.10 7.04 6.98 6.93 6.89 6.88 6.86 6.84 6.82 6.85 6.84 6.85 6.85 6.87 6.99 7.01 7.04 7.01 7.07 7.12 7.17 7.21 7.21 7.22 7.24 7.25 7.24 7.22 7.20 7.17 7.15 7.11 7.06 7.02 6.99 6.95 6.95 6.97 6.96 7.00 7.02 7.04 7.10 7.12 7.14 7.19 7.22 7.25 7.28 7.31 7.34 7.37 7.37 7.40 7.43 7.47 7.50 7.55 7.52 7.44 7.33 7.23 7.13 7.03 6.94 6.87 6.82 6.79 6.78 6.81 6.84 6.88
6.59 6.66 6.72 6.79 6.86 6.93 6.99 7.05 7.10 7.08 7.09 7.08 7.05 7.00 6.96 6.91 6.88 6.85 6.83 6.85 6.88 6.88 6.91 6.91 6.92 6.94 6.97 6.99 7.02 6.99 7.04 7.09 7.13 7.15 7.17 7.18 7.19 7.20 7.19 7.17 7.15 7.13 7.11 7.07 7.03 7.00 6.96 6.97 6.96 6.94 6.97 7.01 7.02 7.06 7.08 7.11 7.13 7.18 7.21 7.24 7.26 7.30 7.32 7.34 7.35 7.34 7.35 7.35 7.39 7.36 7.30 7.21 7.12 7.01 6.90 6.80 6.73 6.67 6.63 6.62 6.63 6.67 6.72 6.78
6.58 6.63 6.68 6.73 6.79 6.89 6.95 6.95 6.99 7.01 7.01 7.00 6.98 6.94 6.90 6.86 6.82 6.80 6.82 6.79 6.82 6.82 6.86 6.87 6.89 6.91 6.94 6.97 7.00 6.96 7.02 7.06 7.07 7.10 7.12 7.13 7.15 7.14 7.12 7.10 7.09 7.07 7.05 7.03 7.00 6.97 6.95 6.96 6.95 6.95 6.94 7.00 7.03 7.05 7.07 7.10 7.15 7.17 7.20 7.22 7.25 7.28 7.30 7.30 7.30 7.29 7.25 7.23 7.23 7.17 7.09 6.99 6.87 6.77 6.66 6.57 6.50 6.45 6.43 6.44 6.47 6.51 6.59 6.66
6.56 6.60 6.65 6.70 6.75 6.82 6.87 6.91 6.95 6.96 6.97 6.95 6.91 6.88 6.84 6.80 6.76 6.75 6.73 6.74 6.76 6.77 6.80 6.82 6.85 6.88 6.90 6.94 6.89 6.94 6.96 7.00 7.04 7.06 7.07 7.08 7.09 7.07 7.05 7.03 7.02 7.00 6.99 6.98 6.97 6.94 6.92 6.95 6.95 6.94 6.94 6.99 7.02 7.04 7.06 7.08 7.13 7.15 7.18 7.20 7.22 7.26 7.27 7.27 7.25 7.23 7.17 7.12 7.08 6.99 6.88 6.76 6.64 6.52 6.41 6.32 6.26 6.22 6.22 6.24 6.30 6.37 6.47 6.57
6.53 6.57 6.62 6.66 6.72 6.77 6.82 6.86 6.88 6.90 6.90 6.88 6.86 6.81 6.77 6.73 6.69 6.66 6.63 6.66 6.66 6.69 6.75 6.78 6.81 6.85 6.87 6.91 6.86 6.91 6.94 6.98 7.01 7.02 7.03 7.02 7.03 7.00 6.98 6.96 6.95 6.93 6.92 6.92 6.92 6.92 6.89 6.93 6.93 6.94 6.95 6.94 6.99 7.02 7.04 7.07 7.12 7.13 7.15 7.17 7.19 7.22 7.23 7.23 7.21 7.14 7.09 7.02 6.94 6.82 6.69 6.55 6.41 6.28 6.16 6.07 6.02 5.99 6.00 6.04 6.12 6.23 6.36 6.48
6.50 6.54 6.58 6.63 6.68 6.73 6.77 6.80 6.82 6.83 6.83 6.82 6.79 6.74 6.70 6.65 6.60 6.56 6.56 6.55 6.57 6.61 6.67 6.71 6.78 6.82 6.85 6.88 6.85 6.88 6.92 6.96 6.98 6.99 6.99 7.00 6.96 6.93 6.91 6.89 6.87 6.86 6.86 6.86 6.87 6.88 6.87 6.91 6.92 6.93 6.93 6.93 6.98 7.00 7.03 7.05 7.10 7.11 7.12 7.14 7.17 7.19 7.19 7.19 7.16 7.09 7.02 6.92 6.82 6.68 6.53 6.37 6.20 6.05 5.92 5.83 5.78 5.76 5.78 5.84 5.95 6.10 6.26 6.42
6.46 6.50 6.54 6.60 6.64 6.69 6.72 6.75 6.77 6.78 6.77 6.76 6.70 6.66 6.62 6.57 6.52 6.47 6.45 6.44 6.48 6.53 6.60 6.65 6.71 6.78 6.82 6.87 6.84 6.87 6.91 6.94 6.96 6.97 6.96 6.93 6.91 6.86 6.84 6.83 6.82 6.80 6.80 6.81 6.83 6.85 6.90 6.89 6.90 6.91 6.92 6.92 6.96 6.98 7.00 7.04 7.07 7.08 7.10 7.14 7.14 7.15 7.15 7.14 7.11 7.06 6.99 6.87 6.72 6.55 6.38 6.20 6.02 5.83 5.68 5.59 5.56 5.55 5.57 5.64 5.78 5.98 6.18 6.38
6.43 6.46 6.51 6.56 6.61 6.65 6.68 6.70 6.72 6.72 6.72 6.70 6.63 6.60 6.55 6.50 6.45 6.41 6.35 6.34 6.40 6.47 6.55 6.61 6.67 6.75 6.80 6.85 6.84 6.87 6.92 6.94 6.95 6.94 6.92 6.89 6.85 6.81 6.78 6.77 6.76 6.74 6.73 6.77 6.80 6.83 6.88 6.90 6.90 6.92 6.91 6.91 6.95 6.96 7.01 7.06 7.07 7.08 7.10 7.11 7.14 7.14 7.10 7.09 7.08 7.03 6.93 6.79 6.63 6.44 6.26 6.08 5.89 5.68 5.47 5.39 5.40 5.41 5.41 5.45 5.65 5.89 6.13 6.36
6.40 6.44 6.49 6.53 6.57 6.61 6.64 6.66 6.68 6.68 6.67 6.62 6.59 6.55 6.51 6.46 6.40 6.34 6.31 6.30 6.36 6.43 6.51 6.57 6.63 6.70 6.75 6.75 6.78 6.87 6.91 6.93 6.94 6.93 6.91 6.88 6.83 6.79 6.76 6.76 6.74 6.72 6.72 6.74 6.78 6.80 6.85 6.90 6.91 6.89 6.94 6.96 6.97 6.96 7.01 7.05 7.06 7.08 7.08 7.09 7.11 7.11 7.11 7.09 7.05 7.03 6.89 6.74 6.56 6.38 6.19 6.01 5.82 5.62 5.42 5.34 5.34 5.35 5.37 5.42 5.61 5.86 6.10 6.33
