data/Validacao/U101115.grd
DSAA
94	94
0.0000	100.0000
0.0000	100.0000
5.9842	12.0738
[rows 0 to 36 of 94, columns 0 to 82 of 94]
8.47 8.40 8.31 8.21 8.10 7.97 7.83 7.77 7.60 7.43 7.25 7.07 6.89 6.72 6.52 6.36 6.22 6.11 5.98 5.98 6.15 6.34 6.52 6.71 6.90 7.03 7.21 7.24 7.41 7.48 7.64 7.78 7.96 8.07 8.21 8.28 8.35 8.37 8.30 8.17 8.04 7.92 7.69 7.67 7.57 7.48 7.55 7.48 7.44 7.40 7.53 7.49 7.46 7.42 7.37 7.33 7.30 7.33 7.35 7.21 7.20 7.20 7.20 7.36 7.38 7.41 7.38 7.43 7.48 7.49 7.56 7.88 7.93 7.97 8.00 8.02 8.04 8.11 8.12 8.13 8.03 8.02 8.02
8.40 8.36 8.28 8.19 8.07 7.95 7.80 7.64 7.47 7.38 7.20 7.02 6.85 6.68 6.48 6.33 6.19 6.10 6.02 6.03 6.16 6.34 6.52 6.72 6.91 7.10 7.22 7.26 7.43 7.60 7.66 7.80 7.98 8.08 8.21 8.27 8.31 8.29 8.23 8.12 7.99 7.86 7.63 7.62 7.51 7.42 7.49 7.42 7.39 7.52 7.48 7.45 7.42 7.39 7.33 7.30 7.28 7.29 7.29 7.16 7.15 7.14 7.13 7.29 7.30 7.13 7.30 7.35 7.40 7.41 7.48 7.80 7.86 7.91 7.94 8.02 8.05 8.08 8.10 8.02 8.02 8.01 8.00
8.31 8.28 8.22 8.14 8.04 7.91 7.76 7.60 7.43 7.25 7.16 6.99 6.81 6.65 6.46 6.33 6.21 6.12 6.10 6.13 6.23 6.42 6.56 6.75 6.94 7.12 7.31 7.30 7.46 7.62 7.68 7.82 7.94 8.12 8.18 8.22 8.23 8.18 8.12 8.02 7.91 7.78 7.56 7.54 7.45 7.63 7.42 7.36 7.45 7.46 7.44 7.42 7.39 7.33 7.31 7.29 7.28 7.27 7.17 7.12 7.11 7.09 7.07 7.21 7.04 7.05 7.08 7.26 7.26 7.33 7.41 7.72 7.79 7.85 7.93 7.98 8.02 8.05 7.99 8.00 8.00 8.00 7.99
8.22 8.20 8.15 8.08 7.99 7.86 7.72 7.57 7.40 7.23 7.05 6.88 6.80 6.64 6.46 6.34 6.24 6.18 6.18 6.22 6.35 6.49 6.66 6.81 6.99 7.18 7.35 7.51 7.49 7.71 7.85 7.83 7.93 8.10 8.14 8.16 8.14 8.10 8.01 7.92 7.81 7.69 7.57 7.46 7.62 7.54 7.33 7.28 7.46 7.44 7.39 7.38 7.37 7.32 7.30 7.29 7.28 7.17 7.15 7.13 7.07 7.04 7.01 6.97 6.96 6.97 6.99 7.04 7.17 7.24 7.33 7.66 7.74 7.84 7.90 7.95 8.00 7.96 7.98 7.99 7.99 7.98 7.97
8.14 8.11 8.08 8.02 7.94 7.83 7.69 7.54 7.38 7.21 7.04 6.88 6.72 6.64 6.48 6.36 6.28 6.24 6.26 6.32 6.45 6.59 6.75 6.90 7.07 7.24 7.41 7.57 7.53 7.73 7.86 7.97 7.97 8.07 8.10 8.10 8.06 8.01 7.91 7.81 7.70 7.58 7.46 7.61 7.51 7.43 7.36 7.31 7.37 7.36 7.36 7.33 7.30 7.31 7.31 7.30 7.29 7.18 7.15 7.11 7.07 7.00 6.94 6.90 6.88 6.88 6.90 6.95 7.08 7.17 7.27 7.37 7.70 7.82 7.89 7.95 7.92 7.95 7.98 7.99 7.98 7.97 7.96
8.05 8.04 8.01 7.97 7.90 7.79 7.67 7.52 7.36 7.20 7.04 6.88 6.73 6.60 6.48 6.41 6.34 6.31 6.33 6.44 6.54 6.68 6.84 7.02 7.17 7.33 7.48 7.62 7.69 7.77 7.88 7.97 8.04 8.04 8.05 8.03 7.99 7.92 7.81 7.70 7.59 7.47 7.70 7.49 7.39 7.30 7.24 7.28 7.26 7.27 7.28 7.27 7.27 7.30 7.32 7.33 7.33 7.22 7.17 7.12 7.06 6.96 6.90 6.85 6.81 6.81 6.83 6.88 6.96 7.12 7.23 7.34 7.64 7.82 7.90 7.88 7.93 7.97 7.99 8.00 8.00 7.98 7.96
7.99 7.98 7.96 7.93 7.86 7.77 7.64 7.50 7.35 7.19 7.04 6.90 6.76 6.64 6.53 6.45 6.42 6.39 6.41 6.51 6.63 6.78 6.95 7.13 7.30 7.42 7.56 7.68 7.70 7.80 7.90 7.97 8.07 8.10 8.01 7.98 7.92 7.84 7.71 7.60 7.48 7.59 7.58 7.36 7.26 7.17 7.18 7.14 7.14 7.16 7.20 7.21 7.26 7.30 7.34 7.36 7.30 7.27 7.22 7.15 7.05 6.97 6.87 6.80 6.76 6.74 6.77 6.84 6.93 7.10 7.22 7.34 7.65 7.83 7.84 7.91 7.97 8.01 8.03 8.03 8.03 8.00 7.97
7.90 7.93 7.92 7.89 7.83 7.74 7.63 7.49 7.34 7.20 7.06 6.93 6.81 6.70 6.61 6.53 6.48 6.47 6.48 6.57 6.71 6.88 7.07 7.25 7.41 7.53 7.65 7.75 7.77 7.85 7.92 7.98 8.06 8.07 8.10 7.92 7.85 7.76 7.77 7.50 7.60 7.47 7.46 7.24 7.13 7.09 7.02 6.99 7.00 7.05 7.09 7.16 7.23 7.31 7.36 7.41 7.36 7.34 7.28 7.18 7.08 6.98 6.88 6.77 6.72 6.70 6.74 6.82 7.01 7.13 7.23 7.42 7.55 7.78 7.88 7.97 8.03 8.07 8.08 8.09 8.07 8.04 8.01
7.86 7.89 7.89 7.86 7.81 7.73 7.62 7.49 7.35 7.21 7.08 6.97 6.87 6.79 6.71 6.64 6.58 6.55 6.57 6.64 6.77 6.99 7.19 7.38 7.53 7.65 7.74 7.82 7.83 7.90 7.95 8.00 8.02 8.04 8.05 7.99 7.87 7.68 7.68 7.62 7.49 7.48 7.35 7.26 7.00 6.94 6.85 6.83 6.87 6.92 7.01 7.11 7.21 7.31 7.35 7.43 7.45 7.45 7.37 7.24 7.12 7.00 6.89 6.78 6.70 6.67 6.73 6.90 7.03 7.17 7.28 7.48 7.61 7.84 7.95 8.04 8.10 8.14 8.16 8.15 8.13 8.10 8.02
7.83 7.84 7.86 7.84 7.80 7.73 7.63 7.51 7.37 7.23 7.12 7.04 6.96 6.89 6.83 6.76 6.70 6.66 6.63 6.69 6.88 7.10 7.31 7.52 7.65 7.75 7.83 7.89 7.89 7.93 7.97 8.00 8.00 8.05 8.00 7.93 7.93 7.69 7.59 7.53 7.40 7.41 7.28 7.15 7.01 6.81 6.69 6.67 6.76 6.84 6.95 7.06 7.19 7.32 7.40 7.50 7.58 7.53 7.45 7.32 7.18 7.06 6.95 6.85 6.74 6.67 6.82 6.96 7.10 7.25 7.36 7.57 7.70 7.93 8.04 8.13 8.20 8.24 8.25 8.24 8.16 8.13 8.10
7.81 7.82 7.83 7.83 7.79 7.73 7.65 7.54 7.42 7.30 7.20 7.12 7.06 7.00 6.95 6.89 6.84 6.79 6.78 6.85 7.02 7.22 7.42 7.61 7.74 7.82 7.90 7.94 7.93 7.96 7.98 8.00 7.99 8.02 7.96 7.88 7.86 7.86 7.70 7.57 7.46 7.32 7.19 7.05 6.92 6.73 6.62 6.60 6.68 6.79 6.92 7.05 7.19 7.32 7.42 7.54 7.60 7.60 7.53 7.41 7.29 7.17 7.06 6.96 6.87 6.87 6.94 7.08 7.22 7.37 7.57 7.71 7.93 8.05 8.16 8.25 8.31 8.35 8.36 8.29 8.26 8.23 8.20
7.80 7.82 7.82 7.84 7.80 7.75 7.68 7.60 7.49 7.39 7.30 7.23 7.17 7.12 7.07 7.03 6.99 6.97 6.98 7.06 7.19 7.34 7.51 7.67 7.79 7.88 7.95 8.00 7.95 7.97 7.96 7.99 7.96 7.99 7.92 7.91 7.80 7.79 7.66 7.50 7.39 7.25 7.12 6.98 6.82 6.71 6.59 6.59 6.66 6.77 6.90 7.04 7.19 7.30 7.44 7.56 7.63 7.65 7.61 7.54 7.42 7.31 7.22 7.13 7.06 7.09 7.14 7.25 7.38 7.58 7.72 7.86 8.08 8.20 8.31 8.39 8.45 8.48 8.42 8.41 8.38 8.35 8.35
7.80 7.82 7.83 7.83 7.83 7.79 7.73 7.66 7.58 7.50 7.42 7.35 7.29 7.24 7.20 7.16 7.13 7.13 7.18 7.25 7.35 7.48 7.61 7.73 7.86 7.94 7.99 8.03 7.97 7.96 7.96 7.94 7.94 7.96 7.96 7.86 7.86 7.74 7.61 7.55 7.44 7.19 7.06 6.93 6.78 6.68 6.63 6.60 6.67 6.78 6.92 7.06 7.17 7.33 7.47 7.59 7.67 7.71 7.69 7.64 7.57 7.47 7.39 7.32 7.27 7.31 7.36 7.45 7.57 7.76 7.90 8.04 8.25 8.37 8.47 8.55 8.60 8.57 8.56 8.54 8.51 8.51 8.47
7.85 7.87 7.89 7.90 7.92 7.90 7.80 7.74 7.67 7.61 7.54 7.47 7.41 7.36 7.31 7.28 7.26 7.28 7.34 7.41 7.50 7.61 7.72 7.82 7.91 8.01 8.05 8.08 8.00 7.98 7.96 7.94 7.94 7.94 7.93 7.83 7.82 7.69 7.65 7.51 7.40 7.15 7.02 6.86 6.75 6.68 6.64 6.62 6.70 6.82 6.90 7.06 7.23 7.38 7.52 7.64 7.71 7.75 7.75 7.73 7.69 7.65 7.56 7.51 7.48 7.52 7.58 7.67 7.83 7.96 8.09 8.23 8.45 8.56 8.66 8.73 8.71 8.72 8.70 8.67 8.67 8.63 8.60
7.86 7.89 7.91 7.93 7.94 7.94 7.91 7.87 7.77 7.72 7.66 7.59 7.52 7.46 7.40 7.38 7.38 7.41 7.47 7.54 7.63 7.73 7.84 7.93 8.00 8.06 8.12 8.13 8.04 8.01 7.99 7.96 7.91 8.05 7.97 7.91 7.79 7.67 7.66 7.54 7.45 7.30 7.06 6.85 6.75 6.69 6.67 6.67 6.75 6.81 6.98 7.14 7.31 7.46 7.59 7.70 7.77 7.82 7.83 7.82 7.80 7.78 7.76 7.68 7.66 7.67 7.76 7.85 8.03 8.16 8.30 8.44 8.57 8.83 8.84 8.93 8.95 8.94 8.91 8.87 8.80 8.75 8.71
7.88 7.91 7.95 7.98 8.00 8.00 8.00 7.97 7.92 7.87 7.80 7.70 7.61 7.53 7.48 7.46 7.47 7.52 7.57 7.65 7.75 7.86 7.95 8.04 8.10 8.14 8.15 8.18 8.16 8.06 8.03 7.99 8.07 8.06 7.97 7.99 7.87 7.78 7.68 7.55 7.37 7.24 7.14 6.87 6.78 6.73 6.72 6.69 6.75 6.90 7.08 7.25 7.41 7.55 7.67 7.76 7.84 7.89 7.92 7.92 7.92 7.91 7.89 7.87 7.90 7.94 8.07 8.18 8.20 8.35 8.50 8.65 8.93 9.00 9.09 9.13 9.13 9.10 9.05 8.97 8.92 8.86 8.82
7.90 7.94 7.99 8.02 8.05 8.07 8.08 8.07 8.04 7.99 7.91 7.78 7.67 7.58 7.52 7.51 7.54 7.59 7.66 7.75 7.86 7.97 8.07 8.15 8.20 8.22 8.22 8.20 8.17 8.12 8.09 8.16 8.11 8.07 7.99 8.01 7.89 7.81 7.70 7.57 7.40 7.28 7.19 7.00 6.84 6.78 6.69 6.75 6.83 7.01 7.19 7.37 7.52 7.65 7.76 7.84 7.91 7.97 8.02 8.02 8.03 8.02 8.00 7.98 7.99 8.06 8.19 8.31 8.35 8.51 8.68 8.80 9.11 9.23 9.31 9.34 9.31 9.25 9.18 9.08 9.02 8.95 8.90
7.93 7.98 8.03 8.07 8.11 8.14 8.16 8.17 8.16 8.11 8.00 7.86 7.72 7.61 7.54 7.51 7.53 7.64 7.73 7.83 7.95 8.03 8.15 8.24 8.30 8.30 8.29 8.26 8.27 8.20 8.18 8.22 8.20 8.12 8.04 8.05 7.94 7.86 7.75 7.62 7.47 7.35 7.27 7.09 6.99 6.77 6.76 6.81 6.94 7.13 7.33 7.50 7.65 7.75 7.84 7.92 7.98 8.04 8.07 8.11 8.15 8.14 8.10 8.06 8.06 8.14 8.23 8.42 8.58 8.60 8.78 8.97 9.29 9.45 9.55 9.55 9.48 9.38 9.29 9.17 9.09 9.02 8.96
7.96 8.01 8.06 8.11 8.15 8.19 8.26 8.27 8.27 8.23 8.10 7.93 7.80 7.64 7.53 7.52 7.58 7.66 7.78 7.90 8.00 8.13 8.26 8.39 8.42 8.41 8.38 8.32 8.32 8.27 8.28 8.29 8.26 8.18 8.10 8.10 8.03 7.93 7.80 7.70 7.56 7.49 7.39 7.22 6.98 6.89 6.85 6.91 7.08 7.31 7.51 7.67 7.79 7.87 7.94 7.99 8.05 8.09 8.13 8.18 8.25 8.24 8.18 8.14 8.10 8.17 8.28 8.48 8.66 8.69 8.89 9.09 9.43 9.62 9.77 9.75 9.62 9.48 9.36 9.22 9.13 9.06 9.00
8.01 8.06 8.11 8.16 8.20 8.24 8.30 8.31 8.31 8.26 8.18 8.01 7.83 7.67 7.55 7.56 7.62 7.71 7.82 7.95 8.07 8.20 8.34 8.47 8.51 8.49 8.47 8.42 8.38 8.43 8.35 8.32 8.29 8.20 8.17 8.14 8.10 7.97 7.89 7.73 7.65 7.59 7.50 7.28 7.16 7.09 7.05 7.13 7.30 7.50 7.68 7.83 7.93 7.99 8.04 8.07 8.10 8.13 8.15 8.20 8.26 8.25 8.18 8.14 8.16 8.15 8.26 8.47 8.65 8.88 9.08 9.29 9.49 9.69 9.85 9.82 9.66 9.51 9.37 9.25 9.15 9.08 9.04
8.02 8.08 8.12 8.17 8.22 8.25 8.28 8.24 8.24 8.20 8.15 8.00 7.85 7.72 7.63 7.61 7.66 7.74 7.87 8.00 8.13 8.24 8.37 8.48 8.56 8.57 8.56 8.54 8.51 8.50 8.48 8.39 8.36 8.27 8.28 8.23 8.13 8.05 7.95 7.85 7.79 7.73 7.68 7.48 7.43 7.36 7.34 7.43 7.60 7.76 7.89 7.98 8.06 8.11 8.14 8.14 8.14 8.15 8.14 8.15 8.16 8.16 8.14 8.12 8.13 8.14 8.26 8.47 8.66 8.89 9.09 9.29 9.48 9.64 9.74 9.73 9.62 9.48 9.35 9.22 9.13 9.05 9.02
8.03 8.08 8.13 8.17 8.21 8.24 8.26 8.20 8.18 8.14 8.06 7.99 7.87 7.76 7.70 7.69 7.73 7.80 7.90 8.02 8.15 8.29 8.42 8.53 8.60 8.65 8.66 8.66 8.58 8.61 8.54 8.48 8.44 8.35 8.36 8.31 8.21 8.14 8.05 7.98 7.95 7.90 7.89 7.71 7.70 7.67 7.68 7.76 7.90 8.01 8.11 8.18 8.22 8.23 8.22 8.20 8.17 8.13 8.10 8.06 8.05 8.04 8.03 8.04 8.07 8.10 8.27 8.45 8.67 8.86 9.06 9.24 9.40 9.53 9.60 9.59 9.52 9.40 9.28 9.16 9.07 9.02 8.97
8.01 8.07 8.12 8.16 8.20 8.22 8.16 8.15 8.12 8.08 8.01 7.96 7.86 7.77 7.72 7.71 7.74 7.81 7.91 8.03 8.16 8.30 8.44 8.56 8.65 8.72 8.76 8.76 8.69 8.70 8.64 8.56 8.48 8.53 8.44 8.40 8.30 8.24 8.16 8.12 8.11 8.09 8.10 7.96 7.98 8.02 8.08 8.09 8.20 8.28 8.35 8.38 8.39 8.36 8.31 8.25 8.17 8.09 8.01 7.95 7.91 7.89 7.90 7.92 7.93 8.02 8.21 8.39 8.61 8.79 8.97 9.14 9.38 9.38 9.43 9.44 9.37 9.27 9.20 9.11 9.03 8.94 8.89
7.99 8.04 8.09 8.13 8.16 8.11 8.11 8.09 8.09 8.04 7.97 7.89 7.83 7.75 7.71 7.69 7.72 7.79 7.88 8.00 8.14 8.29 8.44 8.58 8.69 8.78 8.85 8.88 8.85 8.80 8.73 8.65 8.57 8.64 8.55 8.48 8.38 8.31 8.26 8.24 8.26 8.29 8.19 8.20 8.25 8.32 8.40 8.45 8.52 8.56 8.59 8.60 8.57 8.50 8.40 8.28 8.16 8.03 7.92 7.82 7.75 7.72 7.73 7.78 7.85 7.97 8.09 8.30 8.51 8.69 8.85 9.00 9.23 9.20 9.26 9.25 9.20 9.15 9.06 8.98 8.91 8.86 8.79
7.95 8.00 8.05 8.09 8.11 8.13 8.09 8.07 8.03 7.98 7.91 7.83 7.75 7.70 7.66 7.65 7.67 7.73 7.83 7.95 8.10 8.27 8.43 8.59 8.73 8.84 8.93 8.97 8.99 8.90 8.83 8.74 8.78 8.73 8.60 8.49 8.44 8.37 8.34 8.33 8.38 8.41 8.36 8.42 8.51 8.60 8.69 8.75 8.81 8.85 8.85 8.82 8.75 8.64 8.49 8.30 8.12 7.95 7.80 7.66 7.56 7.53 7.53 7.60 7.72 7.91 8.08 8.25 8.39 8.55 8.70 8.83 9.03 9.10 9.15 9.05 9.05 8.99 8.91 8.83 8.77 8.72 8.70
7.91 7.96 8.00 8.04 8.06 8.08 8.07 8.05 7.98 7.92 7.84 7.76 7.67 7.60 7.58 7.57 7.59 7.64 7.74 7.87 8.04 8.23 8.42 8.59 8.76 8.89 8.99 9.05 9.08 8.99 8.92 8.83 8.86 8.81 8.67 8.56 8.51 8.46 8.43 8.44 8.51 8.43 8.53 8.62 8.73 8.85 8.96 9.03 9.09 9.12 9.12 9.06 8.94 8.78 8.57 8.32 8.09 7.89 7.67 7.48 7.35 7.29 7.33 7.44 7.58 7.79 7.96 8.12 8.35 8.40 8.53 8.64 8.83 8.89 8.94 8.88 8.86 8.81 8.85 8.67 8.61 8.57 8.55
7.86 7.91 7.95 7.98 8.01 8.02 8.01 7.99 7.95 7.86 7.78 7.68 7.58 7.50 7.45 7.45 7.48 7.53 7.63 7.77 7.96 8.17 8.38 8.59 8.77 8.92 9.04 9.13 9.17 9.08 8.99 9.02 8.92 8.87 8.76 8.62 8.50 8.53 8.52 8.53 8.48 8.55 8.67 8.79 8.92 9.06 9.23 9.32 9.33 9.36 9.37 9.31 9.15 8.91 8.64 8.35 8.05 7.80 7.53 7.28 7.09 7.04 7.12 7.26 7.44 7.67 7.83 8.05 8.19 8.34 8.44 8.54 8.62 8.81 8.72 8.67 8.67 8.73 8.66 8.60 8.55 8.52 8.50
7.81 7.85 7.89 7.92 7.95 7.96 7.95 7.93 7.89 7.83 7.74 7.60 7.48 7.39 7.33 7.32 7.35 7.41 7.49 7.64 7.85 8.09 8.34 8.58 8.77 8.93 9.07 9.34 9.40 9.32 9.24 9.16 8.95 9.10 9.00 8.89 8.55 8.59 8.58 8.65 8.61 8.69 8.76 8.91 9.10 9.26 9.44 9.54 9.52 9.56 9.58 9.55 9.34 9.03 8.70 8.36 8.01 7.73 7.41 7.09 6.84 6.78 6.91 7.10 7.31 7.63 7.78 7.91 8.03 8.16 8.24 8.34 8.41 8.59 8.55 8.57 8.57 8.54 8.49 8.43 8.38 8.34 8.33
7.62 7.78 7.83 7.86 7.88 7.89 7.88 7.86 7.82 7.77 7.67 7.54 7.42 7.31 7.22 7.22 7.24 7.29 7.36 7.51 7.75 8.06 8.33 8.60 8.83 9.01 9.17 9.33 9.42 9.37 9.23 9.22 9.14 9.11 9.01 8.91 8.84 8.84 8.66 8.70 8.67 8.75 8.90 9.04 9.19 9.37 9.57 9.66 9.65 9.68 9.72 9.72 9.47 9.11 8.73 8.37 8.01 7.68 7.37 7.04 6.72 6.65 6.83 7.04 7.31 7.53 7.66 7.77 7.88 7.99 8.10 8.18 8.26 8.32 8.34 8.37 8.37 8.35 8.30 8.25 8.21 8.19 8.17
7.56 7.61 7.76 7.79 7.81 7.82 7.81 7.78 7.73 7.68 7.58 7.46 7.34 7.23 7.15 7.14 7.15 7.20 7.33 7.49 7.71 7.96 8.22 8.48 8.73 8.92 9.09 9.23 9.30 9.24 9.19 9.17 9.10 9.08 9.00 8.94 8.88 8.85 8.95 8.98 8.70 8.79 8.93 9.08 9.24 9.44 9.59 9.68 9.67 9.69 9.69 9.62 9.41 9.09 8.74 8.40 8.02 7.71 7.38 7.07 6.83 6.73 6.82 6.97 7.21 7.38 7.51 7.62 7.73 7.83 7.92 7.99 8.07 8.12 8.14 8.16 8.17 8.15 8.12 8.08 8.05 8.03 8.07
7.50 7.66 7.70 7.72 7.74 7.75 7.73 7.69 7.66 7.59 7.49 7.38 7.27 7.17 7.09 7.17 7.17 7.18 7.27 7.41 7.62 7.89 8.14 8.35 8.60 8.80 9.00 9.09 9.17 9.12 9.09 9.10 9.04 9.05 9.00 8.91 8.86 8.83 8.84 8.98 8.95 9.04 8.93 9.08 9.24 9.43 9.56 9.64 9.68 9.62 9.58 9.47 9.29 9.05 8.74 8.36 8.03 7.76 7.46 7.17 6.97 6.85 6.87 6.97 7.09 7.28 7.39 7.49 7.58 7.68 7.75 7.82 7.88 8.04 7.94 7.96 7.97 7.96 7.94 7.91 7.90 7.94 7.96
7.56 7.59 7.63 7.66 7.68 7.69 7.65 7.64 7.58 7.51 7.42 7.31 7.21 7.25 7.17 7.12 7.11 7.17 7.20 7.33 7.56 7.79 8.02 8.26 8.48 8.72 8.88 9.01 9.05 9.01 9.09 9.06 9.01 9.01 8.94 8.85 8.80 8.79 8.80 8.94 8.93 9.02 9.02 9.29 9.32 9.38 9.49 9.57 9.60 9.60 9.54 9.41 9.21 8.96 8.64 8.34 8.02 7.80 7.53 7.28 7.12 7.03 7.00 7.01 7.09 7.23 7.32 7.40 7.52 7.59 7.65 7.66 7.70 7.86 7.88 7.77 7.78 7.77 7.83 7.83 7.89 7.91 7.93
7.51 7.53 7.56 7.60 7.62 7.62 7.60 7.56 7.52 7.44 7.54 7.43 7.31 7.21 7.13 7.08 7.09 7.11 7.18 7.30 7.47 7.67 7.90 8.16 8.37 8.63 8.80 8.92 8.89 9.02 9.02 9.01 8.96 8.96 8.88 8.79 8.72 8.71 8.73 8.78 8.87 8.97 9.11 9.24 9.26 9.40 9.41 9.48 9.66 9.61 9.52 9.29 9.10 8.83 8.57 8.30 8.01 7.83 7.61 7.42 7.25 7.17 7.19 7.21 7.13 7.18 7.34 7.40 7.46 7.51 7.51 7.69 7.71 7.77 7.77 7.67 7.67 7.67 7.68 7.70 7.78 7.82 7.79
7.46 7.48 7.51 7.54 7.55 7.56 7.54 7.50 7.66 7.60 7.50 7.40 7.26 7.16 7.07 7.07 7.04 7.04 7.04 7.15 7.38 7.59 7.82 8.01 8.36 8.56 8.73 8.87 8.94 8.92 9.10 9.03 8.93 8.92 8.79 8.72 8.64 8.61 8.63 8.69 8.65 8.75 9.22 9.17 9.30 9.50 9.57 9.56 9.56 9.51 9.41 9.20 8.96 8.74 8.50 8.24 8.00 7.87 7.69 7.54 7.43 7.38 7.33 7.33 7.36 7.47 7.51 7.55 7.71 7.74 7.67 7.66 7.64 7.62 7.50 7.60 7.62 7.59 7.62 7.66 7.67 7.83 7.81
7.41 7.43 7.40 7.43 7.45 7.45 7.44 7.65 7.59 7.51 7.44 7.34 7.24 7.14 7.05 6.97 6.92 6.91 6.96 7.07 7.24 7.45 7.72 7.96 8.18 8.53 8.71 8.83 8.93 9.07 9.09 9.02 9.18 9.11 9.02 8.88 8.57 8.52 8.52 8.78 8.77 9.00 9.12 9.24 9.20 9.39 9.57 9.61 9.45 9.40 9.23 9.10 8.93 8.64 8.42 8.20 8.00 7.82 7.67 7.65 7.56 7.53 7.50 7.56 7.56 7.64 7.60 7.73 7.75 7.67 7.64 7.59 7.54 7.49 7.33 7.41 7.46 7.45 7.58 7.65 7.74 7.71 7.79
7.30 7.33 7.36 7.40 7.42 7.68 7.66 7.62 7.57 7.50 7.41 7.32 7.23 7.13 7.03 6.95 6.88 6.85 6.89 7.00 7.18 7.41 7.66 7.95 8.18 8.41 8.59 8.73 8.94 9.21 9.34 9.22 9.17 9.09 8.96 8.83 8.72 8.64 8.62 8.66 8.66 8.88 9.00 9.13 9.31 9.47 9.45 9.50 9.32 9.27 9.12 8.99 8.83 8.55 8.37 8.18 8.01 7.87 7.76 7.69 7.62 7.75 7.72 7.81 7.71 7.78 7.83 7.83 7.75 7.71 7.65 7.56 7.35 7.26 7.20 7.26 7.30 7.41 7.50 7.60 7.61 7.72 7.79
7.26 7.30 7.34 7.62 7.65 7.66 7.65 7.62 7.57 7.50 7.42 7.33 7.23 7.14 7.03 6.93 6.86 6.82 6.83 6.94 7.16 7.41 7.68 7.98 8.22 8.46 8.65 8.79 9.20 9.26 9.37 9.35 9.19 9.10 8.95 8.81 8.67 8.56 8.53 8.57 8.56 8.66 8.89 9.01 9.18 9.26 9.45 9.31 9.19 9.15 9.01 8.89 8.65 8.49 8.33 8.18 8.05 7.94 7.86 7.82 7.77 7.90 7.88 7.98 7.98 7.98 7.97 7.88 7.84 7.78 7.70 7.59 7.34 7.21 7.12 7.09 7.15 7.25 7.41 7.53 7.61 7.73 7.81
