data/Validacao/U101115.grd
DSAA
94	94
0.0000	100.0000
0.0000	100.0000
5.9842	12.0738
[rows 37 to 73 of 94, columns 0 to 82 of 94]
7.38 7.48 7.55 7.60 7.64 7.66 7.65 7.63 7.58 7.52 7.44 7.35 7.25 7.15 7.05 6.95 6.88 6.84 6.82 6.92 7.19 7.47 7.75 8.02 8.46 8.68 8.87 9.09 9.28 9.26 9.27 9.30 9.23 9.11 8.98 8.82 8.66 8.51 8.48 8.51 8.50 8.58 8.79 8.90 9.00 9.14 9.22 9.21 9.22 9.18 9.11 8.81 8.58 8.45 8.32 8.20 8.09 8.09 8.05 8.11 8.09 8.07 8.06 8.18 8.17 8.16 8.07 8.03 7.98 7.89 7.78 7.64 7.37 7.22 7.04 7.02 7.12 7.24 7.42 7.54 7.61 7.73 7.84
7.41 7.45 7.51 7.56 7.65 7.67 7.67 7.65 7.61 7.55 7.48 7.39 7.30 7.19 7.09 7.01 6.97 6.94 6.95 7.07 7.32 7.59 7.88 8.29 8.59 8.81 9.04 9.18 9.33 9.36 9.36 9.41 9.33 9.18 9.05 8.88 8.72 8.58 8.51 8.51 8.48 8.54 8.62 8.82 9.00 9.08 9.17 9.23 9.21 9.08 9.03 8.96 8.56 8.46 8.36 8.26 8.23 8.19 8.18 8.26 8.26 8.26 8.22 8.22 8.21 8.24 8.25 8.20 8.13 8.02 7.90 7.66 7.49 7.31 7.15 7.11 7.19 7.29 7.33 7.45 7.68 7.78 7.90
7.47 7.49 7.54 7.59 7.62 7.64 7.64 7.68 7.65 7.60 7.53 7.45 7.36 7.26 7.18 7.12 7.09 7.10 7.16 7.30 7.51 7.92 8.19 8.46 8.78 9.00 9.20 9.41 9.49 9.53 9.51 9.53 9.42 9.30 9.15 8.92 8.82 8.69 8.60 8.56 8.50 8.53 8.58 8.84 8.91 9.02 9.07 9.13 9.16 9.12 8.97 8.91 8.84 8.46 8.39 8.32 8.41 8.39 8.40 8.43 8.40 8.41 8.42 8.43 8.47 8.45 8.38 8.28 8.25 8.13 8.07 7.80 7.63 7.47 7.34 7.30 7.33 7.32 7.42 7.52 7.75 7.87 7.92
7.52 7.54 7.58 7.62 7.65 7.67 7.68 7.67 7.64 7.59 7.53 7.52 7.44 7.35 7.29 7.26 7.25 7.28 7.37 7.52 7.88 8.13 8.40 8.66 8.98 9.20 9.47 9.60 9.68 9.71 9.69 9.69 9.59 9.45 9.30 9.09 8.86 8.73 8.70 8.63 8.57 8.56 8.58 8.80 8.86 8.95 9.00 9.05 9.04 9.05 9.04 8.88 8.68 8.63 8.58 8.54 8.52 8.52 8.55 8.54 8.58 8.61 8.63 8.69 8.69 8.64 8.55 8.48 8.41 8.28 8.14 7.97 7.81 7.65 7.54 7.48 7.44 7.49 7.53 7.70 7.84 8.02 8.00
7.57 7.59 7.62 7.66 7.69 7.71 7.72 7.71 7.69 7.66 7.61 7.54 7.50 7.39 7.41 7.39 7.41 7.46 7.56 7.87 8.09 8.34 8.60 8.91 9.17 9.26 9.45 9.83 9.73 9.92 9.71 9.88 9.78 9.57 9.43 9.26 9.09 8.94 8.84 8.75 8.73 8.62 8.70 8.81 8.83 8.91 8.95 8.99 8.98 8.99 8.99 8.69 8.67 8.81 8.79 8.62 8.62 8.61 8.64 8.69 8.75 8.79 8.88 8.87 8.88 8.86 8.79 8.77 8.66 8.49 8.34 8.17 8.00 7.85 7.73 7.62 7.60 7.66 7.72 7.81 7.85 7.96 8.28
7.61 7.63 7.66 7.70 7.73 7.75 7.76 7.76 7.75 7.72 7.68 7.61 7.54 7.48 7.45 7.45 7.49 7.55 7.90 8.06 8.26 8.38 8.64 8.91 9.24 9.48 9.71 9.86 9.98 10.02 9.95 9.88 9.77 9.72 9.57 9.52 9.36 9.16 9.14 9.04 8.97 8.90 8.98 8.84 8.84 8.88 8.89 8.90 8.93 8.93 8.94 9.10 8.83 8.83 8.84 8.86 8.85 8.71 8.77 8.83 8.90 9.02 9.01 9.06 9.08 9.11 9.09 9.00 8.88 8.74 8.45 8.27 8.11 7.96 7.84 7.80 7.69 7.70 7.74 7.75 8.08 8.19 8.30
7.59 7.66 7.69 7.73 7.76 7.79 7.81 7.81 7.81 7.78 7.74 7.67 7.61 7.56 7.55 7.56 7.79 7.87 7.87 8.03 8.23 8.52 8.86 9.16 9.43 9.72 9.95 10.08 10.27 10.27 10.24 10.16 10.08 10.01 9.85 9.69 9.52 9.45 9.31 9.29 9.18 9.09 9.11 9.05 8.91 9.00 8.98 8.96 8.88 9.09 9.11 9.13 8.86 8.84 8.86 8.90 8.91 8.97 9.04 8.88 8.97 9.11 9.20 9.28 9.33 9.33 9.32 9.22 9.03 8.82 8.68 8.50 8.31 8.14 8.02 7.91 7.86 7.85 7.92 7.98 8.08 8.18 8.30
7.62 7.64 7.67 7.75 7.79 7.82 7.85 7.86 7.85 7.83 7.79 7.59 7.66 7.47 7.44 7.67 7.73 7.85 7.99 8.18 8.39 8.63 8.97 9.25 9.57 9.92 10.14 10.45 10.59 10.63 10.59 10.50 10.37 10.21 10.12 9.95 9.79 9.63 9.59 9.52 9.39 9.28 9.25 9.19 9.12 9.08 9.03 8.99 8.96 9.08 9.10 9.12 8.86 8.89 8.87 8.92 8.95 9.02 9.11 8.97 9.13 9.26 9.38 9.48 9.55 9.57 9.50 9.39 9.24 9.05 8.88 8.65 8.48 8.33 8.21 8.09 8.14 8.06 8.09 8.13 8.19 8.29 8.40
7.64 7.66 7.73 7.77 7.81 7.85 7.88 7.89 7.76 7.74 7.70 7.63 7.56 7.70 7.70 7.73 7.85 7.95 8.09 8.27 8.49 8.73 9.01 9.37 9.71 10.03 10.41 10.70 10.93 10.97 10.90 10.79 10.68 10.48 10.34 10.18 10.01 9.89 9.73 9.57 9.48 9.35 9.42 9.35 9.33 9.13 9.06 9.00 9.00 9.03 9.10 9.12 8.86 8.89 8.91 8.93 8.96 9.04 8.95 9.07 9.21 9.36 9.53 9.66 9.77 9.79 9.74 9.62 9.44 9.26 9.03 8.84 8.66 8.56 8.51 8.37 8.26 8.23 8.23 8.25 8.31 8.39 8.49
7.65 7.72 7.74 7.78 7.82 7.86 7.89 7.78 7.79 7.78 7.73 7.66 7.76 7.78 7.79 7.82 7.88 7.99 8.13 8.32 8.54 8.79 9.07 9.47 9.80 10.16 10.59 10.97 11.28 11.26 11.15 11.06 10.92 10.76 10.59 10.44 10.27 10.10 9.98 9.82 9.66 9.56 9.62 9.61 9.48 9.25 9.15 9.06 9.10 9.07 9.05 9.12 8.95 8.97 8.91 8.96 8.96 8.86 9.01 9.11 9.27 9.46 9.63 9.80 9.90 10.03 9.96 9.80 9.62 9.44 9.25 9.05 8.87 8.80 8.66 8.48 8.41 8.37 8.36 8.38 8.42 8.49 8.58
7.78 7.50 7.54 7.59 7.63 7.68 7.79 7.79 7.80 7.80 7.91 7.86 7.81 7.79 7.79 7.82 7.89 8.00 8.14 8.32 8.54 8.80 9.10 9.48 9.82 10.20 10.60 11.01 11.35 11.35 11.27 11.23 11.12 10.98 10.83 10.68 10.52 10.36 10.24 10.07 9.89 9.92 9.83 9.63 9.49 9.39 9.26 9.15 9.17 9.11 9.07 8.87 8.94 8.96 8.99 8.97 8.93 9.06 9.01 9.13 9.31 9.49 9.64 9.82 9.99 10.13 10.07 9.93 9.77 9.59 9.39 9.20 9.06 8.89 8.70 8.60 8.52 8.47 8.46 8.47 8.51 8.57 8.64
7.78 7.66 7.69 7.73 7.77 7.81 7.88 7.90 7.90 7.89 7.98 7.96 7.92 7.77 7.77 7.81 7.87 7.97 8.11 8.29 8.51 8.78 9.06 9.38 9.78 10.16 10.55 10.90 11.21 11.31 11.31 11.33 11.26 11.17 11.04 10.91 10.77 10.61 10.49 10.31 10.13 10.14 9.99 9.82 9.66 9.51 9.39 9.42 9.32 9.17 9.10 8.88 8.86 8.84 8.86 8.90 8.88 9.05 9.18 9.13 9.31 9.49 9.65 9.83 10.02 10.10 10.09 10.10 9.87 9.70 9.55 9.36 9.19 8.97 8.83 8.71 8.63 8.58 8.56 8.56 8.59 8.64 8.70
7.63 7.65 7.68 7.71 7.75 7.78 7.85 7.88 7.88 7.86 7.82 7.94 7.89 7.87 7.87 7.76 7.82 7.92 8.05 8.22 8.40 8.64 8.97 9.28 9.68 10.05 10.41 10.73 11.01 11.25 11.33 11.35 11.27 11.31 11.23 11.12 11.00 10.85 10.74 10.56 10.37 10.37 10.13 10.00 9.82 9.65 9.49 9.55 9.41 9.28 9.19 8.88 8.84 8.81 8.82 8.86 8.86 8.97 9.10 9.06 9.23 9.42 9.62 9.83 9.97 10.16 10.18 10.13 10.03 9.81 9.65 9.47 9.24 9.07 8.92 8.80 8.71 8.66 8.64 8.64 8.66 8.69 8.74
7.61 7.63 7.66 7.69 7.72 7.80 7.82 7.83 7.82 7.93 7.89 7.84 7.79 7.81 7.81 7.83 7.82 7.90 7.96 8.09 8.29 8.67 8.92 9.13 9.51 9.92 10.26 10.57 10.81 11.09 11.23 11.34 11.38 11.34 11.32 11.29 11.20 11.07 10.91 10.74 10.70 10.62 10.31 10.30 10.09 9.86 9.60 9.66 9.50 9.35 9.23 9.14 8.85 8.82 8.82 8.81 8.81 8.85 8.99 9.17 9.19 9.37 9.56 9.86 10.01 10.10 10.15 10.13 10.01 9.87 9.73 9.51 9.33 9.16 9.01 8.88 8.78 8.72 8.70 8.69 8.70 8.73 8.77
7.58 7.60 7.62 7.67 7.70 7.76 7.90 7.90 7.89 7.86 7.83 7.78 7.73 7.69 7.73 7.68 7.72 7.79 7.88 8.02 8.20 8.48 8.77 9.04 9.35 9.68 10.01 10.36 10.64 10.87 11.09 11.24 11.33 11.41 11.55 11.54 11.42 11.32 11.16 11.09 10.87 10.64 10.64 10.41 10.18 9.98 9.77 9.73 9.57 9.41 9.27 9.01 8.83 8.78 8.77 8.78 8.75 8.87 9.01 9.07 9.24 9.32 9.63 9.80 9.94 10.03 10.06 10.07 10.03 9.95 9.65 9.59 9.42 9.24 9.07 8.94 8.83 8.77 8.73 8.92 8.73 8.76 8.79
7.44 7.46 7.52 7.55 7.57 7.59 7.69 7.83 7.81 7.79 7.75 7.71 7.65 7.61 7.62 7.58 7.60 7.67 7.71 7.88 8.06 8.26 8.49 8.81 9.11 9.52 9.84 10.15 10.34 10.61 10.84 11.18 11.24 11.41 11.59 11.65 11.57 11.51 11.34 11.29 11.06 10.76 10.50 10.44 10.20 9.98 9.76 9.81 9.62 9.42 9.26 8.99 8.83 8.76 8.74 8.74 8.82 8.86 8.99 9.14 9.10 9.30 9.54 9.70 9.84 9.90 9.99 10.04 10.04 9.84 9.74 9.67 9.49 9.21 9.03 8.88 8.76 8.78 8.92 8.90 8.91 8.94 8.84
7.39 7.45 7.47 7.50 7.52 7.53 7.62 7.61 7.73 7.70 7.66 7.61 7.56 7.51 7.47 7.45 7.45 7.45 7.51 7.64 7.82 8.00 8.21 8.52 8.81 9.14 9.45 9.76 10.06 10.35 10.62 11.01 11.13 11.33 11.54 11.67 11.73 11.72 11.68 11.47 11.21 10.89 10.60 10.52 10.27 10.03 9.81 9.59 9.65 9.44 9.18 8.98 8.81 8.72 8.68 8.73 8.73 8.80 8.93 9.04 9.01 9.20 9.37 9.52 9.72 9.80 9.92 9.94 9.93 9.92 9.85 9.67 9.45 9.26 9.05 8.88 8.76 8.91 8.77 8.85 8.87 8.91 8.85
7.36 7.38 7.41 7.43 7.45 7.46 7.45 7.44 7.66 7.62 7.58 7.54 7.48 7.41 7.35 7.31 7.29 7.26 7.28 7.34 7.46 7.72 7.92 8.17 8.45 8.81 9.11 9.43 9.74 10.04 10.34 10.77 10.93 11.22 11.46 11.67 11.82 11.86 11.83 11.61 11.32 10.98 10.67 10.57 10.31 10.06 9.82 9.60 9.66 9.36 9.18 8.96 8.82 8.67 8.65 8.64 8.60 8.70 8.83 8.97 9.01 9.09 9.24 9.40 9.54 9.68 9.77 9.90 9.97 10.03 9.96 9.79 9.54 9.28 9.03 8.85 8.73 8.76 8.71 8.69 8.79 8.86 8.86
7.30 7.32 7.35 7.38 7.40 7.40 7.40 7.38 7.36 7.50 7.52 7.47 7.41 7.34 7.26 7.20 7.14 7.09 7.03 7.06 7.19 7.41 7.62 7.86 8.12 8.47 8.77 9.07 9.39 9.71 10.16 10.48 10.78 11.02 11.31 11.59 11.83 11.99 11.93 11.66 11.35 11.04 10.70 10.55 10.28 10.05 9.81 9.78 9.56 9.36 9.17 9.04 8.89 8.71 8.52 8.49 8.49 8.64 8.73 8.87 8.91 8.99 9.14 9.27 9.41 9.50 9.64 9.83 10.01 10.16 10.14 9.91 9.59 9.27 8.97 8.79 8.76 8.69 8.63 8.61 8.71 8.81 8.91
7.26 7.29 7.32 7.34 7.36 7.36 7.35 7.50 7.48 7.44 7.40 7.36 7.28 7.21 7.14 7.05 7.06 6.95 6.84 6.85 6.98 7.16 7.35 7.57 7.81 8.13 8.41 8.71 9.02 9.35 9.77 10.11 10.52 10.91 11.23 11.54 11.83 12.07 11.91 11.63 11.34 11.05 10.88 10.52 10.24 9.98 9.74 9.46 9.38 9.35 9.21 9.04 8.87 8.68 8.48 8.43 8.46 8.57 8.66 8.59 8.73 8.91 9.04 9.18 9.35 9.44 9.57 9.79 10.01 10.22 10.28 9.95 9.62 9.28 8.95 8.79 8.72 8.66 8.59 8.59 8.66 8.76 8.86
7.28 7.28 7.30 7.32 7.32 7.32 7.48 7.46 7.43 7.40 7.36 7.32 7.24 7.18 7.13 7.03 6.99 6.87 6.77 6.77 6.83 6.96 7.11 7.29 7.50 7.80 8.05 8.34 8.64 9.13 9.40 9.85 10.23 10.57 10.90 11.20 11.47 11.63 11.57 11.39 11.16 10.92 10.78 10.51 10.18 9.93 9.69 9.41 9.21 9.33 9.20 9.04 8.88 8.70 8.48 8.44 8.48 8.55 8.66 8.53 8.66 8.83 8.96 9.16 9.26 9.40 9.53 9.71 9.91 10.07 10.08 9.91 9.64 9.38 9.09 8.89 8.78 8.72 8.66 8.64 8.66 8.72 8.78
7.35 7.29 7.30 7.30 7.48 7.47 7.45 7.43 7.40 7.37 7.33 7.29 7.24 7.18 7.10 7.00 6.87 6.80 6.70 6.75 6.76 6.80 7.01 7.15 7.32 7.55 7.81 8.07 8.42 8.74 9.11 9.45 9.80 10.17 10.50 10.78 11.01 11.15 11.14 11.05 10.91 10.73 10.63 10.39 10.08 9.84 9.73 9.53 9.32 9.30 9.20 9.03 8.87 8.72 8.60 8.52 8.52 8.54 8.42 8.54 8.67 8.80 8.89 9.02 9.20 9.34 9.46 9.63 9.77 9.89 9.90 9.79 9.61 9.38 9.15 8.97 8.85 8.77 8.72 8.69 8.68 8.68 8.71
7.37 7.36 7.35 7.35 7.47 7.46 7.44 7.41 7.37 7.35 7.32 7.28 7.25 7.18 7.10 7.01 6.94 6.81 6.71 6.73 6.70 6.80 6.85 6.94 7.06 7.29 7.47 7.70 8.04 8.37 8.70 9.04 9.39 9.75 10.05 10.32 10.53 10.67 10.70 10.69 10.62 10.49 10.44 10.25 10.04 9.82 9.64 9.46 9.26 9.32 9.18 9.05 8.90 8.78 8.65 8.61 8.56 8.56 8.63 8.51 8.63 8.74 8.82 8.95 9.13 9.26 9.36 9.51 9.70 9.77 9.77 9.68 9.53 9.35 9.18 9.03 8.93 8.86 8.78 8.71 8.65 8.59 8.64
7.41 7.38 7.37 7.36 7.53 7.46 7.44 7.41 7.37 7.34 7.30 7.28 7.26 7.22 7.13 7.10 6.99 6.86 6.75 6.76 6.69 6.75 6.75 6.78 6.92 7.02 7.16 7.45 7.70 8.00 8.32 8.63 8.96 9.31 9.60 9.86 10.06 10.22 10.28 10.32 10.31 10.24 10.22 10.09 9.91 9.72 9.53 9.18 9.20 9.28 9.17 9.05 8.93 8.84 8.72 8.67 8.61 8.59 8.65 8.49 8.61 8.66 8.76 8.92 9.03 9.16 9.24 9.37 9.54 9.59 9.58 9.51 9.41 9.30 9.18 9.09 9.01 8.94 8.86 8.78 8.69 8.59 8.60
7.44 7.46 7.43 7.41 7.39 7.36 7.44 7.40 7.36 7.33 7.31 7.30 7.29 7.26 7.25 7.17 7.07 6.95 6.83 6.82 6.73 6.75 6.70 6.79 6.91 6.95 7.02 7.15 7.38 7.60 7.91 8.28 8.66 8.95 9.24 9.42 9.62 9.79 9.88 9.96 10.01 9.99 10.01 9.91 9.77 9.61 9.31 9.04 8.93 9.12 9.02 8.93 8.96 8.88 8.78 8.83 8.38 8.39 8.51 8.47 8.59 8.61 8.71 8.95 8.80 8.93 9.09 9.22 9.35 9.39 9.39 9.36 9.30 9.23 9.18 9.13 9.07 9.01 8.94 8.85 8.74 8.60 8.56
7.52 7.49 7.46 7.43 7.40 7.37 7.33 7.40 7.36 7.33 7.33 7.34 7.35 7.37 7.33 7.26 7.17 7.06 7.05 6.94 6.83 6.90 6.86 6.85 6.79 6.77 6.77 6.87 7.02 7.25 7.55 7.89 8.27 8.57 8.84 9.03 9.23 9.39 9.52 9.62 9.75 9.78 9.78 9.72 9.51 9.38 9.24 9.01 8.88 8.80 9.04 8.96 8.90 8.95 8.86 8.81 8.57 8.52 8.55 8.48 8.58 8.59 8.64 8.86 8.92 8.97 8.99 9.08 9.16 9.20 9.22 9.22 9.19 9.18 9.16 9.14 9.10 9.06 9.01 8.93 8.80 8.63 8.50
7.49 7.45 7.42 7.39 7.43 7.39 7.34 7.30 7.37 7.35 7.36 7.39 7.46 7.46 7.44 7.38 7.29 7.30 7.19 7.07 6.95 7.07 6.93 6.87 6.75 6.65 6.61 6.58 6.67 6.89 7.20 7.58 7.93 8.25 8.51 8.73 8.92 9.04 9.17 9.36 9.47 9.53 9.49 9.46 9.39 9.28 9.14 9.03 8.89 9.01 8.94 9.01 8.97 8.86 8.94 8.89 8.64 8.58 8.52 8.54 8.56 8.58 8.57 8.76 8.77 8.80 8.79 8.87 8.96 9.02 9.06 9.10 9.11 9.10 9.11 9.12 9.12 9.12 9.09 9.01 8.87 8.71 8.50
7.53 7.49 7.46 7.43 7.39 7.35 7.37 7.33 7.30 7.38 7.40 7.50 7.56 7.58 7.70 7.65 7.58 7.46 7.36 7.24 7.12 7.02 7.01 6.94 6.77 6.60 6.43 6.33 6.33 6.57 6.93 7.33 7.69 8.00 8.24 8.44 8.61 8.74 8.93 9.09 9.18 9.26 9.31 9.32 9.29 9.21 9.10 9.02 8.91 9.04 9.00 8.96 9.05 8.95 8.90 8.92 8.73 8.60 8.56 8.55 8.55 8.54 8.50 8.65 8.61 8.59 8.58 8.66 8.78 8.86 8.91 8.94 8.97 9.01 9.05 9.08 9.11 9.14 9.16 9.12 8.98 8.76 8.52
7.57 7.54 7.50 7.46 7.43 7.39 7.36 7.38 7.36 7.34 7.50 7.71 7.80 7.84 7.85 7.82 7.77 7.69 7.59 7.45 7.32 7.35 7.18 6.99 6.87 6.65 6.41 6.16 6.07 6.38 6.79 7.16 7.52 7.81 8.03 8.22 8.37 8.50 8.67 8.86 9.00 9.10 9.17 9.21 9.22 9.17 9.11 9.03 9.10 9.09 9.08 9.06 9.04 9.05 9.00 8.96 8.72 8.53 8.60 8.56 8.53 8.49 8.45 8.53 8.45 8.37 8.36 8.44 8.56 8.66 8.73 8.77 8.82 8.88 8.95 9.00 9.08 9.15 9.21 9.22 9.05 8.82 8.59
7.62 7.58 7.54 7.51 7.47 7.44 7.49 7.47 7.46 7.49 7.55 7.64 7.95 8.01 8.03 8.02 7.98 7.91 7.82 7.71 7.63 7.59 7.41 7.19 7.05 6.80 6.54 6.31 6.22 6.46 6.77 7.09 7.40 7.60 7.82 8.01 8.18 8.37 8.55 8.74 8.90 9.02 9.09 9.16 9.19 9.17 9.09 9.04 9.17 9.17 9.20 9.19 9.06 9.16 9.11 8.82 8.79 8.67 8.55 8.50 8.44 8.39 8.51 8.41 8.26 8.18 8.13 8.20 8.27 8.38 8.50 8.57 8.65 8.74 8.83 8.92 9.06 9.14 9.20 9.20 9.09 8.93 8.72
7.66 7.63 7.59 7.55 7.63 7.60 7.56 7.63 7.65 7.68 7.75 7.80 7.89 7.95 8.23 8.23 8.21 8.16 8.08 7.97 7.86 7.85 7.66 7.45 7.22 7.05 6.80 6.60 6.44 6.53 6.78 7.02 7.27 7.51 7.72 7.92 8.14 8.33 8.50 8.69 8.85 8.99 9.10 9.18 9.23 9.18 9.17 9.10 9.09 9.26 9.32 9.32 9.22 9.17 8.99 8.92 8.88 8.77 8.60 8.51 8.43 8.33 8.42 8.28 8.11 8.01 7.93 7.96 8.03 8.12 8.22 8.34 8.44 8.55 8.68 8.83 8.97 9.09 9.16 9.22 9.18 9.07 8.94
7.71 7.80 7.76 7.72 7.68 7.67 7.71 7.73 7.76 7.82 7.72 7.82 8.05 8.13 8.18 8.21 8.46 8.42 8.35 8.28 8.29 7.97 7.96 7.75 7.52 7.35 7.00 6.82 6.74 6.78 6.94 7.11 7.30 7.49 7.69 7.93 8.12 8.31 8.49 8.68 8.86 9.00 9.13 9.22 9.27 9.29 9.25 9.20 9.20 9.39 9.45 9.45 9.35 9.09 9.01 9.02 8.97 8.85 8.74 8.54 8.43 8.49 8.33 8.16 7.99 7.84 7.72 7.72 7.77 7.85 7.95 8.07 8.22 8.36 8.53 8.72 8.91 9.08 9.20 9.27 9.29 9.22 9.16
7.88 7.84 7.80 7.76 7.74 7.73 7.77 7.62 7.67 7.74 7.84 7.94 8.06 8.30 8.38 8.44 8.47 8.46 8.41 8.40 8.42 8.28 8.10 8.06 7.69 7.47 7.34 7.16 7.07 7.10 7.15 7.26 7.39 7.55 7.77 7.95 8.14 8.33 8.52 8.71 8.89 9.06 9.19 9.29 9.35 9.38 9.35 9.32 9.34 9.53 9.54 9.57 9.28 9.21 9.12 9.03 9.04 8.93 8.80 8.66 8.56 8.45 8.24 8.03 7.85 7.62 7.50 7.48 7.51 7.57 7.67 7.80 7.96 8.16 8.36 8.62 8.86 9.07 9.24 9.36 9.42 9.42 9.30
7.92 7.88 7.84 7.80 7.59 7.62 7.64 7.68 7.74 7.82 7.92 8.04 8.18 8.30 8.41 8.43 8.49 8.70 8.68 8.75 8.73 8.59 8.42 8.24 8.03 7.81 7.69 7.52 7.40 7.40 7.40 7.45 7.54 7.71 7.85 8.01 8.19 8.38 8.57 8.77 8.96 9.14 9.28 9.39 9.45 9.49 9.52 9.60 9.64 9.63 9.54 9.41 9.40 9.33 9.24 9.13 9.00 9.00 8.86 8.70 8.52 8.42 8.17 7.92 7.70 7.52 7.30 7.25 7.25 7.29 7.38 7.52 7.70 7.94 8.22 8.51 8.81 9.08 9.31 9.48 9.57 9.59 9.46
7.95 7.72 7.68 7.64 7.65 7.65 7.67 7.71 7.78 7.87 7.98 8.12 8.27 8.42 8.56 8.62 8.71 8.84 8.86 8.87 8.78 8.65 8.65 8.46 8.34 8.14 8.02 7.86 7.78 7.70 7.67 7.67 7.78 7.86 7.97 8.10 8.27 8.45 8.64 8.85 9.06 9.25 9.41 9.52 9.57 9.62 9.65 9.76 9.79 9.74 9.74 9.48 9.46 9.43 9.34 9.23 9.08 9.00 8.92 8.74 8.54 8.46 8.12 7.84 7.58 7.33 7.12 7.03 6.99 7.01 7.09 7.23 7.43 7.71 8.03 8.39 8.76 9.11 9.41 9.63 9.73 9.75 9.60
7.79 7.75 7.70 7.68 7.66 7.66 7.69 7.73 7.80 7.90 8.02 8.16 8.32 8.50 8.68 8.81 8.98 9.08 9.14 9.17 9.08 8.94 8.78 8.75 8.64 8.44 8.26 8.18 8.10 8.01 7.95 7.98 8.00 8.04 8.12 8.22 8.36 8.53 8.73 8.96 9.19 9.41 9.57 9.67 9.71 9.74 9.84 9.88 9.89 9.84 9.61 9.56 9.55 9.48 9.44 9.33 9.18 9.07 8.90 8.77 8.75 8.47 8.13 7.78 7.50 7.22 6.97 6.84 6.71 6.71 6.78 6.94 7.18 7.48 7.83 8.26 8.70 9.14 9.51 9.76 9.86 9.89 9.72
7.81 7.76 7.70 7.68 7.66 7.66 7.68 7.73 7.80 7.90 8.03 8.18 8.35 8.52 8.72 8.91 9.10 9.29 9.40 9.45 9.34 9.20 9.03 8.87 8.71 8.55 8.55 8.48 8.39 8.29 8.27 8.23 8.22 8.24 8.28 8.35 8.46 8.60 8.81 9.07 9.33 9.58 9.75 9.82 9.83 9.83 9.85 9.89 9.89 9.85 9.67 9.62 9.61 9.55 9.48 9.37 9.27 9.14 8.94 8.93 8.74 8.45 8.09 7.77 7.43 7.14 6.89 6.65 6.53 6.47 6.52 6.70 6.95 7.25 7.60 8.06 8.60 9.13 9.63 9.97 10.05 9.95 9.82
