data/Validacao/U141015.grd
DSAA
94	94
0.0000	100.0000
0.0000	100.0000
6.1694	11.1521
[rows 37 to 73 of 94, columns 0 to 82 of 94]
9.26 9.23 9.17 9.12 9.06 9.01 8.95 8.90 8.85 8.80 8.75 8.70 8.66 8.62 8.55 8.53 8.51 8.50 8.50 8.48 8.45 8.42 8.41 8.40 8.41 8.42 8.43 8.48 8.52 8.60 8.64 8.66 8.70 8.71 8.74 8.77 8.80 8.83 8.84 8.85 8.86 8.87 8.84 8.85 8.85 8.88 8.86 8.98 8.96 8.92 8.90 8.89 8.86 8.83 8.80 8.76 8.75 8.78 8.80 8.82 8.84 8.85 8.86 8.88 8.89 9.02 9.11 9.15 9.20 9.24 9.28 9.31 9.30 9.31 9.33 9.40 9.50 9.61 9.63 9.69 9.71 9.73 9.73
9.30 9.26 9.20 9.14 9.07 9.01 8.96 8.90 8.85 8.80 8.75 8.70 8.66 8.62 8.60 8.57 8.51 8.50 8.49 8.47 8.44 8.41 8.39 8.41 8.39 8.40 8.43 8.46 8.52 8.55 8.60 8.64 8.68 8.72 8.73 8.76 8.80 8.83 8.84 8.86 8.87 8.88 8.89 8.87 8.93 8.94 8.97 8.95 8.91 8.97 8.95 8.96 8.93 8.91 8.89 8.86 8.84 8.85 8.87 8.89 8.91 8.92 8.93 8.94 8.95 9.06 9.18 9.23 9.27 9.31 9.34 9.33 9.35 9.36 9.38 9.44 9.54 9.63 9.70 9.77 9.73 9.75 9.76
9.30 9.26 9.20 9.14 9.08 9.02 8.96 8.90 8.84 8.79 8.74 8.70 8.66 8.62 8.59 8.56 8.54 8.48 8.47 8.45 8.42 8.42 8.40 8.39 8.40 8.41 8.41 8.46 8.49 8.52 8.57 8.61 8.65 8.69 8.74 8.77 8.79 8.82 8.84 8.86 8.88 8.90 8.91 8.95 8.97 9.00 9.01 8.99 8.98 8.98 9.03 9.02 9.01 8.98 8.96 8.95 8.92 8.93 8.95 8.97 8.99 9.00 9.02 9.03 9.13 9.16 9.27 9.28 9.33 9.36 9.40 9.40 9.42 9.43 9.47 9.52 9.59 9.66 9.73 9.79 9.77 9.78 9.75
9.29 9.25 9.20 9.15 9.09 9.03 8.97 8.91 8.85 8.80 8.75 8.69 8.65 8.62 8.59 8.56 8.53 8.50 8.45 8.42 8.42 8.40 8.38 8.37 8.37 8.38 8.40 8.43 8.45 8.49 8.54 8.58 8.63 8.67 8.71 8.75 8.79 8.82 8.85 8.88 8.89 8.91 8.93 8.98 9.00 9.04 9.05 9.02 9.02 9.03 9.04 9.08 9.05 9.04 9.02 9.01 9.01 9.01 9.03 9.05 9.07 9.09 9.11 9.21 9.24 9.25 9.35 9.38 9.40 9.43 9.47 9.47 9.49 9.51 9.55 9.60 9.65 9.71 9.76 9.78 9.81 9.79 9.79
9.29 9.25 9.20 9.15 9.09 9.03 8.97 8.91 8.85 8.80 8.75 8.70 8.67 8.63 8.58 8.55 8.52 8.49 8.46 8.45 8.40 8.38 8.36 8.35 8.35 8.34 8.35 8.39 8.42 8.46 8.50 8.55 8.60 8.66 8.71 8.75 8.80 8.82 8.86 8.93 8.95 8.98 8.99 9.00 9.08 9.07 9.09 9.11 9.07 9.08 9.09 9.13 9.12 9.08 9.07 9.09 9.09 9.10 9.11 9.13 9.16 9.18 9.27 9.30 9.33 9.35 9.44 9.47 9.50 9.51 9.54 9.54 9.56 9.59 9.62 9.67 9.71 9.72 9.76 9.81 9.84 9.87 9.81
9.29 9.25 9.21 9.15 9.10 9.04 8.97 8.91 8.85 8.80 8.75 8.70 8.67 8.63 8.59 8.56 8.53 8.51 8.47 8.44 8.41 8.35 8.32 8.30 8.30 8.30 8.33 8.35 8.38 8.44 8.49 8.54 8.59 8.64 8.69 8.77 8.83 8.84 8.92 8.95 8.98 9.00 9.05 9.11 9.13 9.14 9.18 9.18 9.16 9.17 9.19 9.17 9.16 9.15 9.14 9.14 9.14 9.18 9.20 9.22 9.28 9.34 9.37 9.41 9.44 9.47 9.53 9.56 9.58 9.60 9.60 9.61 9.63 9.64 9.67 9.71 9.72 9.75 9.79 9.83 9.86 9.89 9.90
9.30 9.26 9.21 9.16 9.10 9.04 8.98 8.91 8.85 8.80 8.75 8.71 8.67 8.63 8.60 8.56 8.55 8.52 8.46 8.43 8.39 8.35 8.33 8.33 8.31 8.30 8.30 8.31 8.34 8.39 8.45 8.52 8.59 8.65 8.72 8.78 8.84 8.90 8.94 8.98 9.01 9.06 9.09 9.16 9.19 9.22 9.22 9.23 9.27 9.24 9.24 9.25 9.26 9.24 9.24 9.24 9.26 9.28 9.30 9.34 9.36 9.42 9.46 9.50 9.54 9.57 9.59 9.60 9.66 9.68 9.67 9.69 9.70 9.72 9.74 9.75 9.77 9.80 9.82 9.85 9.90 9.92 9.94
9.31 9.27 9.23 9.17 9.11 9.05 8.99 8.92 8.86 8.80 8.75 8.70 8.67 8.63 8.60 8.58 8.55 8.50 8.46 8.44 8.41 8.37 8.35 8.32 8.30 8.27 8.27 8.28 8.30 8.35 8.43 8.51 8.59 8.65 8.73 8.79 8.85 8.90 8.95 9.01 9.04 9.10 9.15 9.18 9.21 9.24 9.28 9.29 9.30 9.30 9.31 9.31 9.33 9.32 9.30 9.31 9.33 9.35 9.38 9.41 9.44 9.51 9.55 9.60 9.64 9.67 9.69 9.70 9.69 9.66 9.75 9.78 9.76 9.78 9.80 9.80 9.82 9.83 9.88 9.91 9.93 9.95 9.97
9.32 9.28 9.25 9.19 9.13 9.07 9.00 8.93 8.86 8.80 8.75 8.71 8.68 8.66 8.63 8.60 8.55 8.52 8.49 8.45 8.42 8.38 8.35 8.32 8.30 8.27 8.24 8.24 8.28 8.34 8.43 8.52 8.60 8.67 8.74 8.80 8.86 8.92 8.97 9.03 9.06 9.14 9.18 9.22 9.26 9.30 9.33 9.35 9.36 9.36 9.37 9.37 9.39 9.38 9.36 9.37 9.39 9.42 9.45 9.49 9.52 9.56 9.63 9.69 9.74 9.79 9.80 9.79 9.75 9.75 9.83 9.84 9.85 9.86 9.85 9.85 9.88 9.89 9.91 9.93 9.95 9.98 10.00
9.34 9.31 9.27 9.22 9.16 9.09 9.02 8.95 8.87 8.80 8.75 8.72 8.71 8.66 8.63 8.60 8.57 8.54 8.51 8.47 8.44 8.40 8.37 8.34 8.31 8.26 8.25 8.24 8.25 8.34 8.43 8.52 8.60 8.68 8.76 8.82 8.88 8.94 9.00 9.05 9.11 9.17 9.21 9.26 9.31 9.35 9.39 9.41 9.41 9.42 9.42 9.43 9.46 9.46 9.40 9.42 9.45 9.47 9.51 9.55 9.59 9.65 9.71 9.77 9.83 9.89 9.89 9.87 9.85 9.82 9.81 9.81 9.81 9.91 9.89 9.91 9.91 9.92 9.93 9.95 9.97 9.99 10.02
9.39 9.32 9.28 9.24 9.18 9.12 9.05 8.98 8.90 8.83 8.78 8.75 8.72 8.70 8.67 8.64 8.60 8.57 8.54 8.50 8.47 8.43 8.39 8.36 8.31 8.29 8.28 8.27 8.29 8.36 8.45 8.54 8.63 8.71 8.78 8.85 8.91 8.97 9.03 9.08 9.14 9.20 9.25 9.30 9.35 9.39 9.43 9.46 9.46 9.47 9.47 9.48 9.51 9.51 9.52 9.48 9.47 9.52 9.56 9.59 9.63 9.67 9.76 9.83 9.89 9.95 9.95 9.93 9.89 9.88 9.87 9.87 9.85 9.86 9.85 10.01 10.00 9.99 9.99 10.00 10.00 10.01 10.03
9.41 9.36 9.32 9.27 9.22 9.16 9.10 9.02 8.95 8.89 8.84 8.80 8.77 8.74 8.71 8.67 8.64 8.61 8.57 8.54 8.50 8.46 8.43 8.40 8.36 8.34 8.33 8.35 8.37 8.42 8.50 8.58 8.66 8.74 8.81 8.88 8.94 9.01 9.06 9.12 9.18 9.23 9.28 9.34 9.39 9.43 9.47 9.49 9.50 9.50 9.51 9.52 9.55 9.56 9.57 9.59 9.51 9.54 9.58 9.63 9.68 9.73 9.81 9.87 9.94 9.97 9.98 9.96 9.94 9.93 9.91 9.90 9.90 9.91 9.89 9.92 10.00 9.99 9.98 9.97 9.97 9.97 9.97
9.43 9.40 9.36 9.31 9.26 9.21 9.15 9.09 9.02 8.96 8.91 8.87 8.83 8.80 8.76 8.72 8.68 8.65 8.61 8.58 8.54 8.50 8.47 8.43 8.42 8.40 8.40 8.43 8.45 8.49 8.52 8.59 8.67 8.75 8.85 8.91 8.97 9.03 9.09 9.14 9.21 9.27 9.32 9.37 9.41 9.46 9.50 9.52 9.53 9.54 9.54 9.55 9.58 9.59 9.60 9.61 9.61 9.63 9.63 9.67 9.72 9.77 9.85 9.92 9.96 9.97 9.99 9.99 9.99 9.96 9.95 9.95 9.96 9.94 9.92 9.94 9.92 9.97 9.96 9.94 9.93 9.91 9.89
9.46 9.44 9.40 9.36 9.32 9.28 9.22 9.15 9.09 9.05 9.00 8.95 8.91 8.86 8.83 8.79 8.75 8.71 8.66 8.62 8.60 8.56 8.53 8.49 8.48 8.47 8.48 8.50 8.53 8.54 8.60 8.66 8.73 8.80 8.87 8.94 9.00 9.05 9.13 9.18 9.22 9.28 9.35 9.40 9.45 9.50 9.53 9.55 9.56 9.57 9.58 9.58 9.61 9.61 9.62 9.64 9.64 9.69 9.72 9.70 9.75 9.80 9.87 9.92 9.96 10.00 10.01 10.02 10.03 9.99 9.99 10.01 9.99 9.97 9.95 9.95 9.93 9.90 9.93 9.90 9.88 9.85 9.82
9.50 9.48 9.45 9.43 9.38 9.34 9.29 9.23 9.18 9.12 9.08 9.03 8.99 8.94 8.90 8.86 8.82 8.78 8.74 8.70 8.66 8.62 8.59 8.57 8.56 8.56 8.55 8.58 8.60 8.64 8.67 8.74 8.81 8.87 8.94 9.00 9.04 9.09 9.15 9.19 9.24 9.33 9.39 9.45 9.49 9.53 9.56 9.59 9.60 9.61 9.61 9.62 9.62 9.63 9.64 9.65 9.66 9.70 9.73 9.78 9.82 9.83 9.90 9.95 10.00 10.02 10.04 10.05 10.05 10.05 10.10 10.03 10.01 9.99 9.97 9.96 9.93 9.89 9.86 9.86 9.83 9.79 9.74
9.52 9.50 9.52 9.48 9.44 9.40 9.35 9.30 9.25 9.20 9.16 9.11 9.07 9.02 8.98 8.93 8.89 8.85 8.81 8.77 8.73 8.69 8.65 8.64 8.63 8.64 8.65 8.69 8.70 8.74 8.78 8.82 8.87 8.93 9.00 9.06 9.09 9.14 9.20 9.24 9.30 9.35 9.44 9.49 9.54 9.56 9.60 9.62 9.63 9.63 9.64 9.67 9.67 9.65 9.66 9.67 9.70 9.72 9.75 9.79 9.86 9.84 9.91 9.96 10.01 10.06 10.06 10.07 10.07 10.11 10.11 10.06 10.03 10.02 9.99 9.95 9.92 9.88 9.84 9.78 9.76 9.71 9.65
9.56 9.59 9.57 9.54 9.50 9.46 9.42 9.38 9.32 9.28 9.23 9.19 9.14 9.10 9.06 9.02 8.97 8.93 8.89 8.83 8.78 8.76 8.74 8.74 8.73 8.75 8.76 8.77 8.79 8.82 8.86 8.90 8.94 9.00 9.06 9.12 9.17 9.23 9.26 9.31 9.36 9.42 9.46 9.52 9.56 9.61 9.64 9.66 9.66 9.66 9.67 9.69 9.68 9.67 9.66 9.68 9.71 9.74 9.78 9.80 9.86 9.84 9.90 9.95 10.02 10.07 10.09 10.08 10.11 10.11 10.11 10.12 10.11 10.03 10.00 9.96 9.91 9.87 9.81 9.76 9.73 9.67 9.60
9.68 9.66 9.63 9.60 9.56 9.53 9.49 9.45 9.40 9.36 9.32 9.27 9.23 9.19 9.15 9.10 9.04 9.00 8.94 8.91 8.88 8.86 8.85 8.84 8.83 8.84 8.85 8.86 8.88 8.91 8.95 8.98 9.03 9.09 9.14 9.19 9.25 9.30 9.33 9.38 9.43 9.49 9.53 9.59 9.62 9.66 9.69 9.69 9.70 9.70 9.72 9.71 9.69 9.68 9.67 9.67 9.68 9.72 9.76 9.81 9.87 9.83 9.90 9.95 10.00 10.07 10.08 10.09 10.14 10.14 10.12 10.11 10.10 10.04 10.01 9.96 9.92 9.86 9.81 9.75 9.69 9.63 9.56
9.73 9.71 9.68 9.65 9.62 9.59 9.55 9.52 9.48 9.44 9.40 9.36 9.32 9.25 9.21 9.17 9.13 9.06 9.03 9.00 8.98 8.95 8.94 8.93 8.93 8.93 8.94 8.96 8.98 9.01 9.03 9.08 9.14 9.18 9.23 9.28 9.32 9.37 9.41 9.47 9.52 9.55 9.61 9.64 9.66 9.72 9.74 9.74 9.74 9.77 9.75 9.73 9.72 9.70 9.66 9.65 9.66 9.70 9.74 9.79 9.85 9.84 9.91 9.98 10.04 10.05 10.11 10.12 10.12 10.11 10.10 10.10 10.09 10.08 10.02 9.98 9.93 9.87 9.80 9.72 9.66 9.60 9.53
9.77 9.75 9.73 9.70 9.68 9.65 9.62 9.59 9.56 9.52 9.49 9.45 9.39 9.35 9.31 9.27 9.19 9.16 9.12 9.09 9.07 9.07 9.05 9.04 9.03 9.03 9.04 9.05 9.08 9.11 9.17 9.21 9.24 9.28 9.32 9.37 9.41 9.44 9.53 9.58 9.63 9.67 9.73 9.72 9.73 9.75 9.75 9.84 9.83 9.80 9.78 9.75 9.73 9.69 9.67 9.64 9.64 9.68 9.72 9.80 9.84 9.80 9.87 9.94 10.06 10.09 10.12 10.13 10.13 10.13 10.14 10.09 10.08 10.08 10.07 10.01 9.96 9.88 9.80 9.72 9.66 9.60 9.53
9.80 9.79 9.77 9.75 9.73 9.71 9.69 9.66 9.63 9.58 9.55 9.51 9.48 9.44 9.40 9.32 9.29 9.25 9.22 9.19 9.17 9.17 9.15 9.13 9.12 9.12 9.13 9.15 9.17 9.20 9.27 9.31 9.34 9.38 9.43 9.48 9.52 9.56 9.64 9.69 9.73 9.77 9.81 9.84 9.84 9.84 9.88 9.83 9.87 9.84 9.81 9.78 9.73 9.70 9.67 9.65 9.65 9.67 9.71 9.77 9.80 9.75 9.82 9.92 9.96 10.01 10.03 10.06 10.07 10.08 10.09 10.10 10.11 10.12 10.08 10.05 10.01 9.95 9.88 9.81 9.75 9.68 9.59
9.86 9.82 9.81 9.81 9.79 9.77 9.74 9.72 9.69 9.66 9.63 9.60 9.56 9.52 9.49 9.45 9.41 9.35 9.32 9.30 9.28 9.27 9.25 9.23 9.22 9.22 9.23 9.25 9.26 9.30 9.37 9.41 9.46 9.49 9.54 9.59 9.64 9.69 9.76 9.81 9.84 9.87 9.91 9.92 9.92 9.91 9.92 9.90 9.90 9.87 9.83 9.80 9.74 9.71 9.68 9.66 9.66 9.71 9.72 9.79 9.78 9.81 9.77 9.83 9.87 9.92 9.95 9.98 10.01 10.03 10.05 10.07 10.08 10.09 10.10 10.05 10.01 9.96 9.90 9.84 9.77 9.70 9.61
9.89 9.88 9.87 9.85 9.84 9.82 9.81 9.79 9.77 9.74 9.72 9.69 9.66 9.61 9.58 9.54 9.48 9.45 9.42 9.40 9.38 9.36 9.35 9.33 9.32 9.33 9.32 9.34 9.36 9.43 9.47 9.52 9.57 9.61 9.67 9.72 9.77 9.82 9.89 9.93 9.96 9.98 10.01 10.02 10.00 9.98 9.97 9.95 9.95 9.94 9.87 9.83 9.79 9.75 9.71 9.70 9.68 9.68 9.69 9.73 9.71 9.74 9.68 9.74 9.79 9.83 9.87 9.90 9.93 9.97 10.00 10.03 10.05 10.08 10.09 10.06 10.02 9.98 9.93 9.87 9.81 9.74 9.66
9.91 9.91 9.93 9.92 9.90 9.88 9.87 9.86 9.84 9.82 9.80 9.77 9.74 9.71 9.67 9.64 9.57 9.55 9.52 9.51 9.48 9.47 9.45 9.43 9.42 9.42 9.42 9.44 9.46 9.54 9.59 9.62 9.68 9.73 9.79 9.85 9.91 9.96 10.02 10.06 10.09 10.11 10.13 10.11 10.09 10.05 10.01 10.01 9.98 9.93 9.88 9.83 9.78 9.74 9.71 9.68 9.65 9.64 9.64 9.68 9.64 9.55 9.60 9.64 9.70 9.74 9.79 9.83 9.87 9.91 9.95 9.99 10.03 10.06 10.08 10.09 10.04 10.00 9.96 9.91 9.85 9.78 9.70
9.98 9.97 9.96 9.96 9.95 9.94 9.93 9.92 9.92 9.90 9.89 9.86 9.83 9.80 9.77 9.74 9.70 9.67 9.62 9.61 9.59 9.57 9.55 9.54 9.53 9.52 9.52 9.54 9.59 9.62 9.68 9.76 9.82 9.89 9.95 10.00 10.06 10.11 10.17 10.21 10.22 10.24 10.24 10.22 10.18 10.13 10.12 10.04 9.97 9.91 9.88 9.83 9.78 9.73 9.68 9.65 9.66 9.63 9.61 9.58 9.59 9.58 9.54 9.54 9.59 9.64 9.70 9.75 9.80 9.85 9.89 9.94 9.97 10.01 10.07 10.09 10.04 10.02 9.99 9.95 9.89 9.83 9.75
10.01 10.00 10.00 9.99 9.99 9.99 9.99 9.99 9.99 9.98 9.97 9.95 9.92 9.89 9.86 9.83 9.80 9.77 9.71 9.69 9.67 9.67 9.66 9.65 9.63 9.62 9.61 9.64 9.67 9.71 9.78 9.85 9.93 10.01 10.09 10.13 10.19 10.26 10.31 10.35 10.37 10.38 10.37 10.32 10.29 10.24 10.16 10.06 9.99 9.92 9.85 9.82 9.77 9.73 9.66 9.62 9.62 9.58 9.55 9.52 9.51 9.43 9.46 9.49 9.49 9.54 9.61 9.67 9.73 9.79 9.84 9.89 9.94 9.99 10.05 10.08 10.05 10.04 10.02 9.98 9.94 9.88 9.80
10.03 10.03 10.03 10.03 10.03 10.04 10.05 10.05 10.06 10.06 10.05 10.03 10.00 9.97 9.95 9.92 9.89 9.83 9.81 9.79 9.77 9.80 9.77 9.75 9.73 9.71 9.71 9.71 9.73 9.79 9.87 9.94 10.04 10.12 10.21 10.28 10.35 10.39 10.43 10.48 10.51 10.53 10.56 10.49 10.37 10.26 10.19 10.10 10.00 9.93 9.86 9.81 9.77 9.69 9.64 9.58 9.57 9.53 9.49 9.45 9.44 9.43 9.37 9.39 9.38 9.44 9.51 9.57 9.64 9.72 9.77 9.84 9.91 9.97 10.03 10.07 10.06 10.05 10.04 10.01 9.98 9.92 9.85
10.04 10.05 10.05 10.06 10.07 10.08 10.09 10.11 10.12 10.14 10.13 10.10 10.08 10.05 10.04 10.02 9.99 9.93 9.91 9.89 9.87 9.86 9.83 9.86 9.83 9.83 9.80 9.78 9.79 9.87 9.97 10.05 10.16 10.25 10.33 10.39 10.47 10.52 10.56 10.60 10.70 10.72 10.69 10.60 10.47 10.31 10.21 10.12 10.01 9.94 9.86 9.81 9.75 9.66 9.59 9.55 9.52 9.47 9.43 9.39 9.36 9.34 9.28 9.30 9.28 9.33 9.40 9.47 9.55 9.64 9.70 9.78 9.85 9.93 10.00 10.03 10.05 10.05 10.03 10.01 10.00 9.94 9.88
9.99 10.07 10.07 10.08 10.10 10.11 10.13 10.15 10.18 10.20 10.19 10.18 10.16 10.14 10.12 10.10 10.08 10.06 10.04 9.98 9.97 9.94 9.93 9.92 9.97 9.93 9.90 9.86 9.86 9.96 10.05 10.17 10.29 10.38 10.45 10.50 10.56 10.62 10.72 10.76 10.80 10.83 10.82 10.68 10.53 10.36 10.21 10.13 10.02 9.94 9.87 9.79 9.75 9.64 9.57 9.50 9.47 9.42 9.36 9.32 9.28 9.17 9.18 9.14 9.18 9.22 9.29 9.37 9.43 9.53 9.62 9.70 9.78 9.87 9.96 10.00 10.01 10.02 10.03 10.03 9.97 9.91 9.92
10.03 10.05 10.07 10.09 10.11 10.13 10.16 10.18 10.21 10.23 10.23 10.23 10.21 10.20 10.18 10.17 10.16 10.14 10.13 10.11 10.06 10.08 10.03 10.05 10.08 10.05 10.02 10.00 10.01 10.06 10.17 10.29 10.40 10.54 10.61 10.66 10.72 10.79 10.80 10.81 10.84 10.86 10.83 10.72 10.58 10.43 10.27 10.11 10.05 9.95 9.87 9.81 9.70 9.60 9.52 9.49 9.41 9.36 9.30 9.25 9.19 9.16 9.09 9.09 9.11 9.10 9.16 9.24 9.32 9.41 9.50 9.59 9.69 9.78 9.87 9.95 9.99 10.03 9.98 9.97 9.93 9.93 9.88
10.04 10.06 10.08 10.10 10.12 10.14 10.17 10.19 10.22 10.24 10.25 10.24 10.24 10.24 10.24 10.23 10.23 10.22 10.21 10.20 10.19 10.17 10.16 10.15 10.13 10.17 10.16 10.15 10.23 10.29 10.35 10.45 10.54 10.62 10.69 10.74 10.81 10.84 10.85 10.88 10.87 10.86 10.82 10.73 10.60 10.45 10.32 10.15 10.04 9.98 9.89 9.80 9.68 9.58 9.51 9.45 9.36 9.29 9.24 9.18 9.12 9.08 9.05 9.00 9.01 8.99 9.05 9.11 9.19 9.28 9.38 9.48 9.57 9.67 9.78 9.85 9.90 9.95 9.98 10.00 9.92 9.89 9.84
10.04 10.06 10.08 10.10 10.12 10.14 10.16 10.19 10.21 10.23 10.24 10.25 10.25 10.26 10.26 10.27 10.29 10.29 10.29 10.28 10.27 10.31 10.25 10.25 10.24 10.30 10.34 10.34 10.37 10.42 10.47 10.55 10.63 10.70 10.76 10.83 10.87 10.89 10.89 10.90 10.90 10.87 10.81 10.73 10.63 10.51 10.38 10.21 10.09 10.00 9.90 9.81 9.67 9.58 9.50 9.40 9.31 9.24 9.16 9.11 9.05 8.99 8.96 8.90 8.90 8.87 8.92 8.98 9.05 9.13 9.24 9.34 9.44 9.54 9.66 9.75 9.80 9.86 9.89 9.91 9.85 9.82 9.78
10.05 10.06 10.08 10.09 10.11 10.12 10.15 10.17 10.19 10.21 10.23 10.24 10.25 10.26 10.28 10.30 10.32 10.34 10.35 10.38 10.39 10.38 10.38 10.34 10.39 10.40 10.45 10.47 10.50 10.52 10.58 10.66 10.73 10.79 10.86 10.89 10.92 10.93 10.92 10.93 10.91 10.88 10.82 10.74 10.65 10.54 10.42 10.25 10.12 10.03 9.91 9.81 9.67 9.56 9.47 9.37 9.27 9.18 9.10 9.03 8.97 8.91 8.86 8.80 8.80 8.79 8.78 8.83 8.90 8.98 9.08 9.19 9.30 9.40 9.55 9.65 9.70 9.76 9.80 9.82 9.78 9.75 9.71
10.04 10.05 10.07 10.08 10.09 10.10 10.12 10.14 10.16 10.18 10.20 10.22 10.24 10.26 10.28 10.30 10.33 10.38 10.40 10.39 10.45 10.45 10.45 10.44 10.45 10.47 10.55 10.58 10.61 10.63 10.69 10.76 10.82 10.89 10.93 10.95 10.96 10.97 10.95 10.94 10.92 10.88 10.83 10.75 10.66 10.57 10.46 10.28 10.14 10.02 9.83 9.74 9.67 9.56 9.43 9.33 9.22 9.13 9.04 8.96 8.89 8.79 8.74 8.71 8.68 8.67 8.64 8.68 8.74 8.81 8.94 9.06 9.20 9.33 9.44 9.55 9.62 9.68 9.73 9.75 9.70 9.67 9.64
10.03 10.04 10.05 10.06 10.06 10.08 10.09 10.11 10.13 10.15 10.17 10.19 10.22 10.24 10.27 10.30 10.34 10.38 10.41 10.41 10.43 10.44 10.43 10.45 10.52 10.54 10.64 10.67 10.67 10.73 10.79 10.85 10.93 10.97 10.99 11.00 11.00 10.99 10.96 10.95 10.92 10.88 10.83 10.77 10.67 10.58 10.49 10.31 10.18 10.03 9.90 9.73 9.62 9.54 9.40 9.29 9.18 9.09 8.99 8.90 8.82 8.69 8.63 8.59 8.57 8.54 8.55 8.52 8.57 8.68 8.78 8.92 9.07 9.22 9.35 9.47 9.54 9.61 9.65 9.67 9.68 9.60 9.56
10.02 10.02 10.02 10.02 10.03 10.04 10.05 10.07 10.08 10.10 10.12 10.15 10.18 10.21 10.25 10.30 10.33 10.38 10.42 10.43 10.44 10.46 10.47 10.47 10.58 10.60 10.64 10.74 10.76 10.81 10.87 10.96 11.01 11.04 11.05 11.04 11.02 11.01 10.97 10.95 10.92 10.87 10.82 10.76 10.69 10.59 10.44 10.31 10.19 10.05 9.87 9.72 9.61 9.51 9.39 9.26 9.15 9.04 8.95 8.84 8.76 8.63 8.56 8.49 8.46 8.42 8.41 8.37 8.45 8.51 8.62 8.77 8.95 9.12 9.28 9.39 9.48 9.54 9.58 9.60 9.60 9.59 9.49
10.00 10.00 9.99 9.99 9.99 10.00 10.01 10.02 10.03 10.05 10.07 10.10 10.13 10.17 10.21 10.26 10.32 10.36 10.42 10.43 10.44 10.45 10.46 10.47 10.50 10.55 10.68 10.80 10.82 10.87 10.96 11.02 11.08 11.10 11.09 11.06 11.04 11.01 10.97 10.94 10.90 10.86 10.81 10.75 10.68 10.55 10.45 10.34 10.20 10.07 9.87 9.72 9.59 9.46 9.33 9.23 9.12 9.01 8.91 8.81 8.70 8.58 8.50 8.42 8.36 8.30 8.28 8.27 8.31 8.35 8.46 8.63 8.84 9.05 9.22 9.35 9.43 9.49 9.52 9.54 9.54 9.52 9.44
