data/Validacao/U141015.grd
DSAA
94	94
0.0000	100.0000
0.0000	100.0000
6.1694	11.1521
[rows 0 to 36 of 94, columns 0 to 82 of 94]
9.03 8.97 8.90 8.82 8.75 8.68 8.62 8.42 8.35 8.28 8.21 8.15 8.08 8.01 7.93 7.87 7.80 7.73 7.66 7.58 7.48 7.40 7.31 7.22 7.14 7.05 6.97 6.79 6.72 6.72 6.65 6.58 6.52 6.44 6.38 6.31 6.23 6.17 6.21 6.31 6.41 6.52 6.62 6.73 6.83 6.93 7.00 7.10 7.19 7.29 7.41 7.51 7.60 7.70 7.80 7.87 7.94 7.95 7.99 8.00 8.01 8.03 8.04 8.06 8.08 8.10 8.24 8.26 8.28 8.29 8.32 8.28 8.30 8.32 8.33 8.42 8.46 8.51 8.55 8.58 8.62 8.64 8.67
8.99 8.94 8.87 8.80 8.73 8.66 8.59 8.52 8.46 8.28 8.21 8.14 8.08 8.01 7.94 7.87 7.80 7.73 7.65 7.57 7.48 7.40 7.32 7.23 7.15 7.07 6.98 6.82 6.75 6.68 6.68 6.61 6.55 6.48 6.41 6.35 6.28 6.25 6.27 6.36 6.45 6.55 6.65 6.76 6.86 6.96 7.03 7.13 7.21 7.34 7.43 7.53 7.62 7.71 7.78 7.86 7.92 7.94 7.98 7.99 8.01 8.02 8.04 8.06 8.08 8.21 8.23 8.25 8.28 8.29 8.31 8.28 8.31 8.33 8.40 8.44 8.48 8.52 8.56 8.60 8.63 8.66 8.68
8.93 8.89 8.83 8.77 8.70 8.63 8.56 8.50 8.43 8.37 8.21 8.14 8.08 8.01 7.94 7.87 7.80 7.73 7.65 7.57 7.48 7.39 7.32 7.24 7.16 7.09 6.97 6.87 6.80 6.73 6.73 6.66 6.59 6.54 6.47 6.41 6.37 6.36 6.37 6.43 6.51 6.60 6.69 6.80 6.89 6.97 7.06 7.16 7.23 7.36 7.45 7.54 7.63 7.69 7.77 7.85 7.90 7.93 7.94 7.98 8.00 8.02 8.04 8.06 8.17 8.19 8.21 8.25 8.25 8.28 8.32 8.29 8.32 8.35 8.42 8.46 8.50 8.54 8.58 8.62 8.65 8.68 8.70
8.88 8.84 8.79 8.73 8.66 8.60 8.53 8.46 8.40 8.34 8.29 8.23 8.08 8.01 7.95 7.88 7.80 7.73 7.65 7.56 7.48 7.39 7.31 7.25 7.18 7.06 7.01 6.94 6.85 6.80 6.74 6.72 6.66 6.60 6.55 6.50 6.47 6.46 6.48 6.52 6.59 6.67 6.76 6.85 6.91 7.01 7.10 7.19 7.29 7.38 7.47 7.56 7.64 7.70 7.77 7.83 7.88 7.91 7.92 7.93 7.98 8.00 8.03 8.13 8.15 8.17 8.20 8.23 8.24 8.28 8.32 8.31 8.34 8.41 8.45 8.49 8.53 8.57 8.61 8.64 8.67 8.70 8.72
8.84 8.79 8.74 8.69 8.63 8.56 8.50 8.43 8.37 8.31 8.26 8.21 8.16 8.02 7.95 7.88 7.81 7.73 7.65 7.56 7.48 7.40 7.32 7.26 7.15 7.10 7.06 7.01 6.91 6.87 6.81 6.75 6.69 6.68 6.63 6.59 6.57 6.56 6.58 6.62 6.67 6.74 6.82 6.88 6.97 7.06 7.14 7.26 7.32 7.40 7.48 7.57 7.63 7.70 7.77 7.83 7.87 7.89 7.91 7.92 7.93 7.99 8.08 8.10 8.13 8.16 8.19 8.23 8.24 8.28 8.33 8.38 8.35 8.43 8.47 8.51 8.56 8.60 8.64 8.67 8.70 8.73 8.74
8.79 8.75 8.70 8.65 8.59 8.53 8.46 8.40 8.34 8.28 8.23 8.19 8.14 8.10 8.05 7.90 7.82 7.74 7.65 7.57 7.48 7.40 7.33 7.21 7.18 7.14 7.11 7.07 6.98 6.95 6.90 6.84 6.77 6.77 6.72 6.69 6.67 6.65 6.68 6.71 6.76 6.82 6.87 6.95 7.03 7.11 7.19 7.27 7.35 7.43 7.51 7.55 7.64 7.72 7.78 7.83 7.87 7.89 7.90 7.91 7.91 8.03 8.05 8.07 8.10 8.14 8.18 8.23 8.28 8.29 8.34 8.39 8.36 8.46 8.50 8.55 8.59 8.63 8.67 8.70 8.73 8.76 8.78
8.75 8.71 8.66 8.61 8.55 8.49 8.43 8.37 8.30 8.25 8.20 8.17 8.13 8.09 8.05 7.99 7.84 7.75 7.66 7.58 7.49 7.41 7.29 7.24 7.19 7.19 7.17 7.14 7.09 7.04 6.99 6.93 6.88 6.83 6.82 6.79 6.77 6.75 6.78 6.81 6.85 6.88 6.95 7.02 7.09 7.17 7.28 7.32 7.39 7.46 7.53 7.58 7.65 7.73 7.80 7.84 7.87 7.89 7.90 7.90 7.96 7.96 8.01 8.04 8.08 8.13 8.18 8.23 8.28 8.30 8.36 8.41 8.38 8.49 8.53 8.58 8.62 8.66 8.70 8.74 8.77 8.79 8.81
8.75 8.67 8.63 8.58 8.52 8.46 8.40 8.33 8.27 8.22 8.18 8.15 8.13 8.10 8.06 8.00 7.93 7.77 7.67 7.59 7.50 7.37 7.31 7.26 7.23 7.24 7.23 7.22 7.18 7.14 7.09 7.04 6.99 6.93 6.89 6.88 6.86 6.85 6.87 6.90 6.92 6.97 7.03 7.10 7.16 7.27 7.34 7.37 7.43 7.49 7.53 7.60 7.67 7.74 7.82 7.87 7.89 7.91 7.90 7.95 7.92 7.91 7.93 8.01 8.06 8.12 8.17 8.23 8.26 8.32 8.37 8.48 8.56 8.52 8.57 8.61 8.66 8.70 8.74 8.77 8.80 8.83 8.85
8.72 8.64 8.60 8.55 8.50 8.44 8.38 8.31 8.24 8.19 8.15 8.14 8.13 8.11 8.08 8.02 7.94 7.87 7.69 7.60 7.47 7.41 7.34 7.29 7.27 7.27 7.31 7.32 7.28 7.25 7.20 7.14 7.09 7.04 7.00 6.97 6.98 6.94 6.97 6.98 7.01 7.06 7.11 7.17 7.23 7.33 7.39 7.42 7.47 7.49 7.56 7.62 7.70 7.78 7.84 7.90 7.93 8.01 7.97 7.92 7.88 7.87 7.90 7.99 8.05 8.11 8.18 8.21 8.28 8.34 8.45 8.52 8.60 8.55 8.60 8.65 8.69 8.74 8.77 8.81 8.84 8.86 8.87
8.69 8.66 8.58 8.53 8.48 8.43 8.37 8.30 8.23 8.16 8.14 8.14 8.14 8.14 8.12 8.04 7.96 7.87 7.78 7.58 7.52 7.46 7.39 7.33 7.33 7.35 7.37 7.42 7.39 7.35 7.30 7.25 7.19 7.16 7.11 7.07 7.06 7.06 7.06 7.08 7.11 7.14 7.19 7.24 7.30 7.39 7.45 7.47 7.52 7.53 7.59 7.64 7.73 7.81 7.89 7.95 8.07 8.03 7.98 7.91 7.84 7.84 7.89 7.95 8.06 8.12 8.16 8.23 8.29 8.36 8.49 8.56 8.64 8.59 8.64 8.69 8.73 8.77 8.81 8.84 8.85 8.88 8.90
8.68 8.64 8.60 8.52 8.47 8.42 8.37 8.31 8.24 8.18 8.16 8.16 8.16 8.15 8.13 8.07 7.99 7.85 7.78 7.72 7.68 7.54 7.48 7.43 7.42 7.45 7.47 7.52 7.54 7.46 7.41 7.35 7.30 7.27 7.22 7.18 7.18 7.13 7.16 7.17 7.20 7.22 7.26 7.30 7.35 7.44 7.49 7.51 7.52 7.57 7.63 7.69 7.77 7.86 8.03 8.07 8.07 8.06 8.00 7.94 7.88 7.88 7.92 7.97 8.03 8.12 8.18 8.25 8.32 8.39 8.53 8.62 8.56 8.63 8.68 8.73 8.77 8.81 8.84 8.85 8.88 8.90 8.91
8.66 8.63 8.59 8.51 8.47 8.43 8.38 8.33 8.28 8.24 8.21 8.20 8.19 8.17 8.14 8.09 7.97 7.91 7.85 7.80 7.76 7.73 7.70 7.56 7.55 7.56 7.58 7.59 7.64 7.56 7.51 7.46 7.40 7.37 7.33 7.31 7.29 7.25 7.24 7.26 7.28 7.29 7.33 7.36 7.44 7.48 7.47 7.53 7.55 7.62 7.68 7.76 7.84 8.01 8.06 8.09 8.09 8.08 8.05 8.00 7.96 7.96 7.98 8.02 8.06 8.16 8.22 8.28 8.35 8.48 8.57 8.66 8.60 8.67 8.73 8.77 8.81 8.85 8.86 8.88 8.90 8.91 8.91
8.65 8.62 8.59 8.56 8.48 8.44 8.41 8.37 8.33 8.29 8.27 8.24 8.22 8.20 8.10 8.07 8.02 7.97 7.93 7.88 7.84 7.82 7.80 7.81 7.68 7.69 7.70 7.70 7.75 7.65 7.61 7.56 7.51 7.48 7.47 7.43 7.39 7.36 7.34 7.34 7.36 7.36 7.39 7.41 7.48 7.51 7.55 7.50 7.58 7.66 7.74 7.82 8.00 8.05 8.09 8.12 8.12 8.12 8.10 8.07 8.05 8.04 8.05 8.08 8.11 8.20 8.26 8.32 8.39 8.53 8.62 8.71 8.65 8.71 8.77 8.82 8.86 8.86 8.89 8.90 8.91 8.92 8.91
8.64 8.62 8.60 8.57 8.50 8.48 8.44 8.41 8.38 8.35 8.32 8.30 8.27 8.17 8.15 8.11 8.07 8.03 8.00 7.96 7.93 7.91 7.90 7.91 7.93 7.81 7.82 7.82 7.86 7.76 7.72 7.67 7.62 7.59 7.58 7.54 7.50 7.47 7.45 7.43 7.44 7.43 7.45 7.50 7.51 7.53 7.57 7.53 7.61 7.70 7.92 7.98 8.04 8.10 8.15 8.17 8.18 8.16 8.17 8.15 8.13 8.12 8.12 8.14 8.17 8.24 8.30 8.36 8.49 8.57 8.67 8.76 8.70 8.76 8.83 8.87 8.88 8.90 8.92 8.93 8.93 8.93 8.91
8.63 8.62 8.60 8.59 8.57 8.49 8.48 8.46 8.43 8.41 8.38 8.35 8.25 8.23 8.20 8.17 8.13 8.09 8.08 8.05 8.03 8.00 8.00 8.01 8.03 8.06 7.94 7.94 7.91 7.88 7.83 7.78 7.72 7.73 7.69 7.63 7.60 7.58 7.55 7.53 7.52 7.51 7.47 7.54 7.54 7.56 7.59 7.55 7.64 7.88 7.95 8.02 8.10 8.16 8.21 8.24 8.25 8.24 8.24 8.22 8.20 8.19 8.19 8.20 8.22 8.25 8.36 8.43 8.53 8.62 8.72 8.82 8.92 8.81 8.85 8.90 8.93 8.95 8.97 8.97 8.95 8.94 8.91
8.63 8.62 8.61 8.60 8.59 8.58 8.51 8.51 8.49 8.47 8.44 8.33 8.31 8.28 8.25 8.22 8.19 8.18 8.15 8.13 8.11 8.09 8.09 8.10 8.12 8.16 8.20 8.07 7.96 7.99 7.95 7.89 7.88 7.85 7.81 7.75 7.70 7.67 7.64 7.61 7.60 7.58 7.60 7.57 7.56 7.57 7.60 7.56 7.81 7.89 7.98 8.07 8.15 8.23 8.28 8.32 8.34 8.32 8.32 8.30 8.27 8.26 8.25 8.26 8.26 8.29 8.38 8.43 8.58 8.67 8.77 8.87 8.82 8.85 8.90 8.95 8.98 9.00 9.00 8.99 8.98 8.96 8.92
8.62 8.62 8.62 8.62 8.62 8.61 8.61 8.55 8.55 8.53 8.50 8.40 8.37 8.33 8.30 8.27 8.24 8.24 8.22 8.20 8.19 8.17 8.17 8.18 8.21 8.25 8.29 8.34 8.10 8.11 8.06 8.05 7.99 7.98 7.92 7.86 7.81 7.76 7.73 7.70 7.68 7.65 7.65 7.64 7.59 7.58 7.59 7.56 7.80 7.90 8.01 8.12 8.22 8.31 8.37 8.42 8.43 8.41 8.37 8.36 8.33 8.31 8.30 8.30 8.31 8.33 8.41 8.46 8.63 8.72 8.82 8.90 8.85 8.91 8.96 8.99 9.03 9.04 9.04 9.03 9.01 8.98 8.94
8.62 8.62 8.63 8.63 8.64 8.65 8.65 8.59 8.60 8.60 8.50 8.47 8.42 8.37 8.34 8.31 8.30 8.29 8.29 8.28 8.26 8.24 8.24 8.25 8.28 8.33 8.38 8.43 8.21 8.22 8.16 8.16 8.14 8.08 8.02 7.97 7.91 7.86 7.82 7.78 7.77 7.73 7.72 7.69 7.65 7.58 7.57 7.75 7.79 7.92 8.05 8.18 8.27 8.37 8.45 8.52 8.54 8.51 8.48 8.42 8.38 8.36 8.34 8.34 8.35 8.36 8.45 8.59 8.68 8.74 8.84 8.94 8.90 8.96 9.02 9.06 9.08 9.09 9.08 9.07 9.04 9.01 8.96
8.61 8.62 8.64 8.65 8.67 8.68 8.67 8.68 8.69 8.66 8.57 8.52 8.46 8.41 8.37 8.35 8.34 8.34 8.35 8.34 8.31 8.30 8.29 8.30 8.34 8.39 8.45 8.42 8.35 8.40 8.43 8.27 8.24 8.18 8.12 8.06 8.02 7.95 7.92 7.87 7.85 7.84 7.79 7.76 7.81 7.61 7.57 7.72 7.79 7.93 8.09 8.23 8.34 8.44 8.53 8.62 8.66 8.62 8.55 8.48 8.42 8.39 8.37 8.36 8.37 8.38 8.47 8.63 8.72 8.78 8.88 8.99 8.94 9.02 9.08 9.12 9.13 9.13 9.12 9.10 9.08 9.04 9.00
8.63 8.64 8.66 8.68 8.69 8.70 8.70 8.71 8.72 8.69 8.61 8.55 8.49 8.44 8.40 8.38 8.37 8.38 8.38 8.39 8.36 8.34 8.34 8.35 8.39 8.44 8.51 8.47 8.51 8.50 8.49 8.46 8.43 8.39 8.24 8.27 8.12 8.16 8.02 8.07 8.06 7.92 7.98 7.93 7.87 7.79 7.74 7.75 7.82 7.98 8.13 8.28 8.39 8.48 8.58 8.67 8.71 8.66 8.59 8.53 8.47 8.43 8.41 8.40 8.39 8.40 8.56 8.65 8.74 8.81 8.90 9.01 8.97 9.05 9.12 9.15 9.16 9.16 9.17 9.16 9.14 9.10 9.05
8.67 8.68 8.69 8.71 8.72 8.73 8.74 8.67 8.69 8.69 8.61 8.57 8.52 8.47 8.43 8.41 8.40 8.40 8.41 8.40 8.39 8.37 8.38 8.40 8.44 8.48 8.54 8.59 8.51 8.56 8.52 8.51 8.49 8.44 8.39 8.33 8.28 8.23 8.18 8.14 8.12 8.07 8.04 8.00 7.94 7.91 7.85 7.87 7.90 8.04 8.17 8.30 8.41 8.50 8.58 8.64 8.67 8.63 8.61 8.56 8.51 8.47 8.45 8.44 8.43 8.44 8.60 8.68 8.76 8.83 8.93 9.03 8.99 9.06 9.12 9.16 9.19 9.19 9.19 9.20 9.18 9.15 9.11
8.71 8.72 8.73 8.74 8.74 8.75 8.76 8.70 8.70 8.69 8.66 8.57 8.53 8.49 8.46 8.43 8.42 8.42 8.41 8.41 8.41 8.41 8.41 8.43 8.46 8.51 8.56 8.60 8.53 8.58 8.57 8.55 8.54 8.50 8.45 8.39 8.34 8.29 8.25 8.21 8.18 8.14 8.13 8.09 8.04 8.03 7.98 7.95 8.00 8.10 8.21 8.32 8.41 8.49 8.56 8.61 8.62 8.61 8.56 8.56 8.53 8.50 8.48 8.47 8.46 8.46 8.62 8.68 8.77 8.86 8.95 9.05 9.00 9.07 9.12 9.17 9.20 9.22 9.22 9.24 9.22 9.21 9.17
8.73 8.76 8.76 8.77 8.77 8.77 8.71 8.71 8.71 8.69 8.66 8.57 8.53 8.50 8.47 8.44 8.43 8.42 8.41 8.41 8.41 8.41 8.42 8.44 8.48 8.52 8.57 8.62 8.54 8.62 8.61 8.58 8.56 8.54 8.50 8.45 8.40 8.36 8.32 8.28 8.25 8.21 8.22 8.19 8.16 8.13 8.12 8.06 8.09 8.17 8.26 8.34 8.42 8.48 8.53 8.57 8.59 8.58 8.59 8.56 8.54 8.52 8.50 8.49 8.47 8.48 8.64 8.70 8.78 8.87 8.96 9.06 9.02 9.07 9.12 9.18 9.21 9.24 9.29 9.30 9.30 9.28 9.25
8.76 8.76 8.76 8.76 8.80 8.73 8.73 8.73 8.70 8.68 8.66 8.62 8.53 8.50 8.47 8.44 8.43 8.42 8.41 8.40 8.41 8.41 8.42 8.44 8.48 8.53 8.59 8.63 8.64 8.65 8.64 8.63 8.59 8.58 8.55 8.51 8.47 8.43 8.40 8.36 8.32 8.30 8.28 8.30 8.27 8.24 8.24 8.17 8.22 8.24 8.30 8.37 8.42 8.47 8.51 8.54 8.55 8.55 8.57 8.56 8.54 8.53 8.51 8.51 8.48 8.48 8.67 8.71 8.79 8.87 8.96 9.06 9.01 9.07 9.12 9.18 9.22 9.31 9.34 9.35 9.36 9.36 9.33
8.80 8.79 8.79 8.79 8.73 8.73 8.74 8.73 8.72 8.69 8.66 8.62 8.58 8.50 8.47 8.44 8.42 8.40 8.40 8.39 8.39 8.39 8.41 8.44 8.48 8.54 8.60 8.65 8.75 8.68 8.68 8.67 8.64 8.63 8.60 8.56 8.52 8.49 8.46 8.43 8.39 8.37 8.37 8.39 8.37 8.35 8.35 8.27 8.30 8.33 8.34 8.39 8.43 8.46 8.49 8.51 8.52 8.52 8.55 8.55 8.54 8.53 8.51 8.49 8.49 8.60 8.64 8.69 8.78 8.86 8.95 9.05 9.01 9.07 9.15 9.19 9.30 9.34 9.38 9.41 9.43 9.44 9.46
8.83 8.82 8.82 8.76 8.76 8.76 8.75 8.74 8.73 8.70 8.67 8.63 8.58 8.54 8.46 8.43 8.41 8.39 8.39 8.38 8.37 8.38 8.39 8.42 8.48 8.54 8.61 8.67 8.78 8.72 8.72 8.71 8.68 8.67 8.65 8.62 8.57 8.54 8.52 8.49 8.46 8.45 8.45 8.44 8.47 8.46 8.45 8.36 8.38 8.39 8.41 8.40 8.43 8.45 8.47 8.48 8.49 8.52 8.53 8.54 8.54 8.52 8.50 8.49 8.48 8.59 8.63 8.68 8.81 8.85 8.94 9.04 9.00 9.06 9.14 9.26 9.32 9.37 9.44 9.46 9.49 9.52 9.52
8.86 8.85 8.79 8.79 8.79 8.78 8.77 8.75 8.73 8.72 8.68 8.64 8.59 8.54 8.50 8.42 8.40 8.38 8.37 8.37 8.36 8.36 8.37 8.40 8.46 8.54 8.62 8.69 8.82 8.76 8.76 8.74 8.72 8.71 8.69 8.66 8.63 8.59 8.57 8.54 8.53 8.51 8.52 8.52 8.56 8.56 8.52 8.52 8.45 8.45 8.44 8.44 8.44 8.44 8.45 8.45 8.46 8.50 8.51 8.53 8.52 8.51 8.50 8.48 8.47 8.58 8.62 8.74 8.81 8.89 9.00 9.10 9.19 9.12 9.18 9.27 9.34 9.43 9.48 9.53 9.57 9.61 9.61
8.88 8.83 8.82 8.82 8.81 8.80 8.79 8.77 8.75 8.72 8.68 8.65 8.60 8.54 8.49 8.46 8.43 8.38 8.36 8.35 8.34 8.34 8.35 8.37 8.44 8.53 8.63 8.73 8.81 8.76 8.75 8.74 8.76 8.70 8.68 8.65 8.67 8.63 8.60 8.63 8.62 8.62 8.63 8.59 8.69 8.69 8.67 8.65 8.52 8.49 8.46 8.44 8.44 8.44 8.43 8.43 8.43 8.47 8.49 8.50 8.51 8.51 8.49 8.47 8.45 8.63 8.68 8.74 8.82 8.90 9.00 9.10 9.19 9.13 9.25 9.31 9.38 9.44 9.50 9.56 9.61 9.68 9.72
8.91 8.86 8.86 8.85 8.84 8.82 8.81 8.79 8.76 8.74 8.68 8.62 8.57 8.51 8.47 8.44 8.42 8.42 8.39 8.35 8.35 8.31 8.31 8.31 8.38 8.48 8.58 8.74 8.83 8.85 8.76 8.74 8.72 8.71 8.69 8.67 8.64 8.68 8.69 8.68 8.68 8.68 8.70 8.70 8.76 8.77 8.76 8.73 8.63 8.58 8.54 8.50 8.48 8.48 8.43 8.43 8.47 8.44 8.54 8.56 8.58 8.59 8.58 8.56 8.62 8.64 8.69 8.75 8.83 8.90 9.06 9.16 9.27 9.32 9.26 9.33 9.39 9.46 9.52 9.59 9.65 9.71 9.77
8.95 8.94 8.89 8.87 8.86 8.84 8.82 8.80 8.78 8.72 8.68 8.63 8.58 8.53 8.49 8.46 8.43 8.41 8.35 8.33 8.32 8.32 8.32 8.34 8.39 8.48 8.57 8.71 8.79 8.74 8.74 8.73 8.72 8.71 8.70 8.73 8.72 8.70 8.67 8.67 8.73 8.73 8.75 8.75 8.76 8.81 8.79 8.76 8.67 8.62 8.57 8.53 8.51 8.49 8.48 8.53 8.52 8.52 8.54 8.57 8.59 8.60 8.59 8.58 8.65 8.67 8.71 8.77 8.84 8.91 9.07 9.17 9.23 9.32 9.27 9.34 9.41 9.48 9.54 9.61 9.67 9.76 9.81
8.99 8.98 8.96 8.90 8.88 8.86 8.84 8.81 8.76 8.73 8.68 8.64 8.59 8.55 8.51 8.43 8.40 8.39 8.38 8.36 8.33 8.33 8.34 8.38 8.41 8.48 8.58 8.68 8.75 8.71 8.72 8.72 8.71 8.75 8.75 8.75 8.74 8.73 8.73 8.70 8.70 8.71 8.79 8.79 8.80 8.84 8.81 8.78 8.73 8.65 8.61 8.57 8.54 8.58 8.56 8.54 8.54 8.55 8.57 8.61 8.59 8.61 8.61 8.68 8.70 8.71 8.75 8.80 8.86 9.01 9.09 9.13 9.24 9.20 9.28 9.35 9.42 9.49 9.56 9.65 9.71 9.77 9.80
9.03 9.02 8.99 8.97 8.94 8.91 8.86 8.80 8.77 8.73 8.69 8.65 8.61 8.53 8.48 8.45 8.41 8.40 8.40 8.38 8.35 8.36 8.37 8.39 8.43 8.51 8.56 8.62 8.71 8.68 8.68 8.74 8.75 8.75 8.76 8.76 8.75 8.75 8.75 8.72 8.73 8.74 8.75 8.77 8.83 8.86 8.84 8.80 8.75 8.72 8.69 8.66 8.64 8.62 8.59 8.58 8.57 8.58 8.59 8.63 8.64 8.65 8.70 8.71 8.74 8.74 8.78 8.83 8.93 9.00 9.08 9.14 9.22 9.21 9.27 9.35 9.42 9.49 9.58 9.65 9.71 9.76 9.79
9.07 9.05 9.03 9.00 8.97 8.93 8.90 8.86 8.78 8.74 8.68 8.64 8.58 8.53 8.49 8.46 8.44 8.41 8.40 8.38 8.37 8.36 8.36 8.40 8.43 8.47 8.52 8.59 8.61 8.64 8.65 8.72 8.74 8.75 8.76 8.77 8.77 8.77 8.77 8.78 8.75 8.76 8.78 8.79 8.85 8.84 8.85 8.81 8.81 8.77 8.74 8.71 8.68 8.64 8.62 8.61 8.60 8.61 8.62 8.63 8.67 8.68 8.72 8.74 8.77 8.80 8.85 8.90 8.96 9.03 9.08 9.15 9.22 9.29 9.28 9.33 9.44 9.52 9.58 9.65 9.70 9.75 9.76
9.12 9.09 9.07 9.03 9.00 8.96 8.92 8.88 8.82 8.72 8.68 8.64 8.60 8.56 8.52 8.48 8.45 8.43 8.42 8.41 8.38 8.38 8.38 8.39 8.42 8.46 8.50 8.55 8.64 8.66 8.72 8.69 8.73 8.74 8.74 8.76 8.77 8.78 8.79 8.79 8.78 8.78 8.79 8.80 8.80 8.78 8.81 8.87 8.85 8.81 8.78 8.72 8.70 8.68 8.66 8.64 8.63 8.64 8.65 8.66 8.66 8.71 8.75 8.78 8.81 8.81 8.89 8.94 8.98 9.04 9.12 9.15 9.21 9.29 9.35 9.37 9.44 9.50 9.57 9.63 9.70 9.74 9.74
9.16 9.13 9.11 9.07 9.03 8.99 8.95 8.88 8.83 8.78 8.69 8.64 8.60 8.57 8.53 8.50 8.49 8.46 8.44 8.43 8.41 8.41 8.39 8.40 8.41 8.44 8.48 8.57 8.61 8.65 8.69 8.67 8.72 8.74 8.76 8.77 8.78 8.79 8.80 8.82 8.82 8.79 8.80 8.81 8.81 8.80 8.85 8.84 8.88 8.85 8.79 8.76 8.74 8.71 8.68 8.67 8.66 8.66 8.66 8.68 8.69 8.76 8.77 8.80 8.83 8.85 8.95 8.97 9.03 9.08 9.14 9.16 9.22 9.29 9.37 9.44 9.44 9.50 9.57 9.63 9.69 9.72 9.73
9.20 9.18 9.14 9.10 9.06 8.99 8.94 8.89 8.84 8.79 8.74 8.69 8.61 8.57 8.54 8.51 8.50 8.48 8.46 8.45 8.43 8.42 8.41 8.40 8.40 8.46 8.49 8.52 8.58 8.65 8.66 8.67 8.70 8.73 8.76 8.78 8.80 8.81 8.83 8.83 8.84 8.81 8.82 8.82 8.82 8.85 8.88 8.87 8.90 8.87 8.83 8.80 8.78 8.74 8.72 8.70 8.69 8.69 8.70 8.74 8.76 8.74 8.75 8.78 8.88 8.90 8.98 9.03 9.07 9.12 9.17 9.22 9.25 9.29 9.35 9.42 9.51 9.51 9.58 9.65 9.68 9.70 9.72
9.24 9.21 9.17 9.11 9.05 9.00 8.95 8.89 8.84 8.79 8.74 8.70 8.65 8.58 8.55 8.53 8.51 8.49 8.48 8.47 8.44 8.43 8.41 8.39 8.39 8.44 8.47 8.49 8.55 8.60 8.63 8.67 8.69 8.72 8.75 8.78 8.80 8.82 8.84 8.85 8.85 8.86 8.83 8.83 8.83 8.86 8.90 8.87 8.94 8.91 8.87 8.85 8.81 8.78 8.75 8.73 8.72 8.72 8.74 8.80 8.82 8.78 8.79 8.85 8.93 8.96 9.05 9.08 9.13 9.17 9.23 9.27 9.27 9.30 9.33 9.40 9.50 9.60 9.60 9.66 9.69 9.71 9.72
