data/Validacao/U181115.grd
DSAA
94	94
0.0000	100.0000
0.0000	100.0000
8.3413	12.1595
[rows 35 to 69 of 94, columns 0 to 78 of 94]
9.42 9.40 9.37 9.34 9.31 9.39 9.36 9.33 9.29 9.26 9.23 9.19 9.14 9.11 9.07 9.04 8.98 8.95 8.92 8.92 8.93 8.96 9.00 8.98 9.02 9.09 9.14 9.18 9.40 9.39 9.40 9.41 9.44 9.47 9.45 9.44 9.46 9.48 9.50 9.53 9.60 9.69 9.71 9.72 9.71 9.80 9.93 9.93 9.73 9.75 9.77 9.79 9.80 9.83 9.85 9.87 9.90 9.94 9.98 9.95 9.99 10.05 10.08 10.16 10.29 10.29 10.44 10.50 10.58 10.63 10.69 10.82 10.81 10.87 10.93 11.00 11.06 11.21 11.29
9.44 9.42 9.39 9.46 9.43 9.41 9.38 9.35 9.31 9.28 9.25 9.21 9.17 9.12 9.09 9.04 9.00 8.95 8.92 8.92 8.95 8.99 9.04 9.03 9.07 9.15 9.19 9.24 9.42 9.47 9.47 9.50 9.51 9.53 9.51 9.50 9.52 9.53 9.56 9.59 9.66 9.69 9.77 9.78 9.79 9.85 9.95 9.96 9.80 9.82 9.83 9.85 9.88 9.89 9.90 9.91 9.94 9.98 10.03 9.98 10.01 10.10 10.12 10.19 10.35 10.39 10.46 10.54 10.60 10.66 10.66 10.70 10.82 10.87 10.93 10.99 11.06 11.14 11.26
9.51 9.54 9.51 9.48 9.46 9.43 9.40 9.37 9.34 9.30 9.27 9.23 9.20 9.16 9.11 9.06 9.02 8.98 8.94 8.93 8.98 9.04 9.09 9.14 9.14 9.18 9.22 9.30 9.50 9.47 9.51 9.53 9.56 9.57 9.58 9.57 9.58 9.59 9.61 9.65 9.72 9.75 9.84 9.78 9.79 9.91 9.92 9.83 9.86 9.87 9.89 9.91 9.94 9.94 9.95 9.96 9.98 9.92 9.95 10.06 10.10 10.13 10.15 10.19 10.22 10.41 10.50 10.56 10.57 10.62 10.67 10.71 10.83 10.87 10.91 10.97 11.05 11.13 11.25
9.62 9.60 9.58 9.55 9.48 9.45 9.42 9.39 9.36 9.33 9.30 9.26 9.23 9.19 9.15 9.11 9.06 9.03 9.00 9.00 9.04 9.10 9.15 9.20 9.20 9.25 9.40 9.46 9.51 9.57 9.61 9.60 9.63 9.62 9.66 9.64 9.65 9.66 9.69 9.72 9.78 9.75 9.78 9.86 10.01 10.01 10.07 10.09 10.09 9.94 9.96 9.90 9.90 9.90 9.91 9.91 9.93 9.95 9.99 10.10 10.13 10.16 10.24 10.27 10.29 10.48 10.54 10.61 10.59 10.64 10.68 10.79 10.83 10.87 10.92 10.98 11.05 11.13 11.16
9.64 9.62 9.60 9.57 9.55 9.52 9.49 9.42 9.39 9.36 9.33 9.30 9.27 9.24 9.19 9.16 9.12 9.09 9.08 9.09 9.12 9.17 9.22 9.28 9.40 9.47 9.48 9.59 9.60 9.65 9.69 9.70 9.67 9.69 9.71 9.69 9.73 9.75 9.77 9.79 9.79 9.82 9.85 10.00 10.03 10.13 10.14 10.16 10.16 10.11 9.95 9.95 9.95 9.95 9.96 9.96 10.03 10.06 10.09 10.14 10.21 10.25 10.28 10.31 10.47 10.51 10.66 10.56 10.65 10.70 10.69 10.80 10.84 10.88 10.93 10.99 11.05 11.09 11.15
9.66 9.64 9.62 9.60 9.57 9.55 9.52 9.50 9.47 9.44 9.41 9.34 9.31 9.27 9.24 9.21 9.19 9.17 9.16 9.18 9.21 9.25 9.30 9.35 9.48 9.55 9.61 9.67 9.69 9.73 9.77 9.78 9.81 9.77 9.78 9.78 9.77 9.78 9.83 9.84 9.87 9.90 9.92 10.08 10.10 10.20 10.22 10.23 10.18 10.16 10.15 10.00 10.01 10.01 10.06 10.06 10.08 10.10 10.13 10.21 10.26 10.29 10.32 10.47 10.51 10.47 10.67 10.71 10.64 10.68 10.71 10.87 10.84 10.89 10.94 10.99 11.06 11.12 11.14
9.68 9.66 9.64 9.62 9.60 9.58 9.56 9.53 9.51 9.48 9.45 9.43 9.41 9.37 9.30 9.27 9.25 9.25 9.25 9.26 9.29 9.33 9.38 9.51 9.58 9.52 9.59 9.76 9.70 9.83 9.75 9.87 9.89 9.80 9.81 9.75 9.77 9.76 9.78 9.80 9.81 9.91 10.05 10.16 10.19 10.28 10.29 10.23 10.24 10.22 10.20 10.05 10.06 10.11 10.11 10.11 10.13 10.18 10.21 10.25 10.30 10.33 10.45 10.49 10.53 10.56 10.68 10.75 10.78 10.68 10.71 10.86 10.90 10.94 10.99 11.00 11.05 11.15 11.20
9.70 9.68 9.67 9.65 9.63 9.61 9.59 9.57 9.55 9.52 9.50 9.48 9.45 9.42 9.40 9.38 9.37 9.37 9.33 9.34 9.37 9.28 9.33 9.38 9.52 9.59 9.65 9.72 9.77 9.82 9.82 9.84 9.86 9.74 9.70 9.77 9.78 9.82 9.84 9.85 9.87 9.89 10.10 10.18 10.19 10.25 10.19 10.24 10.26 10.24 10.23 10.26 10.15 10.15 10.16 10.16 10.21 10.23 10.26 10.29 10.30 10.43 10.54 10.58 10.62 10.62 10.72 10.75 10.78 10.81 10.85 10.90 10.94 10.99 11.04 11.02 11.14 11.19 11.24
9.97 9.71 9.69 9.68 9.66 9.64 9.63 9.61 9.59 9.57 9.55 9.53 9.50 9.48 9.46 9.45 9.44 9.44 9.33 9.35 9.37 9.35 9.38 9.51 9.58 9.65 9.73 9.76 9.78 9.85 9.88 9.90 9.87 9.76 9.77 9.79 9.81 9.88 9.90 9.92 9.93 9.95 10.23 10.24 10.24 10.23 10.23 10.29 10.27 10.31 10.29 10.27 10.14 10.16 10.20 10.21 10.29 10.31 10.34 10.35 10.38 10.52 10.56 10.60 10.63 10.66 10.66 10.68 10.80 10.78 10.80 10.83 10.92 11.01 11.06 11.08 11.12 11.17 11.22
10.01 9.98 9.95 9.71 9.69 9.68 9.66 9.65 9.63 9.61 9.60 9.50 9.55 9.43 9.41 9.41 9.40 9.39 9.39 9.40 9.42 9.45 9.56 9.62 9.60 9.67 9.76 9.81 9.87 9.89 9.91 9.92 9.92 9.86 9.82 9.83 9.86 9.88 9.94 9.96 9.98 10.00 10.14 10.28 10.30 10.27 10.27 10.32 10.30 10.34 10.32 10.29 10.16 10.16 10.22 10.23 10.31 10.34 10.36 10.37 10.43 10.53 10.57 10.60 10.65 10.68 10.70 10.71 10.72 10.68 10.79 10.88 10.95 10.99 11.03 11.06 11.09 11.14 11.26
10.06 10.03 10.00 9.97 9.94 9.71 9.70 9.68 9.60 9.58 9.56 9.53 9.50 9.49 9.47 9.45 9.44 9.43 9.44 9.46 9.48 9.51 9.55 9.68 9.70 9.78 9.80 9.88 9.94 9.97 9.97 9.96 9.93 9.90 9.86 9.89 9.90 9.91 9.98 10.00 10.01 10.03 10.22 10.30 10.25 10.33 10.33 10.32 10.33 10.29 10.34 10.31 10.18 10.18 10.23 10.25 10.33 10.36 10.34 10.43 10.45 10.47 10.57 10.61 10.66 10.70 10.71 10.72 10.66 10.67 10.83 10.86 10.88 10.94 11.03 11.02 11.15 11.18 11.22
10.11 10.08 10.05 10.02 9.99 9.96 9.93 9.65 9.63 9.61 9.59 9.56 9.55 9.52 9.50 9.49 9.48 9.48 9.49 9.50 9.53 9.56 9.60 9.67 9.74 9.82 9.85 9.94 10.02 10.02 10.00 9.96 9.96 9.95 9.88 9.91 9.92 9.94 9.99 10.01 10.03 10.04 10.23 10.25 10.27 10.35 10.36 10.35 10.34 10.30 10.27 10.32 10.23 10.23 10.24 10.25 10.35 10.31 10.38 10.43 10.45 10.53 10.57 10.62 10.70 10.71 10.71 10.77 10.77 10.74 10.75 10.77 10.79 10.92 11.01 11.09 11.11 11.14 11.17
10.18 10.10 10.06 10.03 9.99 9.95 9.91 9.89 9.86 9.82 9.63 9.60 9.57 9.55 9.54 9.52 9.52 9.52 9.52 9.54 9.56 9.59 9.59 9.70 9.77 9.85 9.92 10.01 10.02 10.01 9.99 9.97 9.96 9.96 9.90 9.91 9.93 9.94 9.99 10.01 10.03 10.20 10.22 10.24 10.25 10.34 10.35 10.34 10.34 10.30 10.26 10.15 10.23 10.23 10.24 10.31 10.29 10.36 10.37 10.36 10.39 10.48 10.60 10.64 10.69 10.75 10.76 10.75 10.70 10.72 10.74 10.76 10.77 10.79 10.63 11.02 11.04 11.07 11.10
10.23 10.18 10.14 10.11 10.07 10.04 10.01 9.98 9.94 9.90 9.87 9.71 9.69 9.58 9.57 9.55 9.55 9.55 9.55 9.57 9.59 9.57 9.60 9.72 9.77 9.84 9.91 9.98 9.96 9.97 9.97 9.95 9.95 9.96 9.90 9.91 9.92 9.94 9.98 10.00 10.02 10.19 10.20 10.21 10.23 10.24 10.31 10.30 10.27 10.28 10.25 10.15 10.15 10.22 10.22 10.24 10.23 10.34 10.36 10.35 10.37 10.46 10.58 10.61 10.68 10.70 10.71 10.73 10.68 10.70 10.71 10.73 10.75 10.62 10.63 10.88 11.00 11.02 11.04
10.26 10.23 10.20 10.16 10.13 10.09 10.07 10.03 9.99 9.95 9.91 9.75 9.73 9.71 9.69 9.58 9.57 9.57 9.57 9.58 9.58 9.60 9.67 9.72 9.76 9.82 9.88 9.93 9.93 9.93 9.93 9.94 9.91 9.94 9.88 9.89 9.90 9.92 9.96 9.98 10.00 10.16 10.16 10.17 10.19 10.19 10.20 10.25 10.23 10.25 10.23 10.13 10.13 10.21 10.22 10.21 10.24 10.25 10.27 10.38 10.39 10.41 10.54 10.60 10.62 10.66 10.67 10.69 10.70 10.66 10.69 10.71 10.60 10.62 10.63 10.85 10.86 10.97 10.99
10.32 10.28 10.25 10.21 10.18 10.15 10.12 10.08 10.04 10.01 9.97 9.93 9.89 9.74 9.73 9.71 9.69 9.68 9.58 9.57 9.58 9.67 9.69 9.71 9.74 9.79 9.84 9.88 9.88 9.88 9.92 9.93 9.91 9.92 9.88 9.91 9.91 9.93 9.95 9.96 9.97 10.15 10.11 10.18 10.19 10.20 10.14 10.25 10.24 10.23 10.20 10.19 10.11 10.10 10.11 10.19 10.23 10.25 10.25 10.30 10.36 10.37 10.49 10.57 10.58 10.60 10.62 10.64 10.60 10.63 10.66 10.58 10.60 10.62 10.63 10.82 10.83 10.84 10.93
10.37 10.34 10.30 10.27 10.23 10.21 10.17 10.14 10.10 10.06 10.02 9.98 9.94 9.91 9.76 9.73 9.72 9.71 9.67 9.67 9.67 9.68 9.68 9.68 9.72 9.76 9.80 9.87 9.86 9.86 9.87 9.93 9.93 9.91 9.92 9.93 9.89 9.90 9.93 10.08 10.09 10.16 10.13 10.15 10.14 10.15 10.15 10.27 10.20 10.19 10.18 10.06 10.07 10.08 10.09 10.20 10.16 10.19 10.20 10.29 10.30 10.39 10.37 10.39 10.42 10.55 10.51 10.54 10.57 10.60 10.56 10.58 10.60 10.62 10.63 10.79 10.80 10.80 10.80
10.35 10.32 10.30 10.27 10.24 10.21 10.23 10.19 10.16 10.12 10.08 10.04 10.00 9.96 9.80 9.74 9.72 9.72 9.75 9.67 9.68 9.65 9.66 9.76 9.80 9.83 9.92 9.95 9.89 9.91 9.86 9.87 9.90 9.90 9.87 9.88 9.87 9.88 9.90 10.04 10.04 9.99 10.06 10.09 10.10 10.14 10.18 10.19 10.30 10.30 10.30 10.17 10.22 10.23 10.24 10.24 10.27 10.31 10.31 10.31 10.30 10.35 10.33 10.34 10.36 10.42 10.47 10.50 10.54 10.50 10.55 10.57 10.60 10.69 10.69 10.69 10.68 10.76 10.77
10.40 10.38 10.35 10.32 10.29 10.26 10.30 10.26 10.23 10.19 10.16 10.12 10.08 10.04 10.00 9.82 9.80 9.77 9.75 9.74 9.71 9.68 9.69 9.84 9.86 9.88 9.89 9.90 9.84 9.85 9.86 9.88 9.84 9.85 9.84 9.86 9.88 9.90 9.98 9.99 10.00 9.94 9.94 10.05 10.06 10.08 10.10 10.14 10.26 10.27 10.27 10.16 10.21 10.22 10.24 10.30 10.26 10.29 10.28 10.30 10.27 10.33 10.21 10.22 10.31 10.36 10.39 10.35 10.41 10.47 10.53 10.66 10.65 10.69 10.70 10.69 10.68 10.65 10.64
10.46 10.43 10.41 10.38 10.35 10.33 10.30 10.26 10.29 10.25 10.21 10.17 10.13 10.09 10.03 9.99 9.94 9.78 9.76 9.77 9.77 9.75 9.75 9.82 9.83 9.84 9.85 9.86 9.78 9.79 9.83 9.83 9.77 9.76 9.78 9.80 9.83 9.85 9.93 9.93 9.94 9.89 9.89 9.99 10.00 10.03 10.04 10.16 10.23 10.24 10.13 10.15 10.17 10.22 10.28 10.29 10.24 10.27 10.27 10.27 10.28 10.31 10.30 10.17 10.17 10.30 10.21 10.32 10.44 10.51 10.60 10.65 10.69 10.71 10.72 10.71 10.68 10.66 10.62
10.51 10.48 10.46 10.44 10.41 10.38 10.35 10.32 10.29 10.27 10.27 10.24 10.19 10.14 10.12 10.07 10.02 9.95 9.79 9.77 9.75 9.74 9.74 9.74 9.73 9.81 9.81 9.81 9.72 9.77 9.77 9.77 9.75 9.70 9.72 9.75 9.77 9.80 9.87 9.88 9.89 9.90 9.83 9.94 9.95 10.04 9.99 10.13 10.21 10.08 10.12 10.14 10.23 10.25 10.24 10.28 10.22 10.31 10.26 10.25 10.27 10.29 10.28 10.26 10.11 10.15 10.24 10.32 10.40 10.48 10.59 10.64 10.69 10.73 10.74 10.73 10.72 10.67 10.61
10.56 10.54 10.52 10.50 10.47 10.44 10.41 10.39 10.36 10.32 10.28 10.22 10.19 10.15 10.10 10.11 10.05 9.99 9.93 9.76 9.75 9.75 9.74 9.73 9.71 9.70 9.68 9.66 9.92 9.72 9.72 9.72 9.70 9.86 9.86 9.86 9.86 9.86 9.89 9.92 9.95 9.99 9.93 9.89 9.91 9.93 9.95 9.92 10.03 10.07 10.13 10.16 10.22 10.22 10.23 10.24 10.30 10.31 10.25 10.23 10.22 10.28 10.26 10.24 10.28 10.19 10.27 10.36 10.45 10.53 10.61 10.64 10.68 10.73 10.77 10.78 10.74 10.69 10.62
10.64 10.61 10.59 10.56 10.54 10.51 10.48 10.45 10.41 10.37 10.33 10.29 10.25 10.20 10.15 10.10 10.10 10.04 9.97 9.93 9.77 9.76 9.74 9.72 9.70 9.68 9.66 9.77 9.85 9.83 9.67 9.83 9.80 9.79 9.79 9.78 9.79 9.79 9.82 9.86 9.89 9.93 9.88 9.90 9.94 9.97 10.07 10.11 10.01 10.08 10.12 10.15 10.16 10.21 10.23 10.24 10.31 10.31 10.32 10.22 10.21 10.28 10.26 10.31 10.22 10.22 10.35 10.35 10.43 10.51 10.58 10.64 10.70 10.79 10.82 10.78 10.75 10.71 10.65
10.79 10.69 10.66 10.64 10.61 10.58 10.55 10.51 10.48 10.44 10.39 10.35 10.30 10.25 10.20 10.15 10.09 10.09 10.03 9.98 9.93 9.77 9.76 9.73 9.71 9.66 9.74 9.72 9.79 9.77 9.78 9.76 9.75 9.72 9.71 9.71 9.72 9.72 9.76 9.79 9.83 9.88 9.83 9.86 9.90 9.93 10.14 10.18 9.99 10.07 10.11 10.14 10.16 10.21 10.23 10.33 10.34 10.37 10.30 10.35 10.32 10.31 10.38 10.37 10.25 10.27 10.39 10.42 10.42 10.49 10.56 10.62 10.68 10.78 10.81 10.78 10.76 10.74 10.69
10.87 10.84 10.80 10.71 10.68 10.65 10.61 10.59 10.54 10.50 10.46 10.41 10.36 10.31 10.26 10.20 10.14 10.15 10.09 10.03 9.97 9.81 9.77 9.74 9.70 9.67 9.70 9.67 9.73 9.73 9.71 9.69 9.68 9.65 9.65 9.64 9.65 9.65 9.69 9.73 9.78 9.82 9.79 9.82 9.95 9.99 10.09 10.13 10.08 10.09 10.13 10.17 10.20 10.28 10.32 10.33 10.35 10.37 10.37 10.36 10.31 10.31 10.39 10.39 10.29 10.31 10.43 10.45 10.38 10.44 10.50 10.56 10.61 10.76 10.80 10.80 10.81 10.67 10.65
10.96 10.92 10.87 10.84 10.80 10.72 10.69 10.66 10.61 10.57 10.52 10.47 10.42 10.37 10.32 10.25 10.19 10.13 10.15 10.08 10.02 9.84 9.79 9.74 9.71 9.66 9.61 9.78 9.74 9.75 9.73 9.63 9.61 9.59 9.58 9.58 9.58 9.59 9.63 9.67 9.72 9.77 9.74 9.87 9.91 9.95 9.99 9.94 10.06 10.07 10.11 10.15 10.19 10.22 10.32 10.34 10.36 10.38 10.37 10.36 10.32 10.42 10.41 10.32 10.33 10.35 10.46 10.48 10.39 10.45 10.51 10.56 10.62 10.75 10.80 10.81 10.83 10.71 10.70
11.03 11.00 10.96 10.93 10.90 10.85 10.77 10.73 10.68 10.64 10.59 10.54 10.49 10.43 10.37 10.31 10.25 10.19 10.21 10.14 9.92 9.87 9.82 9.88 9.84 9.78 9.72 9.66 9.66 9.69 9.66 9.64 9.62 9.61 9.59 9.59 9.60 9.60 9.65 9.69 9.73 9.79 9.87 9.82 9.87 9.91 9.85 9.85 9.90 10.02 10.10 10.15 10.19 10.22 10.26 10.28 10.32 10.32 10.43 10.43 10.36 10.28 10.41 10.38 10.38 10.40 10.50 10.51 10.40 10.46 10.52 10.57 10.63 10.64 10.68 10.75 10.78 10.76 10.76
11.13 11.10 11.06 11.02 10.98 10.94 10.84 10.80 10.76 10.71 10.66 10.61 10.55 10.50 10.44 10.38 10.43 10.36 10.30 10.32 10.24 10.16 9.95 9.91 9.84 9.76 9.69 9.66 9.61 9.57 9.54 9.51 9.55 9.55 9.55 9.54 9.54 9.50 9.59 9.64 9.72 9.77 9.82 9.88 9.82 9.79 9.85 9.85 9.91 9.95 10.07 10.15 10.20 10.23 10.28 10.29 10.33 10.34 10.46 10.45 10.39 10.45 10.45 10.42 10.43 10.46 10.57 10.59 10.41 10.47 10.52 10.58 10.61 10.66 10.70 10.78 10.82 10.81 10.82
11.22 11.18 11.15 11.11 11.06 11.02 10.97 10.88 10.83 10.78 10.73 10.68 10.62 10.57 10.60 10.54 10.47 10.41 10.34 10.27 10.29 10.03 9.97 9.92 9.84 9.75 9.71 9.63 9.57 9.52 9.50 9.47 9.45 9.44 9.50 9.50 9.50 9.44 9.47 9.62 9.67 9.73 9.67 9.75 9.81 9.89 9.84 9.91 9.92 10.02 10.06 10.12 10.21 10.20 10.23 10.31 10.35 10.36 10.48 10.42 10.43 10.44 10.49 10.45 10.47 10.49 10.60 10.61 10.63 10.47 10.53 10.49 10.56 10.68 10.73 10.80 10.86 10.75 10.77
11.31 11.27 11.24 11.20 11.15 11.10 11.06 11.01 10.91 10.86 10.80 10.75 10.77 10.71 10.65 10.59 10.53 10.46 10.39 10.32 10.05 10.07 9.94 9.94 9.86 9.80 9.70 9.60 9.53 9.49 9.47 9.46 9.44 9.42 9.41 9.39 9.46 9.41 9.45 9.58 9.53 9.59 9.67 9.75 9.83 9.89 9.85 9.93 9.94 10.04 10.10 10.15 10.20 10.16 10.21 10.34 10.38 10.34 10.35 10.46 10.47 10.48 10.52 10.49 10.50 10.52 10.63 10.64 10.57 10.59 10.44 10.51 10.58 10.65 10.75 10.83 10.78 10.82 10.85
11.37 11.37 11.33 11.28 11.24 11.19 11.14 11.09 11.08 11.02 10.94 10.89 10.83 10.77 10.71 10.65 10.58 10.51 10.44 10.37 10.09 10.04 9.98 9.90 9.93 9.83 9.72 9.60 9.51 9.49 9.48 9.47 9.45 9.43 9.42 9.39 9.37 9.35 9.39 9.46 9.54 9.61 9.68 9.77 9.85 9.91 9.99 9.95 10.01 10.08 10.14 10.19 10.25 10.23 10.25 10.27 10.37 10.39 10.43 10.43 10.51 10.53 10.52 10.52 10.53 10.56 10.66 10.66 10.60 10.61 10.45 10.52 10.59 10.67 10.74 10.77 10.82 10.87 10.91
11.48 11.45 11.41 11.36 11.32 11.27 11.21 11.16 11.13 11.07 10.94 10.94 10.88 10.83 10.77 10.70 10.64 10.57 10.50 10.43 10.45 10.35 10.02 9.98 9.98 9.88 9.77 9.67 9.58 9.55 9.53 9.51 9.49 9.32 9.31 9.29 9.28 9.30 9.37 9.41 9.48 9.55 9.72 9.81 9.90 9.99 10.05 10.03 10.06 10.13 10.08 10.21 10.19 10.17 10.23 10.19 10.30 10.33 10.47 10.43 10.43 10.43 10.51 10.52 10.44 10.46 10.55 10.56 10.61 10.62 10.64 10.69 10.74 10.79 10.73 10.83 10.92 10.99 11.04
11.56 11.53 11.49 11.44 11.39 11.33 11.28 11.24 11.18 11.12 11.06 10.93 10.93 10.88 10.82 10.75 10.69 10.52 10.45 10.51 10.50 10.41 10.11 10.04 9.96 9.95 9.85 9.76 9.56 9.52 9.46 9.44 9.42 9.40 9.38 9.37 9.39 9.38 9.45 9.51 9.55 9.62 9.70 9.78 9.87 9.96 10.05 10.03 10.12 10.12 10.16 10.21 10.16 10.24 10.24 10.25 10.37 10.38 10.48 10.48 10.47 10.46 10.54 10.54 10.45 10.46 10.56 10.57 10.59 10.59 10.63 10.71 10.76 10.66 10.74 10.85 10.91 11.00 11.05
11.64 11.61 11.56 11.51 11.46 11.40 11.36 11.30 11.24 11.12 11.05 10.90 10.84 10.78 10.72 10.81 10.67 10.60 10.53 10.45 10.56 10.35 10.18 10.11 10.03 10.04 9.83 9.76 9.70 9.65 9.58 9.55 9.52 9.50 9.48 9.49 9.47 9.46 9.53 9.58 9.65 9.70 9.78 9.87 9.95 10.05 10.14 10.12 10.21 10.21 10.25 10.30 10.24 10.24 10.28 10.32 10.45 10.45 10.53 10.51 10.50 10.57 10.56 10.55 10.54 10.46 10.55 10.57 10.56 10.59 10.63 10.68 10.57 10.65 10.74 10.86 10.92 10.97 11.10
11.72 11.68 11.63 11.57 11.51 11.48 11.42 11.31 11.24 11.17 11.11 11.04 10.89 10.84 10.78 10.72 10.66 10.60 10.55 10.54 10.53 10.44 10.35 10.18 9.99 9.93 9.96 9.89 9.83 9.74 9.70 9.67 9.64 9.61 9.61 9.58 9.56 9.55 9.61 9.67 9.73 9.81 9.87 9.95 10.05 10.14 10.24 10.22 10.30 10.31 10.37 10.39 10.29 10.32 10.36 10.36 10.52 10.52 10.58 10.56 10.54 10.60 10.57 10.55 10.54 10.47 10.53 10.54 10.55 10.57 10.62 10.67 10.74 10.65 10.74 10.87 10.93 11.06 11.10
