data/Validacao/U181115.grd
DSAA
94	94
0.0000	100.0000
0.0000	100.0000
8.3413	12.1595
[rows 0 to 34 of 94, columns 0 to 78 of 94]
9.28 9.26 9.24 9.21 9.20 9.18 9.17 9.20 9.20 9.21 9.22 9.24 9.27 9.30 9.35 9.40 9.45 9.49 9.54 9.59 9.63 9.73 9.78 9.83 9.88 9.86 9.90 9.85 9.89 9.88 9.91 9.94 9.91 9.92 10.00 10.01 10.01 10.00 10.00 9.95 9.89 9.84 9.78 9.77 9.71 9.64 9.59 9.52 9.58 9.52 9.46 9.40 9.35 9.29 9.26 9.17 9.14 9.13 9.18 9.17 9.18 9.20 9.22 9.26 9.30 9.34 9.51 9.58 9.67 9.75 9.84 9.97 10.07 10.17 10.28 10.40 10.48 10.53 10.61
9.24 9.22 9.20 9.18 9.16 9.14 9.13 9.12 9.12 9.16 9.17 9.19 9.22 9.25 9.31 9.35 9.41 9.45 9.50 9.55 9.60 9.70 9.76 9.81 9.86 9.92 9.90 9.85 9.89 9.93 9.92 9.95 9.91 9.93 10.00 10.00 10.01 9.98 9.98 9.94 9.89 9.83 9.77 9.76 9.70 9.63 9.58 9.50 9.55 9.48 9.42 9.36 9.30 9.24 9.15 9.11 9.08 9.06 9.12 9.10 9.11 9.13 9.16 9.19 9.23 9.20 9.45 9.53 9.61 9.70 9.79 9.92 10.02 10.13 10.26 10.33 10.42 10.51 10.60
9.20 9.18 9.16 9.14 9.12 9.10 9.09 9.08 9.08 9.08 9.12 9.14 9.17 9.20 9.26 9.30 9.36 9.42 9.46 9.51 9.57 9.63 9.73 9.79 9.85 9.90 9.90 9.86 9.90 9.93 9.93 9.95 9.97 9.99 9.99 9.99 9.99 9.96 9.96 9.92 9.87 9.82 9.76 9.75 9.69 9.63 9.56 9.49 9.38 9.44 9.38 9.31 9.25 9.12 9.08 9.05 9.02 9.00 8.99 9.03 9.04 9.06 9.09 9.13 9.09 9.15 9.21 9.47 9.55 9.64 9.74 9.87 9.98 10.08 10.19 10.29 10.39 10.49 10.58
9.16 9.14 9.12 9.10 9.08 9.06 9.05 9.03 9.03 9.03 9.04 9.05 9.11 9.15 9.20 9.25 9.31 9.37 9.41 9.47 9.54 9.60 9.65 9.76 9.83 9.83 9.89 9.89 9.90 9.94 9.97 9.95 9.97 9.98 9.98 9.98 9.97 9.96 9.93 9.90 9.85 9.80 9.80 9.74 9.69 9.62 9.55 9.47 9.37 9.29 9.33 9.26 9.19 9.07 9.02 8.99 8.96 8.94 8.92 8.91 8.97 8.99 9.02 8.98 9.04 9.10 9.16 9.23 9.49 9.59 9.69 9.82 9.93 10.04 10.15 10.26 10.36 10.46 10.56
9.12 9.10 9.08 9.06 9.04 9.02 9.00 8.99 8.98 8.98 8.99 9.00 9.03 9.10 9.15 9.20 9.26 9.32 9.36 9.43 9.50 9.56 9.63 9.74 9.75 9.82 9.89 9.94 9.90 9.94 9.97 9.99 10.03 9.97 9.97 9.96 9.95 9.94 9.91 9.87 9.83 9.78 9.78 9.74 9.67 9.60 9.53 9.47 9.35 9.27 9.18 9.21 9.08 9.02 8.96 8.91 8.89 8.87 8.85 8.84 8.84 8.91 8.88 8.93 8.98 9.04 9.11 9.19 9.44 9.53 9.64 9.74 9.88 10.00 10.12 10.23 10.34 10.44 10.54
9.09 9.07 9.05 9.02 9.00 8.98 8.96 8.94 8.93 8.92 8.93 8.95 8.97 9.01 9.05 9.15 9.21 9.27 9.35 9.39 9.46 9.53 9.60 9.62 9.74 9.82 9.88 9.94 9.94 9.94 9.96 9.98 10.00 9.96 9.95 9.94 9.93 9.92 9.88 9.84 9.80 9.76 9.78 9.72 9.66 9.59 9.52 9.42 9.33 9.24 9.15 9.00 9.03 8.96 8.89 8.84 8.81 8.80 8.78 8.77 8.77 8.78 8.82 8.87 8.92 8.99 9.06 9.14 9.22 9.48 9.58 9.69 9.81 9.97 10.08 10.20 10.31 10.42 10.53
9.06 9.04 9.01 8.99 8.96 8.94 8.91 8.89 8.88 8.87 8.88 8.90 8.92 8.96 9.00 9.06 9.16 9.23 9.30 9.34 9.42 9.50 9.53 9.61 9.68 9.81 9.88 9.94 9.94 9.94 9.96 9.98 10.04 10.04 9.94 9.92 9.91 9.89 9.85 9.81 9.77 9.73 9.75 9.70 9.64 9.58 9.52 9.40 9.32 9.22 9.13 8.97 8.88 8.90 8.83 8.76 8.76 8.72 8.70 8.69 8.65 8.67 8.76 8.81 8.87 8.93 9.01 9.09 9.18 9.43 9.54 9.64 9.77 9.94 10.06 10.18 10.29 10.40 10.51
9.08 9.01 8.98 8.96 8.93 8.90 8.87 8.85 8.83 8.82 8.82 8.85 8.88 8.91 8.96 9.02 9.08 9.19 9.26 9.34 9.38 9.42 9.51 9.60 9.68 9.81 9.88 9.94 9.94 9.97 9.96 9.97 10.02 10.02 9.92 9.90 9.88 9.86 9.83 9.78 9.74 9.71 9.73 9.68 9.62 9.58 9.51 9.39 9.30 9.20 9.04 8.94 8.84 8.75 8.76 8.69 8.67 8.65 8.63 8.58 8.59 8.62 8.65 8.75 8.81 8.88 8.96 9.05 9.14 9.23 9.49 9.66 9.78 9.91 10.04 10.16 10.28 10.39 10.50
9.06 8.98 8.96 8.93 8.90 8.87 8.84 8.81 8.79 8.77 8.78 8.80 8.84 8.88 8.92 8.98 9.05 9.10 9.21 9.30 9.31 9.40 9.50 9.59 9.67 9.75 9.88 9.94 9.94 9.96 9.97 9.97 9.96 9.99 9.89 9.87 9.87 9.82 9.80 9.75 9.71 9.74 9.69 9.65 9.60 9.57 9.50 9.38 9.29 9.12 9.02 8.91 8.81 8.71 8.61 8.52 8.59 8.51 8.50 8.53 8.54 8.56 8.60 8.70 8.76 8.83 8.91 9.01 9.10 9.20 9.40 9.63 9.76 9.89 10.02 10.14 10.26 10.38 10.49
9.05 9.02 8.94 8.91 8.89 8.86 8.82 8.79 8.76 8.72 8.74 8.78 8.82 8.86 8.90 8.96 9.03 9.08 9.14 9.18 9.29 9.39 9.49 9.59 9.67 9.74 9.81 9.94 9.94 9.95 9.95 9.94 9.92 9.93 9.92 9.84 9.86 9.80 9.77 9.71 9.68 9.71 9.66 9.62 9.57 9.54 9.49 9.37 9.26 9.09 8.99 8.89 8.78 8.67 8.57 8.47 8.47 8.45 8.45 8.48 8.49 8.52 8.56 8.61 8.72 8.78 8.88 8.97 9.07 9.17 9.38 9.61 9.74 9.88 10.01 10.13 10.25 10.37 10.49
9.04 9.01 8.98 8.90 8.88 8.85 8.82 8.79 8.76 8.73 8.75 8.78 8.82 8.86 8.91 8.97 9.04 9.03 9.10 9.14 9.23 9.38 9.48 9.58 9.66 9.73 9.79 9.92 9.96 9.92 9.92 9.90 9.89 9.89 9.88 9.80 9.82 9.74 9.70 9.67 9.71 9.67 9.62 9.58 9.53 9.50 9.45 9.33 9.16 9.06 8.96 8.85 8.75 8.64 8.47 8.38 8.37 8.36 8.42 8.46 8.47 8.50 8.54 8.58 8.63 8.77 8.86 8.95 9.05 9.15 9.36 9.48 9.63 9.87 10.00 10.13 10.25 10.37 10.49
9.03 9.00 8.98 8.90 8.87 8.85 8.82 8.80 8.78 8.77 8.78 8.81 8.85 8.89 8.94 9.00 8.99 9.06 9.13 9.21 9.25 9.34 9.42 9.56 9.64 9.71 9.77 9.81 9.92 9.88 9.90 9.86 9.84 9.84 9.83 9.86 9.78 9.70 9.66 9.62 9.67 9.62 9.57 9.53 9.50 9.45 9.33 9.26 9.11 9.02 8.92 8.82 8.72 8.55 8.47 8.39 8.39 8.37 8.35 8.34 8.46 8.49 8.52 8.57 8.63 8.77 8.85 8.94 9.04 9.24 9.36 9.48 9.64 9.87 10.00 10.13 10.25 10.37 10.47
9.03 9.00 8.98 8.95 8.88 8.86 8.84 8.82 8.81 8.81 8.83 8.85 8.89 8.94 8.90 8.96 9.03 9.10 9.16 9.24 9.28 9.35 9.43 9.50 9.62 9.69 9.74 9.78 9.88 9.85 9.85 9.84 9.79 9.79 9.82 9.80 9.68 9.65 9.62 9.58 9.60 9.57 9.52 9.47 9.44 9.39 9.32 9.12 9.05 8.97 8.88 8.79 8.63 8.55 8.47 8.47 8.41 8.38 8.36 8.35 8.35 8.48 8.52 8.57 8.63 8.77 8.85 8.94 9.04 9.25 9.37 9.49 9.66 9.78 10.01 10.14 10.26 10.36 10.47
9.05 9.02 9.00 8.97 8.89 8.87 8.86 8.85 8.85 8.86 8.87 8.90 8.94 8.89 8.95 9.01 9.07 9.14 9.20 9.28 9.30 9.37 9.44 9.50 9.55 9.66 9.71 9.75 9.84 9.81 9.80 9.79 9.74 9.74 9.77 9.74 9.63 9.61 9.56 9.53 9.54 9.52 9.47 9.44 9.39 9.33 9.26 9.06 9.00 8.93 8.77 8.70 8.63 8.55 8.48 8.49 8.43 8.38 8.37 8.36 8.36 8.38 8.52 8.57 8.63 8.78 8.86 8.95 9.15 9.27 9.39 9.51 9.68 9.80 10.02 10.15 10.24 10.37 10.48
9.05 9.03 9.00 8.98 8.96 8.88 8.87 8.86 8.89 8.90 8.92 8.95 8.89 8.94 9.00 9.05 9.12 9.18 9.24 9.31 9.38 9.39 9.45 9.50 9.55 9.58 9.69 9.72 9.76 9.76 9.75 9.73 9.71 9.74 9.71 9.62 9.59 9.55 9.57 9.53 9.47 9.43 9.40 9.39 9.33 9.27 9.21 9.01 8.96 8.82 8.76 8.70 8.63 8.56 8.48 8.50 8.44 8.39 8.39 8.38 8.38 8.39 8.42 8.58 8.64 8.71 8.85 8.95 9.18 9.30 9.42 9.54 9.66 9.82 9.91 10.12 10.25 10.37 10.49
9.06 9.04 9.02 9.00 8.98 8.96 8.89 8.89 8.90 8.91 8.92 8.90 8.94 8.99 9.05 9.10 9.16 9.21 9.27 9.33 9.40 9.40 9.45 9.50 9.54 9.58 9.60 9.73 9.65 9.72 9.70 9.68 9.69 9.66 9.63 9.60 9.57 9.55 9.44 9.41 9.44 9.40 9.35 9.33 9.28 9.22 9.16 9.00 8.84 8.80 8.76 8.70 8.64 8.56 8.59 8.52 8.46 8.41 8.40 8.39 8.40 8.41 8.44 8.48 8.63 8.71 8.87 8.97 9.21 9.33 9.46 9.58 9.73 9.81 9.93 10.14 10.27 10.39 10.51
9.07 9.05 9.03 9.01 9.00 8.98 8.97 8.92 8.93 8.94 8.96 8.95 8.99 9.04 9.09 9.14 9.20 9.24 9.30 9.36 9.42 9.41 9.46 9.50 9.54 9.57 9.59 9.60 9.63 9.67 9.65 9.66 9.63 9.64 9.57 9.54 9.51 9.47 9.37 9.34 9.38 9.35 9.29 9.25 9.23 9.17 9.10 8.97 8.83 8.80 8.76 8.72 8.65 8.58 8.61 8.54 8.48 8.43 8.40 8.41 8.42 8.44 8.47 8.52 8.57 8.74 8.90 9.00 9.25 9.38 9.50 9.58 9.73 9.85 9.97 10.08 10.29 10.42 10.53
9.08 9.06 9.05 9.03 9.02 9.01 9.00 8.95 8.96 8.97 8.95 8.99 9.03 9.09 9.14 9.16 9.20 9.25 9.32 9.37 9.43 9.39 9.43 9.46 9.52 9.55 9.57 9.59 9.59 9.64 9.61 9.61 9.62 9.58 9.50 9.47 9.44 9.39 9.30 9.28 9.33 9.30 9.25 9.20 9.15 9.16 9.06 8.96 8.82 8.81 8.78 8.74 8.71 8.65 8.58 8.56 8.50 8.46 8.46 8.45 8.45 8.47 8.51 8.56 8.61 8.77 8.92 9.17 9.30 9.39 9.51 9.62 9.78 9.89 10.01 10.12 10.32 10.45 10.56
9.09 9.08 9.06 9.05 9.04 9.03 9.01 9.01 9.02 9.00 8.98 9.02 9.05 9.10 9.15 9.19 9.23 9.27 9.33 9.38 9.35 9.38 9.42 9.45 9.48 9.50 9.52 9.49 9.57 9.55 9.56 9.56 9.56 9.52 9.45 9.41 9.41 9.31 9.28 9.22 9.29 9.25 9.21 9.17 9.10 9.14 9.04 8.94 8.82 8.84 8.83 8.81 8.76 8.69 8.61 8.54 8.52 8.51 8.50 8.49 8.49 8.51 8.57 8.62 8.67 8.82 8.97 9.23 9.36 9.45 9.56 9.68 9.83 9.94 10.06 10.17 10.36 10.48 10.60
9.06 9.05 9.04 9.03 9.02 9.01 9.04 9.04 9.05 8.96 8.93 9.02 9.07 9.12 9.17 9.20 9.24 9.28 9.32 9.31 9.33 9.36 9.39 9.42 9.45 9.46 9.48 9.46 9.47 9.48 9.52 9.50 9.46 9.43 9.42 9.34 9.35 9.21 9.23 9.18 9.12 9.23 9.13 9.12 9.09 9.05 8.94 8.97 8.86 8.86 8.86 8.85 8.80 8.73 8.66 8.59 8.55 8.58 8.57 8.57 8.57 8.59 8.65 8.70 8.71 8.77 9.04 9.22 9.33 9.51 9.62 9.73 9.89 10.00 10.11 10.22 10.33 10.50 10.70
9.07 9.06 9.05 9.04 9.03 9.03 9.02 8.95 8.97 8.99 8.94 8.98 9.02 9.06 9.17 9.20 9.23 9.26 9.24 9.27 9.30 9.32 9.34 9.37 9.37 9.38 9.39 9.40 9.39 9.42 9.38 9.44 9.41 9.38 9.32 9.30 9.26 9.20 9.17 9.16 9.10 9.09 9.12 9.11 9.08 8.98 8.98 8.97 8.88 8.88 8.88 8.87 8.84 8.79 8.73 8.69 8.65 8.62 8.67 8.67 8.69 8.66 8.72 8.77 8.83 8.88 9.15 9.32 9.42 9.59 9.70 9.80 9.95 10.06 10.17 10.27 10.44 10.56 10.67
9.08 9.07 9.06 9.05 9.05 9.04 9.04 8.97 8.99 9.00 9.02 8.98 9.01 9.05 9.08 9.10 9.12 9.16 9.19 9.21 9.24 9.25 9.26 9.27 9.28 9.30 9.30 9.31 9.27 9.35 9.30 9.38 9.36 9.33 9.28 9.26 9.24 9.18 9.15 9.14 9.09 9.07 9.12 9.12 9.09 9.01 9.00 8.87 8.91 8.91 8.90 8.89 8.86 8.83 8.82 8.78 8.75 8.73 8.72 8.73 8.76 8.80 8.84 8.90 8.95 9.00 9.26 9.35 9.50 9.60 9.78 9.88 10.03 10.13 10.23 10.33 10.51 10.62 10.73
9.16 9.09 9.08 9.07 9.06 9.05 8.98 8.99 9.00 9.02 9.03 8.97 9.00 9.03 9.05 9.07 9.08 9.11 9.13 9.15 9.17 9.17 9.17 9.18 9.19 9.20 9.21 9.24 9.19 9.25 9.23 9.20 9.30 9.26 9.24 9.23 9.21 9.16 9.14 9.13 9.08 9.07 9.12 9.14 9.05 9.03 9.01 8.90 8.95 8.95 8.94 8.93 8.91 8.89 8.90 8.87 8.85 8.84 8.83 8.86 8.89 8.93 8.98 9.03 9.08 9.13 9.39 9.47 9.61 9.70 9.79 9.88 10.05 10.20 10.29 10.46 10.57 10.68 10.84
9.18 9.16 9.15 9.14 9.07 8.99 8.99 9.00 9.00 9.02 9.03 9.04 8.99 9.01 9.02 9.03 9.04 9.05 9.07 9.08 9.09 9.08 9.08 9.09 9.09 9.10 9.16 9.17 9.18 9.17 9.16 9.14 9.12 9.25 9.23 9.20 9.14 9.13 9.14 9.12 9.08 9.07 9.06 9.09 9.08 9.06 9.05 8.98 8.98 8.99 8.98 8.97 8.96 8.95 8.93 8.95 8.94 8.94 8.96 8.99 9.03 9.07 9.12 9.17 9.22 9.26 9.51 9.59 9.72 9.80 9.88 9.96 10.13 10.20 10.33 10.53 10.63 10.79 10.90
9.20 9.18 9.17 9.15 9.06 9.06 9.00 9.01 9.01 9.02 9.03 9.04 9.04 8.98 8.99 8.99 8.99 8.99 9.00 9.00 8.99 8.98 8.98 8.98 8.99 9.05 9.06 9.07 9.15 9.09 9.09 9.08 9.09 9.11 9.13 9.13 9.16 9.11 9.08 9.08 9.10 9.09 9.03 9.12 9.10 9.09 9.08 9.02 9.02 9.02 9.03 9.02 9.01 9.01 9.01 9.03 9.04 9.05 9.07 9.12 9.16 9.21 9.26 9.31 9.35 9.59 9.65 9.72 9.83 9.90 9.97 10.04 10.19 10.28 10.44 10.58 10.76 10.86 10.96
9.22 9.20 9.19 9.09 9.08 9.08 9.07 9.07 9.02 9.02 9.03 9.03 9.03 9.03 8.96 8.95 8.94 8.93 8.92 8.92 8.90 8.88 8.88 8.88 8.93 8.95 8.97 8.98 9.07 9.02 9.03 9.03 9.04 9.06 9.08 9.09 9.14 9.09 9.08 9.06 9.09 9.08 9.04 9.05 9.13 9.12 9.11 9.06 9.07 9.07 9.06 9.07 9.07 9.07 9.07 9.11 9.12 9.14 9.19 9.24 9.29 9.34 9.40 9.45 9.49 9.72 9.78 9.84 9.95 9.99 10.06 10.12 10.26 10.34 10.51 10.67 10.77 10.87 11.02
9.23 9.22 9.12 9.11 9.10 9.10 9.09 9.08 9.07 9.02 9.02 9.02 9.02 9.01 9.00 8.92 8.89 8.86 8.85 8.83 8.80 8.78 8.77 8.81 8.82 8.85 8.87 8.90 8.99 8.96 8.97 8.98 8.99 9.01 9.02 9.04 9.04 9.06 9.06 9.06 9.08 9.09 9.06 9.07 9.16 9.16 9.11 9.12 9.11 9.11 9.11 9.11 9.11 9.12 9.13 9.15 9.20 9.24 9.29 9.35 9.41 9.47 9.52 9.58 9.62 9.86 9.91 10.02 10.06 10.11 10.23 10.29 10.35 10.47 10.63 10.73 10.83 10.99 11.09
9.25 9.14 9.14 9.13 9.12 9.11 9.10 9.09 9.08 9.07 9.06 9.01 9.00 9.00 8.98 8.95 8.90 8.80 8.77 8.73 8.71 8.69 8.71 8.70 8.72 8.75 8.79 9.10 9.14 9.12 9.14 9.16 8.94 9.19 9.20 9.18 9.01 9.04 9.04 9.16 9.23 9.24 9.22 9.08 9.33 9.33 9.29 9.30 9.15 9.15 9.15 9.15 9.16 9.17 9.19 9.21 9.27 9.32 9.38 9.45 9.53 9.59 9.64 9.69 9.74 10.08 10.12 10.15 10.17 10.20 10.31 10.36 10.42 10.54 10.76 10.85 10.94 11.04 11.14
9.23 9.17 9.16 9.15 9.14 9.13 9.11 9.10 9.09 9.07 9.07 9.06 9.06 9.05 9.05 8.99 8.93 8.83 8.77 8.67 8.64 8.83 8.82 8.80 8.87 8.93 8.99 9.07 9.11 9.16 9.13 9.13 9.15 9.19 9.20 9.18 9.19 9.27 9.16 9.18 9.25 9.26 9.24 9.26 9.37 9.37 9.34 9.35 9.35 9.34 9.33 9.33 9.29 9.30 9.21 9.24 9.41 9.40 9.55 9.64 9.73 9.80 9.85 9.90 10.11 10.19 10.22 10.24 10.27 10.30 10.43 10.48 10.58 10.71 10.82 10.91 11.00 11.10 11.20
9.25 9.24 9.18 9.17 9.15 9.14 9.12 9.11 9.09 9.08 9.06 9.05 9.03 9.02 9.00 8.95 8.89 8.83 8.96 8.90 8.83 8.82 8.81 8.81 8.87 8.92 8.97 9.05 9.10 9.09 9.12 9.13 9.15 9.19 9.21 9.26 9.29 9.26 9.32 9.33 9.27 9.29 9.27 9.29 9.31 9.45 9.38 9.39 9.40 9.39 9.39 9.39 9.36 9.38 9.40 9.52 9.57 9.56 9.63 9.71 9.79 9.86 9.92 9.97 10.18 10.24 10.28 10.31 10.33 10.36 10.50 10.55 10.66 10.78 10.88 10.96 11.05 11.15 11.24
9.28 9.27 9.25 9.19 9.17 9.15 9.13 9.11 9.09 9.08 9.06 9.03 9.01 8.98 8.96 9.08 9.04 9.00 8.94 8.91 8.85 8.85 8.85 8.83 8.88 8.92 8.99 9.05 9.10 9.09 9.12 9.14 9.16 9.29 9.31 9.30 9.32 9.30 9.32 9.38 9.45 9.46 9.30 9.32 9.34 9.48 9.42 9.43 9.43 9.44 9.44 9.45 9.43 9.53 9.54 9.58 9.63 9.73 9.79 9.86 9.84 9.91 9.97 10.15 10.22 10.28 10.32 10.36 10.39 10.51 10.56 10.67 10.73 10.83 10.93 11.01 11.10 11.19 11.29
9.30 9.29 9.27 9.25 9.23 9.21 9.14 9.12 9.09 9.07 9.05 9.02 8.99 9.14 9.11 9.07 9.04 8.98 8.95 8.92 8.89 8.87 8.87 8.88 8.91 8.95 9.01 9.06 9.11 9.10 9.11 9.24 9.27 9.32 9.35 9.34 9.32 9.34 9.36 9.43 9.51 9.51 9.53 9.50 9.38 9.52 9.53 9.47 9.48 9.46 9.54 9.56 9.58 9.60 9.62 9.66 9.70 9.78 9.84 9.92 9.98 10.03 10.12 10.19 10.26 10.31 10.36 10.40 10.54 10.58 10.62 10.73 10.79 10.88 10.96 11.06 11.14 11.23 11.28
9.33 9.32 9.30 9.28 9.25 9.23 9.20 9.17 9.10 9.07 9.19 9.17 9.16 9.14 9.10 9.07 9.01 8.98 8.95 8.92 8.90 8.90 8.91 8.92 8.94 9.00 9.05 9.09 9.09 9.10 9.13 9.28 9.31 9.36 9.39 9.38 9.36 9.38 9.41 9.43 9.57 9.57 9.56 9.56 9.42 9.45 9.57 9.52 9.57 9.59 9.61 9.63 9.65 9.66 9.69 9.72 9.77 9.84 9.89 9.95 10.03 10.08 10.25 10.31 10.37 10.34 10.49 10.54 10.58 10.63 10.72 10.75 10.81 10.91 11.02 11.02 11.13 11.21 11.30
9.36 9.34 9.32 9.30 9.27 9.24 9.21 9.18 9.26 9.23 9.21 9.19 9.13 9.10 9.06 9.05 9.02 8.98 8.92 8.91 8.92 8.93 8.94 8.91 9.01 9.05 9.09 9.13 9.28 9.27 9.33 9.33 9.37 9.41 9.38 9.38 9.40 9.43 9.45 9.47 9.50 9.52 9.59 9.62 9.68 9.62 9.76 9.62 9.64 9.66 9.68 9.66 9.71 9.73 9.75 9.77 9.80 9.89 9.94 10.00 10.04 10.00 10.29 10.35 10.41 10.30 10.39 10.45 10.61 10.66 10.64 10.82 10.88 10.94 10.94 11.06 11.14 11.16 11.24
9.38 9.37 9.35 9.32 9.29 9.26 9.22 9.31 9.28 9.24 9.20 9.16 9.13 9.10 9.06 9.03 8.98 8.95 8.92 8.91 8.92 8.94 8.91 8.94 8.98 9.10 9.14 9.28 9.33 9.34 9.38 9.39 9.38 9.41 9.43 9.39 9.45 9.48 9.50 9.48 9.55 9.63 9.65 9.65 9.75 9.70 9.84 9.85 9.71 9.73 9.71 9.72 9.74 9.77 9.79 9.82 9.85 9.89 9.94 10.03 10.08 10.02 10.06 10.23 10.28 10.28 10.40 10.48 10.53 10.61 10.67 10.85 10.91 10.91 10.93 10.99 11.15 11.16 11.29
