data/Validacao/U221015.grd
DSAA
94	94
0.0000	100.0000
0.0000	100.0000
4.0576	7.9722
[rows 38 to 75 of 94, columns 0 to 83 of 94]
5.74 5.75 5.75 5.76 5.73 5.74 5.74 5.75 5.75 5.74 5.74 5.73 5.72 5.71 5.72 5.71 5.81 5.79 5.78 5.76 5.73 5.70 5.68 5.79 5.77 5.76 5.83 5.83 5.87 5.88 5.89 5.89 5.92 5.97 5.94 6.02 6.09 6.17 6.25 6.35 6.48 6.56 6.64 6.72 6.71 6.76 6.80 6.83 6.81 6.85 6.84 6.85 6.83 6.79 6.74 6.69 6.64 6.57 6.50 6.51 6.45 6.40 6.43 6.41 6.41 6.32 6.25 6.26 6.26 6.28 6.30 6.38 6.40 6.42 6.44 6.43 6.40 6.38 6.43 6.40 6.45 6.35 6.33 6.31
5.70 5.71 5.73 5.74 5.75 5.76 5.77 5.74 5.75 5.75 5.75 5.74 5.72 5.71 5.71 5.70 5.68 5.77 5.75 5.72 5.69 5.78 5.76 5.74 5.79 5.78 5.76 5.83 5.79 5.79 5.82 5.79 5.86 5.91 5.96 5.98 6.05 6.14 6.23 6.33 6.45 6.54 6.63 6.62 6.68 6.77 6.81 6.83 6.84 6.84 6.87 6.84 6.80 6.76 6.70 6.64 6.67 6.59 6.50 6.44 6.43 6.38 6.34 6.32 6.21 6.22 6.20 6.17 6.20 6.22 6.22 6.29 6.31 6.33 6.33 6.33 6.31 6.36 6.33 6.30 6.34 6.32 6.29 6.27
5.65 5.67 5.69 5.70 5.72 5.73 5.75 5.76 5.77 5.78 5.78 5.74 5.73 5.73 5.71 5.69 5.66 5.63 5.72 5.68 5.78 5.74 5.71 5.68 5.73 5.71 5.77 5.75 5.71 5.71 5.73 5.73 5.77 5.85 5.92 5.99 6.03 6.13 6.25 6.35 6.44 6.54 6.62 6.62 6.69 6.78 6.82 6.85 6.86 6.85 6.82 6.83 6.84 6.78 6.78 6.71 6.62 6.53 6.44 6.41 6.35 6.30 6.25 6.12 6.11 6.07 6.12 6.15 6.10 6.13 6.16 6.26 6.22 6.24 6.24 6.24 6.32 6.30 6.24 6.30 6.24 6.23 6.18 6.18
5.60 5.62 5.64 5.66 5.68 5.70 5.72 5.74 5.76 5.77 5.78 5.78 5.76 5.77 5.71 5.68 5.64 5.61 5.57 5.66 5.75 5.71 5.67 5.71 5.67 5.64 5.62 5.68 5.64 5.64 5.64 5.67 5.72 5.81 5.88 5.99 6.07 6.17 6.20 6.30 6.46 6.61 6.56 6.63 6.79 6.80 6.84 6.90 6.88 6.85 6.82 6.89 6.83 6.88 6.80 6.67 6.58 6.53 6.44 6.35 6.28 6.22 6.09 6.05 6.04 6.05 6.03 6.09 6.12 6.05 6.09 6.19 6.21 6.23 6.23 6.26 6.25 6.28 6.24 6.20 6.14 6.11 6.08 6.07
5.53 5.56 5.58 5.61 5.63 5.66 5.69 5.71 5.74 5.76 5.77 5.77 5.79 5.77 5.74 5.70 5.66 5.69 5.68 5.63 5.58 5.67 5.62 5.58 5.61 5.57 5.51 5.49 5.56 5.56 5.59 5.64 5.71 5.76 5.86 5.99 6.09 6.16 6.31 6.41 6.53 6.64 6.69 6.72 6.80 6.88 6.98 6.99 6.92 6.89 6.84 6.91 6.95 6.87 6.78 6.69 6.64 6.49 6.40 6.30 6.21 6.07 6.06 6.02 6.00 5.94 5.97 6.01 6.05 6.10 6.15 6.18 6.21 6.23 6.23 6.25 6.28 6.25 6.20 6.14 6.05 6.01 5.98 5.96
5.54 5.49 5.52 5.54 5.58 5.61 5.65 5.68 5.71 5.74 5.76 5.76 5.78 5.76 5.73 5.69 5.78 5.74 5.69 5.64 5.58 5.51 5.56 5.55 5.50 5.48 5.44 5.42 5.45 5.49 5.53 5.60 5.70 5.82 5.91 6.00 6.10 6.23 6.33 6.45 6.56 6.67 6.72 6.82 6.83 7.02 7.07 7.08 7.01 7.14 7.08 7.02 7.07 6.88 6.87 6.76 6.64 6.53 6.43 6.31 6.22 6.07 6.00 5.95 5.90 5.89 5.88 5.93 6.03 6.02 6.09 6.13 6.17 6.23 6.23 6.26 6.23 6.19 6.13 6.07 6.01 5.96 5.92 5.89
5.47 5.49 5.52 5.48 5.51 5.56 5.60 5.64 5.69 5.72 5.74 5.77 5.77 5.73 5.82 5.80 5.75 5.74 5.68 5.58 5.52 5.45 5.57 5.51 5.45 5.39 5.38 5.38 5.38 5.45 5.51 5.58 5.67 5.82 5.90 6.00 6.13 6.24 6.36 6.47 6.58 6.69 6.71 6.85 6.94 7.06 7.11 7.12 7.10 7.17 7.10 7.03 7.08 6.98 6.86 6.75 6.63 6.52 6.42 6.30 6.26 6.04 5.96 5.87 5.82 5.81 5.84 5.90 5.97 5.99 6.07 6.13 6.19 6.21 6.21 6.23 6.20 6.14 6.08 6.01 5.94 5.88 5.82 5.78
5.39 5.41 5.44 5.48 5.52 5.49 5.55 5.60 5.64 5.68 5.74 5.74 5.73 5.85 5.83 5.79 5.74 5.69 5.63 5.57 5.50 5.43 5.36 5.48 5.41 5.35 5.35 5.30 5.34 5.38 5.46 5.56 5.70 5.81 5.94 6.08 6.19 6.26 6.39 6.51 6.61 6.72 6.74 6.87 6.98 7.07 7.13 7.15 7.14 7.15 7.12 7.04 7.08 6.99 6.84 6.75 6.63 6.52 6.42 6.35 6.25 6.15 5.90 5.82 5.76 5.73 5.78 5.86 5.91 5.99 6.09 6.14 6.18 6.21 6.22 6.23 6.17 6.12 6.05 5.98 5.90 5.82 5.74 5.68
5.31 5.34 5.37 5.40 5.45 5.50 5.55 5.53 5.60 5.66 5.71 5.71 5.84 5.82 5.80 5.78 5.74 5.69 5.63 5.56 5.49 5.42 5.35 5.46 5.40 5.33 5.31 5.24 5.27 5.34 5.44 5.59 5.70 5.81 5.96 6.10 6.21 6.32 6.42 6.53 6.64 6.75 6.76 6.91 7.01 7.10 7.18 7.19 7.23 7.17 7.09 7.05 7.07 6.97 6.84 6.74 6.64 6.53 6.48 6.36 6.25 5.99 5.90 5.81 5.75 5.67 5.74 5.89 6.00 6.05 6.13 6.18 6.21 6.23 6.25 6.23 6.18 6.12 6.05 5.97 5.89 5.79 5.70 5.60
5.25 5.23 5.26 5.30 5.35 5.40 5.47 5.57 5.64 5.70 5.70 5.79 5.80 5.80 5.79 5.77 5.73 5.69 5.63 5.56 5.49 5.42 5.34 5.47 5.40 5.33 5.30 5.24 5.22 5.30 5.40 5.60 5.72 5.84 6.01 6.12 6.24 6.36 6.46 6.57 6.68 6.69 6.79 6.90 7.00 7.12 7.19 7.20 7.24 7.17 7.09 7.12 7.07 6.98 6.87 6.75 6.61 6.58 6.50 6.33 6.23 6.14 5.95 5.87 5.79 5.74 5.83 5.95 6.03 6.12 6.19 6.24 6.27 6.28 6.31 6.27 6.21 6.14 6.07 5.98 5.89 5.79 5.69 5.60
5.16 5.16 5.20 5.24 5.29 5.35 5.46 5.53 5.60 5.75 5.84 5.79 5.81 5.78 5.77 5.76 5.73 5.69 5.63 5.57 5.50 5.43 5.36 5.37 5.47 5.41 5.35 5.30 5.31 5.36 5.44 5.64 5.75 5.89 6.04 6.16 6.28 6.39 6.49 6.60 6.71 6.73 6.83 6.92 7.01 7.09 7.17 7.24 7.20 7.17 7.09 7.11 7.02 6.99 6.89 6.79 6.64 6.57 6.47 6.36 6.27 6.19 6.02 5.95 5.91 5.91 5.97 6.08 6.14 6.22 6.29 6.33 6.36 6.41 6.39 6.35 6.28 6.21 6.13 6.04 5.95 5.85 5.76 5.69
5.05 5.07 5.11 5.15 5.21 5.28 5.39 5.56 5.63 5.70 5.75 5.75 5.78 5.79 5.80 5.75 5.73 5.69 5.64 5.58 5.50 5.44 5.46 5.40 5.51 5.46 5.41 5.38 5.42 5.47 5.53 5.59 5.75 5.93 6.08 6.20 6.31 6.43 6.53 6.64 6.74 6.76 6.86 6.94 7.02 7.08 7.12 7.21 7.18 7.14 7.07 7.11 7.02 6.99 6.89 6.78 6.73 6.63 6.49 6.44 6.36 6.29 6.12 6.08 6.06 6.10 6.15 6.23 6.32 6.35 6.42 6.46 6.52 6.52 6.49 6.45 6.38 6.30 6.22 6.13 6.03 5.94 5.86 5.81
4.95 4.97 5.01 5.07 5.13 5.22 5.42 5.50 5.57 5.65 5.71 5.76 5.80 5.77 5.78 5.78 5.75 5.72 5.66 5.59 5.53 5.51 5.46 5.44 5.56 5.54 5.51 5.49 5.51 5.54 5.58 5.66 5.77 5.88 6.03 6.18 6.39 6.51 6.62 6.68 6.77 6.74 6.88 6.95 7.02 7.13 7.10 7.21 7.18 7.13 7.06 6.98 7.03 6.92 6.83 6.79 6.75 6.67 6.59 6.49 6.43 6.37 6.25 6.22 6.23 6.27 6.33 6.41 6.48 6.52 6.58 6.65 6.67 6.66 6.63 6.57 6.50 6.42 6.33 6.23 6.14 6.05 5.98 5.93
4.85 4.88 4.92 5.06 5.13 5.27 5.36 5.44 5.53 5.60 5.67 5.73 5.77 5.81 5.78 5.76 5.75 5.73 5.68 5.63 5.58 5.55 5.52 5.53 5.64 5.61 5.58 5.55 5.59 5.60 5.66 5.77 5.86 6.00 6.10 6.20 6.31 6.42 6.52 6.69 6.87 6.96 6.96 7.03 7.09 7.13 7.14 7.26 7.17 7.12 7.05 7.11 7.01 6.92 6.84 6.79 6.76 6.71 6.64 6.61 6.56 6.40 6.36 6.36 6.39 6.44 6.50 6.58 6.66 6.74 6.69 6.83 6.83 6.82 6.78 6.72 6.64 6.56 6.46 6.39 6.26 6.18 6.10 6.05
4.83 4.85 4.94 5.01 5.08 5.17 5.26 5.39 5.48 5.56 5.64 5.70 5.75 5.79 5.74 5.75 5.75 5.72 5.70 5.68 5.61 5.64 5.59 5.62 5.68 5.65 5.67 5.64 5.65 5.68 5.77 5.84 5.92 6.01 6.12 6.23 6.34 6.46 6.61 6.71 6.80 6.88 7.00 6.99 7.03 7.07 7.09 7.17 7.14 7.13 7.07 7.13 7.10 7.02 6.94 6.86 6.80 6.78 6.73 6.68 6.59 6.55 6.48 6.50 6.54 6.55 6.68 6.77 6.86 6.84 6.90 7.02 7.02 6.86 6.81 6.74 6.66 6.70 6.62 6.52 6.42 6.33 6.25 6.20
4.72 4.79 4.85 4.93 5.02 5.11 5.21 5.30 5.43 5.52 5.60 5.67 5.73 5.78 5.81 5.75 5.75 5.75 5.73 5.70 5.70 5.66 5.62 5.65 5.62 5.75 5.71 5.71 5.72 5.75 5.80 5.86 5.94 6.07 6.17 6.28 6.39 6.54 6.64 6.74 6.82 6.89 6.98 6.99 7.03 7.06 7.07 7.07 7.13 7.11 7.14 7.13 7.10 7.03 6.96 6.95 6.84 6.76 6.72 6.75 6.68 6.66 6.62 6.65 6.68 6.71 6.81 6.88 6.98 7.06 7.12 7.07 7.15 7.07 7.01 6.94 6.85 6.86 6.67 6.65 6.55 6.45 6.37 6.30
4.65 4.68 4.76 4.85 4.95 5.06 5.16 5.26 5.40 5.49 5.58 5.66 5.72 5.76 5.80 5.82 5.83 5.77 5.76 5.78 5.74 5.73 5.69 5.70 5.67 5.81 5.79 5.78 5.79 5.81 5.90 5.92 6.03 6.12 6.23 6.38 6.49 6.59 6.68 6.76 6.85 6.91 6.99 7.04 7.03 7.05 7.05 7.05 7.11 7.18 7.13 7.13 7.07 7.04 6.95 6.97 6.84 6.81 6.78 6.76 6.78 6.76 6.78 6.78 6.84 6.87 6.94 7.07 7.16 7.26 7.29 7.31 7.30 7.28 7.22 7.14 7.04 6.95 6.83 6.71 6.67 6.57 6.47 6.42
4.54 4.60 4.70 4.81 4.92 5.03 5.13 5.24 5.34 5.46 5.56 5.63 5.70 5.76 5.77 5.80 5.82 5.91 5.84 5.82 5.81 5.77 5.73 5.70 5.68 5.86 5.85 5.85 5.85 5.91 5.96 6.02 6.09 6.18 6.32 6.43 6.53 6.64 6.72 6.79 6.85 6.92 7.00 7.04 7.06 7.03 7.04 7.05 7.20 7.17 7.13 7.14 7.09 7.07 6.98 6.93 6.88 6.90 6.84 6.83 6.86 6.82 6.85 6.90 6.94 7.04 7.08 7.22 7.36 7.48 7.54 7.54 7.51 7.47 7.43 7.34 7.23 7.11 6.99 6.87 6.79 6.68 6.58 6.50
4.50 4.58 4.69 4.80 4.91 5.02 5.12 5.26 5.36 5.45 5.54 5.65 5.70 5.75 5.80 5.81 5.92 5.93 5.93 5.88 5.84 5.81 5.78 5.75 5.73 5.85 5.85 5.86 5.93 5.96 6.00 6.06 6.14 6.27 6.36 6.46 6.56 6.67 6.74 6.80 6.86 6.92 6.99 7.03 7.05 7.11 7.11 7.14 7.13 7.21 7.19 7.14 7.10 7.08 7.00 6.96 6.97 6.94 6.90 6.88 6.90 6.91 6.95 7.01 7.06 7.10 7.17 7.32 7.47 7.62 7.72 7.72 7.68 7.64 7.59 7.50 7.38 7.26 7.14 7.00 6.88 6.76 6.64 6.53
4.60 4.64 4.73 4.83 4.93 5.03 5.17 5.27 5.36 5.46 5.54 5.62 5.70 5.76 5.81 5.85 5.94 5.96 5.98 5.97 5.88 5.85 5.82 5.79 5.91 5.90 5.89 5.96 5.97 6.00 6.04 6.09 6.22 6.30 6.38 6.48 6.57 6.66 6.74 6.81 6.87 6.92 6.98 7.02 7.04 7.05 7.09 7.13 7.13 7.20 7.19 7.15 7.11 7.02 7.02 6.99 7.00 6.98 6.98 6.94 6.96 6.99 7.03 7.07 7.09 7.21 7.33 7.43 7.57 7.70 7.78 7.79 7.77 7.73 7.68 7.59 7.48 7.37 7.25 7.13 7.01 6.89 6.77 6.72
4.76 4.75 4.81 4.86 4.95 5.05 5.14 5.30 5.38 5.47 5.55 5.63 5.71 5.78 5.83 5.87 5.90 6.01 6.01 6.00 5.98 5.89 5.86 5.84 5.82 5.92 5.91 5.92 6.00 6.03 6.07 6.18 6.24 6.32 6.39 6.48 6.57 6.65 6.73 6.80 6.87 6.94 6.98 7.02 7.04 7.07 7.06 7.06 7.17 7.19 7.19 7.15 7.04 7.04 7.01 7.02 7.00 6.98 7.00 7.00 7.02 7.06 7.04 7.12 7.17 7.29 7.41 7.53 7.62 7.74 7.81 7.84 7.83 7.79 7.74 7.67 7.57 7.46 7.35 7.23 7.12 7.00 6.94 6.86
4.89 4.91 4.95 4.95 5.03 5.18 5.26 5.34 5.42 5.50 5.58 5.65 5.73 5.79 5.85 5.90 5.96 6.04 6.04 6.04 6.02 6.00 5.87 5.87 5.96 5.95 5.95 6.02 6.03 6.06 6.15 6.20 6.26 6.32 6.42 6.47 6.55 6.64 6.72 6.80 6.87 6.94 6.98 7.04 7.06 7.06 7.06 7.06 7.05 7.20 7.18 7.15 7.05 7.03 7.04 7.01 7.02 7.00 7.01 7.03 7.05 7.10 7.09 7.18 7.23 7.34 7.45 7.56 7.66 7.75 7.81 7.84 7.85 7.83 7.79 7.71 7.63 7.53 7.43 7.33 7.23 7.13 7.05 6.98
5.02 5.04 5.08 5.13 5.19 5.26 5.32 5.40 5.47 5.55 5.62 5.69 5.76 5.82 5.87 5.96 5.99 6.01 6.08 6.07 6.05 6.03 6.00 5.88 5.99 5.98 6.05 6.05 6.06 6.14 6.17 6.21 6.25 6.34 6.41 6.48 6.57 6.62 6.71 6.81 6.88 6.94 6.98 7.04 7.06 7.07 7.06 7.06 7.05 7.19 7.17 7.15 7.06 7.04 7.05 7.03 7.03 7.02 7.03 7.04 7.07 7.06 7.13 7.15 7.25 7.35 7.45 7.56 7.65 7.73 7.79 7.82 7.84 7.83 7.80 7.74 7.67 7.58 7.49 7.40 7.31 7.23 7.15 7.08
5.16 5.17 5.20 5.31 5.36 5.42 5.44 5.47 5.54 5.61 5.67 5.73 5.79 5.85 5.97 5.98 6.02 6.04 6.11 6.10 6.08 6.05 6.00 5.97 6.08 6.07 6.06 6.07 6.14 6.16 6.17 6.20 6.28 6.33 6.39 6.46 6.54 6.66 6.71 6.79 6.87 6.96 7.01 7.05 7.07 7.15 7.15 7.09 7.08 7.11 7.19 7.17 7.06 7.07 7.01 7.04 7.01 7.01 7.01 7.00 7.03 7.06 7.13 7.23 7.26 7.35 7.43 7.53 7.61 7.69 7.75 7.79 7.80 7.80 7.78 7.74 7.68 7.61 7.53 7.46 7.38 7.30 7.22 7.16
5.38 5.39 5.41 5.44 5.48 5.52 5.54 5.60 5.65 5.71 5.74 5.79 5.91 5.96 6.00 6.04 6.11 6.13 6.14 6.19 6.17 6.05 6.02 6.12 6.09 6.08 6.09 6.09 6.10 6.15 6.17 6.22 6.26 6.31 6.37 6.43 6.51 6.62 6.68 6.77 6.88 6.96 7.02 7.06 7.15 7.16 7.17 7.16 7.09 7.12 7.19 7.17 7.14 7.06 7.01 7.01 7.00 7.01 7.01 7.00 7.02 7.05 7.11 7.19 7.25 7.32 7.39 7.47 7.55 7.63 7.69 7.73 7.75 7.75 7.74 7.72 7.67 7.62 7.56 7.49 7.43 7.35 7.28 7.22
5.53 5.53 5.55 5.57 5.60 5.64 5.68 5.69 5.74 5.79 5.83 5.91 5.96 6.00 6.07 6.11 6.14 6.16 6.16 6.15 6.18 6.09 6.03 6.13 6.10 6.10 6.09 6.08 6.09 6.13 6.14 6.18 6.22 6.27 6.33 6.41 6.49 6.57 6.67 6.78 6.87 7.03 7.09 7.13 7.16 7.16 7.17 7.16 7.10 7.10 7.11 7.17 7.15 7.10 7.01 7.00 6.99 7.00 6.90 6.97 7.00 7.04 7.06 7.13 7.18 7.25 7.31 7.39 7.47 7.55 7.61 7.63 7.65 7.69 7.69 7.68 7.65 7.59 7.55 7.52 7.46 7.39 7.32 7.26
5.67 5.68 5.69 5.70 5.73 5.75 5.79 5.82 5.83 5.87 5.94 5.98 6.05 6.08 6.11 6.14 6.16 6.18 6.17 6.16 6.12 6.10 6.16 6.13 6.12 6.10 6.08 6.07 6.07 6.08 6.12 6.14 6.17 6.22 6.28 6.34 6.41 6.51 6.62 6.78 6.91 7.04 7.11 7.15 7.16 7.17 7.17 7.16 7.12 7.11 7.16 7.14 7.15 7.11 7.09 7.07 6.97 6.92 6.88 6.90 6.96 6.99 7.00 7.05 7.09 7.15 7.21 7.28 7.36 7.44 7.50 7.53 7.55 7.58 7.61 7.61 7.58 7.56 7.54 7.51 7.46 7.40 7.34 7.29
5.76 5.82 5.83 5.84 5.85 5.88 5.90 5.93 5.96 5.99 6.04 6.08 6.11 6.14 6.16 6.18 6.19 6.20 6.19 6.17 6.13 6.20 6.16 6.13 6.12 6.09 6.07 6.06 6.05 6.05 6.09 6.10 6.13 6.17 6.22 6.29 6.39 6.43 6.59 6.73 6.89 7.03 7.14 7.16 7.17 7.17 7.16 7.16 7.13 7.13 7.16 7.15 7.12 7.11 7.09 7.03 6.91 6.90 6.85 6.86 6.90 6.89 6.91 6.94 6.98 7.02 7.07 7.14 7.22 7.31 7.37 7.40 7.42 7.46 7.50 7.51 7.50 7.50 7.50 7.50 7.45 7.39 7.34 7.29
5.87 5.87 5.88 5.88 5.90 5.91 5.93 5.96 5.98 6.00 6.02 6.12 6.15 6.19 6.21 6.22 6.22 6.21 6.20 6.18 6.31 6.20 6.16 6.13 6.14 6.11 6.06 6.04 6.03 6.13 6.12 6.12 6.14 6.17 6.22 6.30 6.37 6.45 6.57 6.70 6.84 6.97 7.07 7.12 7.13 7.14 7.17 7.17 7.15 7.11 7.09 7.12 7.06 7.08 7.05 7.02 6.96 6.87 6.88 6.86 6.88 6.87 6.88 6.88 6.87 6.90 6.93 6.99 7.05 7.12 7.18 7.21 7.25 7.29 7.34 7.37 7.38 7.40 7.42 7.42 7.41 7.37 7.34 7.31
6.01 6.01 6.01 6.02 6.02 6.03 6.04 6.06 6.07 6.08 6.10 6.10 6.21 6.22 6.23 6.23 6.23 6.32 6.30 6.20 6.33 6.21 6.17 6.13 6.14 6.11 6.15 6.12 6.09 6.10 6.09 6.09 6.11 6.14 6.20 6.26 6.34 6.44 6.55 6.67 6.80 6.92 7.01 7.07 7.11 7.13 7.15 7.16 7.15 7.12 7.10 7.12 7.08 7.05 7.03 7.00 6.94 6.87 6.85 6.82 6.81 6.79 6.77 6.76 6.73 6.75 6.77 6.81 6.86 6.91 6.95 7.00 7.04 7.09 7.14 7.19 7.24 7.27 7.31 7.33 7.33 7.34 7.33 7.32
6.14 6.15 6.15 6.15 6.15 6.15 6.16 6.16 6.17 6.25 6.25 6.25 6.26 6.26 6.26 6.27 6.37 6.35 6.32 6.35 6.42 6.38 6.32 6.27 6.22 6.19 6.15 6.11 6.08 6.08 6.07 6.07 6.09 6.13 6.18 6.24 6.33 6.42 6.53 6.65 6.76 6.87 6.96 7.03 7.08 7.12 7.14 7.14 7.15 7.15 7.12 7.13 7.08 7.04 7.00 6.98 6.92 6.85 6.81 6.76 6.72 6.71 6.66 6.63 6.61 6.59 6.59 6.62 6.65 6.68 6.72 6.76 6.81 6.87 6.93 7.00 7.06 7.13 7.19 7.23 7.27 7.30 7.31 7.32
6.38 6.38 6.37 6.37 6.36 6.26 6.26 6.33 6.33 6.32 6.32 6.32 6.31 6.31 6.30 6.29 6.27 6.25 6.26 6.38 6.45 6.41 6.35 6.29 6.24 6.18 6.16 6.11 6.08 6.07 6.05 6.05 6.08 6.11 6.16 6.23 6.32 6.41 6.52 6.63 6.73 6.83 6.92 6.99 7.06 7.10 7.14 7.15 7.16 7.16 7.14 7.11 7.08 7.04 6.99 6.94 6.87 6.82 6.77 6.71 6.66 6.62 6.55 6.50 6.46 6.42 6.42 6.42 6.43 6.45 6.48 6.52 6.56 6.63 6.70 6.79 6.88 6.97 7.06 7.14 7.20 7.24 7.29 7.30
6.51 6.51 6.50 6.48 6.46 6.47 6.46 6.44 6.43 6.42 6.41 6.40 6.35 6.34 6.33 6.32 6.30 6.33 6.31 6.42 6.48 6.47 6.38 6.32 6.26 6.21 6.17 6.14 6.11 6.07 6.06 6.05 6.06 6.10 6.15 6.22 6.31 6.41 6.51 6.61 6.71 6.80 6.89 6.96 7.03 7.09 7.14 7.16 7.17 7.16 7.14 7.10 7.08 7.03 6.98 6.92 6.84 6.80 6.73 6.66 6.58 6.53 6.45 6.37 6.32 6.27 6.24 6.22 6.22 6.23 6.24 6.27 6.32 6.38 6.46 6.56 6.68 6.81 6.93 7.04 7.13 7.20 7.27 7.29
6.63 6.62 6.61 6.58 6.59 6.56 6.53 6.51 6.49 6.47 6.45 6.44 6.42 6.37 6.36 6.35 6.38 6.37 6.35 6.43 6.40 6.51 6.42 6.36 6.30 6.24 6.19 6.14 6.12 6.07 6.06 6.04 6.05 6.09 6.15 6.23 6.32 6.41 6.50 6.59 6.69 6.77 6.86 6.94 7.02 7.09 7.15 7.17 7.18 7.17 7.14 7.09 7.09 7.03 6.97 6.90 6.82 6.76 6.69 6.61 6.52 6.44 6.34 6.25 6.17 6.12 6.06 6.03 6.01 6.01 6.02 6.03 6.07 6.13 6.21 6.33 6.48 6.65 6.81 6.96 7.08 7.17 7.24 7.29
6.74 6.73 6.70 6.70 6.66 6.62 6.59 6.56 6.53 6.51 6.49 6.46 6.45 6.43 6.42 6.42 6.42 6.41 6.49 6.47 6.45 6.42 6.35 6.30 6.34 6.27 6.23 6.17 6.14 6.10 6.06 6.04 6.04 6.08 6.15 6.24 6.33 6.43 6.52 6.60 6.68 6.75 6.83 6.92 7.01 7.09 7.16 7.18 7.20 7.17 7.14 7.09 7.09 7.04 6.96 6.89 6.80 6.73 6.64 6.57 6.47 6.34 6.25 6.14 6.04 5.97 5.90 5.86 5.82 5.80 5.80 5.81 5.83 5.87 5.96 6.10 6.28 6.50 6.71 6.89 7.03 7.14 7.23 7.28
6.84 6.82 6.81 6.76 6.72 6.67 6.63 6.59 6.56 6.53 6.50 6.48 6.45 6.44 6.44 6.45 6.45 6.45 6.54 6.53 6.50 6.46 6.40 6.35 6.30 6.32 6.25 6.22 6.17 6.12 6.08 6.05 6.04 6.08 6.16 6.26 6.37 6.46 6.55 6.61 6.67 6.73 6.80 6.90 7.01 7.10 7.16 7.21 7.22 7.18 7.14 7.09 7.08 7.02 6.96 6.83 6.78 6.71 6.61 6.54 6.42 6.28 6.17 6.04 5.94 5.84 5.76 5.69 5.66 5.63 5.61 5.61 5.62 5.64 5.70 5.86 6.10 6.36 6.61 6.83 6.98 7.09 7.18 7.28
6.93 6.92 6.86 6.80 6.75 6.70 6.65 6.61 6.57 6.53 6.51 6.48 6.46 6.45 6.46 6.46 6.48 6.58 6.59 6.58 6.54 6.51 6.45 6.41 6.36 6.37 6.31 6.27 6.21 6.17 6.12 6.08 6.05 6.08 6.19 6.30 6.41 6.52 6.59 6.64 6.68 6.72 6.77 6.89 7.01 7.12 7.19 7.24 7.22 7.18 7.14 7.08 7.08 7.01 6.97 6.88 6.81 6.73 6.63 6.51 6.39 6.25 6.11 5.97 5.85 5.72 5.65 5.58 5.54 5.49 5.46 5.46 5.46 5.46 5.47 5.65 5.95 6.25 6.53 6.79 6.94 7.05 7.14 7.23
6.97 6.93 6.87 6.81 6.75 6.70 6.65 6.60 6.56 6.53 6.50 6.52 6.51 6.50 6.50 6.62 6.63 6.63 6.60 6.59 6.57 6.54 6.45 6.42 6.39 6.38 6.33 6.30 6.25 6.25 6.20 6.16 6.13 6.16 6.26 6.36 6.47 6.57 6.63 6.67 6.71 6.74 6.80 6.90 7.01 7.12 7.19 7.25 7.23 7.17 7.16 7.10 7.04 7.01 6.97 6.86 6.80 6.71 6.61 6.49 6.35 6.21 6.07 5.96 5.83 5.70 5.58 5.52 5.47 5.42 5.39 5.39 5.39 5.39 5.40 5.57 5.86 6.16 6.45 6.71 6.85 6.97 7.07 7.16
