data/Validacao/U221015.grd
DSAA
94	94
0.0000	100.0000
0.0000	100.0000
4.0576	7.9722
[rows 0 to 37 of 94, columns 0 to 83 of 94]
6.40 6.37 6.33 6.29 6.24 6.20 6.15 5.98 5.94 5.90 5.86 5.83 5.80 5.79 5.76 5.75 5.75 5.79 5.80 5.81 5.80 5.81 5.80 5.78 5.76 5.69 5.66 5.45 5.40 5.50 5.44 5.37 5.33 5.26 5.21 5.14 5.06 4.81 4.84 4.89 4.95 5.02 5.07 5.17 5.25 5.32 5.36 5.41 5.39 5.43 5.49 5.51 5.52 5.52 5.51 5.46 5.42 5.32 5.27 5.22 5.14 5.07 5.02 4.97 4.94 4.93 5.09 5.09 5.10 5.23 5.25 5.31 5.34 5.37 5.41 5.54 5.63 5.68 5.75 5.82 5.94 6.01 6.07 6.13
6.37 6.35 6.31 6.26 6.22 6.17 6.12 6.07 6.03 5.87 5.83 5.80 5.78 5.77 5.74 5.74 5.75 5.79 5.80 5.80 5.80 5.81 5.80 5.79 5.77 5.75 5.68 5.49 5.44 5.38 5.47 5.41 5.37 5.30 5.26 5.19 5.11 4.89 4.90 4.94 4.99 5.06 5.10 5.20 5.28 5.34 5.37 5.42 5.40 5.47 5.49 5.50 5.50 5.50 5.44 5.41 5.36 5.27 5.19 5.14 5.06 4.98 4.92 4.88 4.85 4.97 5.00 5.01 5.03 5.17 5.20 5.26 5.30 5.35 5.47 5.51 5.60 5.69 5.77 5.90 5.97 6.03 6.10 6.16
6.31 6.30 6.26 6.22 6.17 6.12 6.07 6.02 5.98 5.94 5.79 5.76 5.75 5.74 5.72 5.73 5.73 5.75 5.79 5.80 5.80 5.81 5.82 5.81 5.79 5.78 5.72 5.53 5.49 5.44 5.52 5.47 5.41 5.39 5.32 5.26 5.20 4.99 4.99 5.01 5.05 5.10 5.15 5.24 5.30 5.48 5.38 5.42 5.56 5.46 5.48 5.48 5.48 5.41 5.38 5.35 5.28 5.19 5.10 5.06 4.97 4.89 4.83 4.78 4.88 4.87 4.88 4.93 5.06 5.10 5.15 5.22 5.28 5.34 5.44 5.53 5.62 5.71 5.85 5.92 5.99 6.06 6.13 6.19
6.25 6.23 6.19 6.15 6.10 6.05 6.00 5.95 5.91 5.88 5.85 5.82 5.71 5.71 5.70 5.70 5.71 5.73 5.77 5.79 5.82 5.82 5.83 5.83 5.83 5.79 5.77 5.72 5.55 5.67 5.62 5.53 5.48 5.46 5.41 5.35 5.29 5.25 5.07 5.08 5.11 5.16 5.21 5.27 5.44 5.49 5.39 5.43 5.54 5.56 5.46 5.46 5.45 5.37 5.34 5.29 5.21 5.12 5.02 4.91 4.87 4.78 4.72 4.79 4.77 4.77 4.78 4.81 4.99 5.04 5.10 5.19 5.25 5.36 5.44 5.54 5.64 5.79 5.88 5.96 6.03 6.09 6.16 6.22
6.18 6.15 6.12 6.07 6.02 5.97 5.92 5.88 5.84 5.81 5.78 5.77 5.76 5.67 5.67 5.68 5.69 5.71 5.76 5.79 5.82 5.84 5.85 5.87 5.85 5.84 5.82 5.80 5.63 5.74 5.70 5.65 5.54 5.55 5.49 5.44 5.39 5.34 5.16 5.16 5.17 5.21 5.26 5.41 5.46 5.50 5.53 5.56 5.53 5.54 5.54 5.44 5.37 5.34 5.29 5.22 5.14 5.04 4.93 4.81 4.71 4.67 4.71 4.67 4.66 4.67 4.69 4.74 4.92 4.98 5.06 5.14 5.24 5.36 5.45 5.55 5.71 5.81 5.90 5.99 6.06 6.13 6.20 6.26
6.10 6.07 6.03 5.98 5.93 5.88 5.84 5.79 5.76 5.73 5.72 5.71 5.71 5.71 5.72 5.65 5.67 5.69 5.72 5.78 5.82 5.85 5.88 5.87 5.90 5.89 5.89 5.87 5.78 5.82 5.78 5.73 5.68 5.63 5.58 5.53 5.48 5.44 5.24 5.23 5.24 5.26 5.41 5.43 5.47 5.50 5.53 5.50 5.52 5.52 5.50 5.43 5.34 5.30 5.24 5.17 5.08 4.97 4.84 4.71 4.60 4.64 4.58 4.55 4.55 4.57 4.61 4.66 4.73 4.93 5.02 5.11 5.24 5.35 5.46 5.62 5.73 5.83 5.93 6.02 6.10 6.17 6.23 6.30
6.02 5.98 5.94 5.89 5.84 5.79 5.75 5.71 5.67 5.65 5.64 5.64 5.65 5.67 5.68 5.70 5.65 5.67 5.71 5.77 5.81 5.86 5.88 5.91 5.94 5.96 5.96 5.94 5.95 5.91 5.86 5.81 5.78 5.73 5.67 5.61 5.56 5.52 5.32 5.30 5.30 5.40 5.44 5.45 5.48 5.51 5.53 5.50 5.50 5.49 5.47 5.40 5.36 5.26 5.21 5.13 5.03 4.89 4.75 4.60 4.54 4.46 4.45 4.44 4.45 4.48 4.53 4.60 4.68 4.89 4.98 5.09 5.23 5.35 5.52 5.63 5.75 5.86 5.96 6.05 6.13 6.21 6.28 6.34
5.90 5.89 5.84 5.79 5.74 5.70 5.65 5.61 5.58 5.56 5.56 5.57 5.60 5.62 5.65 5.67 5.68 5.65 5.69 5.74 5.81 5.86 5.91 5.95 5.99 6.02 6.04 6.03 6.04 6.01 5.95 5.90 5.87 5.81 5.77 5.69 5.64 5.59 5.60 5.36 5.42 5.43 5.46 5.46 5.48 5.51 5.52 5.49 5.48 5.46 5.39 5.36 5.32 5.28 5.18 5.10 4.98 4.84 4.66 4.55 4.41 4.32 4.28 4.33 4.35 4.39 4.46 4.54 4.69 4.80 4.96 5.11 5.22 5.40 5.53 5.65 5.77 5.88 5.99 6.08 6.17 6.25 6.32 6.43
5.81 5.80 5.75 5.70 5.65 5.60 5.56 5.52 5.49 5.47 5.48 5.50 5.54 5.58 5.62 5.64 5.66 5.67 5.67 5.72 5.77 5.87 5.93 5.99 6.04 6.08 6.12 6.13 6.14 6.11 6.05 6.00 5.94 5.89 5.84 5.79 5.73 5.66 5.65 5.48 5.46 5.47 5.47 5.48 5.48 5.50 5.52 5.48 5.46 5.39 5.35 5.31 5.27 5.23 5.17 5.10 4.96 4.82 4.63 4.43 4.27 4.18 4.17 4.23 4.27 4.33 4.41 4.55 4.66 4.78 4.95 5.10 5.22 5.41 5.54 5.66 5.79 5.90 6.01 6.11 6.20 6.28 6.41 6.48
5.73 5.68 5.65 5.60 5.55 5.50 5.46 5.43 5.40 5.38 5.39 5.44 5.49 5.55 5.60 5.63 5.64 5.66 5.67 5.69 5.78 5.88 5.96 6.03 6.09 6.14 6.18 6.21 6.24 6.19 6.13 6.07 6.01 5.94 5.88 5.84 5.86 5.72 5.69 5.51 5.48 5.48 5.47 5.48 5.48 5.49 5.51 5.47 5.43 5.35 5.30 5.26 5.22 5.19 5.14 5.08 4.99 4.79 4.58 4.35 4.14 4.06 4.10 4.15 4.23 4.29 4.42 4.53 4.65 4.77 4.94 5.10 5.23 5.42 5.55 5.68 5.80 5.92 6.04 6.14 6.28 6.36 6.44 6.51
5.64 5.59 5.53 5.51 5.46 5.41 5.38 5.34 5.32 5.30 5.32 5.37 5.43 5.50 5.56 5.60 5.63 5.65 5.68 5.74 5.83 5.91 5.99 6.07 6.13 6.19 6.23 6.27 6.32 6.25 6.19 6.13 6.07 6.00 5.94 5.90 5.89 5.83 5.73 5.66 5.51 5.49 5.47 5.47 5.47 5.46 5.47 5.44 5.36 5.32 5.27 5.22 5.18 5.15 5.12 5.06 4.97 4.77 4.56 4.35 4.16 4.08 4.11 4.15 4.21 4.33 4.43 4.54 4.66 4.78 4.93 5.06 5.23 5.43 5.56 5.70 5.82 5.95 6.06 6.22 6.30 6.38 6.46 6.55
5.56 5.50 5.45 5.42 5.37 5.33 5.29 5.26 5.24 5.24 5.27 5.31 5.38 5.45 5.52 5.58 5.62 5.67 5.73 5.80 5.88 5.97 6.05 6.11 6.18 6.23 6.27 6.29 6.34 6.28 6.25 6.18 6.12 6.06 5.99 5.98 5.92 5.85 5.77 5.67 5.52 5.49 5.47 5.46 5.45 5.44 5.41 5.39 5.32 5.28 5.24 5.19 5.15 5.12 5.07 5.00 4.90 4.75 4.58 4.41 4.27 4.20 4.19 4.22 4.26 4.38 4.47 4.58 4.69 4.84 4.96 5.09 5.26 5.45 5.58 5.72 5.85 5.97 6.14 6.24 6.32 6.39 6.48 6.54
5.48 5.42 5.37 5.31 5.29 5.25 5.21 5.18 5.17 5.18 5.20 5.26 5.33 5.41 5.48 5.56 5.63 5.70 5.77 5.84 5.93 6.01 6.09 6.17 6.22 6.27 6.31 6.32 6.36 6.32 6.29 6.24 6.17 6.10 6.09 6.01 5.93 5.87 5.79 5.68 5.63 5.50 5.47 5.44 5.43 5.40 5.38 5.30 5.28 5.25 5.21 5.17 5.14 5.10 5.04 4.97 4.87 4.76 4.63 4.49 4.39 4.32 4.30 4.32 4.35 4.46 4.54 4.64 4.75 4.89 5.00 5.12 5.29 5.42 5.61 5.74 5.87 6.05 6.16 6.25 6.33 6.42 6.49 6.54
5.36 5.30 5.25 5.19 5.19 5.14 5.13 5.11 5.10 5.11 5.14 5.20 5.28 5.36 5.46 5.56 5.65 5.73 5.81 5.89 5.98 6.06 6.14 6.21 6.28 6.31 6.34 6.35 6.38 6.35 6.32 6.28 6.21 6.14 6.12 6.04 5.96 5.89 5.78 5.69 5.64 5.50 5.47 5.44 5.40 5.37 5.34 5.26 5.24 5.22 5.21 5.17 5.13 5.08 5.03 4.97 4.89 4.79 4.69 4.59 4.51 4.46 4.43 4.44 4.46 4.56 4.63 4.72 4.84 4.95 5.06 5.17 5.33 5.46 5.65 5.78 5.96 6.08 6.18 6.27 6.37 6.43 6.49 6.53
5.30 5.24 5.18 5.13 5.08 5.06 5.03 5.00 5.02 5.03 5.08 5.15 5.23 5.34 5.45 5.56 5.67 5.77 5.85 5.94 6.02 6.11 6.18 6.25 6.31 6.36 6.37 6.38 6.40 6.39 6.36 6.31 6.25 6.21 6.14 6.07 5.99 5.91 5.83 5.76 5.64 5.57 5.45 5.42 5.38 5.34 5.31 5.23 5.21 5.21 5.18 5.16 5.13 5.09 5.05 4.99 4.93 4.85 4.78 4.70 4.63 4.59 4.57 4.56 4.58 4.62 4.70 4.77 4.93 5.03 5.13 5.24 5.35 5.52 5.70 5.85 5.97 6.08 6.18 6.26 6.37 6.43 6.49 6.53
5.25 5.19 5.13 5.07 5.02 4.97 4.96 4.93 4.92 4.95 5.00 5.08 5.19 5.32 5.45 5.58 5.70 5.80 5.90 5.99 6.07 6.15 6.22 6.28 6.34 6.39 6.43 6.41 6.39 6.42 6.39 6.34 6.33 6.24 6.16 6.08 6.00 5.93 5.84 5.75 5.67 5.59 5.51 5.41 5.36 5.31 5.27 5.21 5.21 5.19 5.17 5.16 5.14 5.12 5.09 5.05 5.00 4.94 4.88 4.82 4.76 4.72 4.70 4.70 4.71 4.74 4.84 4.91 5.02 5.11 5.21 5.31 5.44 5.60 5.71 5.89 6.00 6.11 6.20 6.32 6.38 6.44 6.49 6.53
5.21 5.15 5.08 5.03 4.97 4.92 4.88 4.86 4.85 4.87 4.93 5.03 5.16 5.31 5.46 5.60 5.73 5.85 5.96 6.05 6.12 6.19 6.25 6.31 6.36 6.41 6.45 6.47 6.44 6.45 6.42 6.41 6.35 6.27 6.19 6.11 6.03 5.96 5.87 5.78 5.70 5.61 5.52 5.42 5.35 5.29 5.23 5.18 5.19 5.18 5.17 5.17 5.17 5.17 5.15 5.13 5.09 5.04 4.98 4.94 4.89 4.86 4.84 4.84 4.85 4.87 4.96 5.02 5.12 5.21 5.30 5.41 5.56 5.66 5.77 5.88 6.04 6.14 6.22 6.33 6.39 6.44 6.49 6.53
5.18 5.11 5.05 5.00 4.94 4.88 4.83 4.81 4.78 4.78 4.85 4.98 5.14 5.31 5.48 5.63 5.76 5.90 6.01 6.11 6.17 6.23 6.27 6.32 6.37 6.43 6.47 6.50 6.46 6.47 6.43 6.43 6.36 6.29 6.21 6.13 6.05 5.99 5.90 5.81 5.73 5.63 5.54 5.43 5.36 5.28 5.19 5.19 5.18 5.19 5.19 5.20 5.21 5.23 5.23 5.23 5.21 5.16 5.11 5.06 5.02 4.99 4.98 4.98 4.99 5.00 5.05 5.15 5.22 5.33 5.41 5.50 5.63 5.73 5.83 5.93 6.08 6.17 6.24 6.34 6.40 6.45 6.49 6.52
5.16 5.10 5.04 4.98 4.93 4.87 4.84 4.78 4.73 4.70 4.79 4.95 5.14 5.33 5.51 5.65 5.79 5.94 6.07 6.17 6.22 6.25 6.29 6.32 6.38 6.44 6.49 6.51 6.49 6.49 6.54 6.44 6.38 6.31 6.23 6.16 6.08 6.02 5.93 5.85 5.76 5.67 5.58 5.45 5.43 5.28 5.17 5.18 5.19 5.22 5.24 5.25 5.28 5.30 5.33 5.35 5.34 5.30 5.24 5.19 5.15 5.13 5.13 5.14 5.13 5.13 5.18 5.27 5.33 5.43 5.51 5.58 5.71 5.80 5.89 5.98 6.12 6.19 6.26 6.35 6.40 6.45 6.49 6.39
5.16 5.10 5.04 4.99 4.93 4.88 4.85 4.79 4.74 4.68 4.79 4.97 5.15 5.34 5.52 5.67 5.81 5.95 6.09 6.19 6.23 6.26 6.30 6.33 6.38 6.45 6.50 6.53 6.54 6.54 6.55 6.49 6.44 6.39 6.26 6.25 6.11 6.11 5.96 5.95 5.87 5.72 5.69 5.61 5.47 5.38 5.27 5.24 5.26 5.29 5.31 5.32 5.36 5.40 5.43 5.46 5.46 5.42 5.37 5.33 5.29 5.27 5.27 5.28 5.30 5.31 5.35 5.44 5.50 5.55 5.62 5.69 5.80 5.87 5.95 6.03 6.10 6.22 6.26 6.31 6.36 6.40 6.36 6.39
5.19 5.12 5.07 5.02 4.97 4.92 4.87 4.81 4.78 4.79 4.87 5.01 5.17 5.35 5.51 5.66 5.80 5.94 6.06 6.15 6.21 6.26 6.30 6.34 6.39 6.45 6.50 6.53 6.52 6.56 6.54 6.50 6.45 6.40 6.34 6.27 6.21 6.15 6.08 5.99 5.93 5.84 5.76 5.68 5.59 5.46 5.38 5.37 5.37 5.39 5.41 5.44 5.46 5.50 5.53 5.54 5.55 5.53 5.50 5.47 5.44 5.43 5.42 5.43 5.44 5.46 5.49 5.58 5.62 5.66 5.72 5.79 5.88 5.95 6.01 6.08 6.19 6.24 6.29 6.32 6.36 6.40 6.36 6.39
5.22 5.16 5.11 5.06 5.01 4.97 4.93 4.89 4.88 4.90 4.97 5.08 5.21 5.36 5.51 5.65 5.79 5.91 6.02 6.11 6.19 6.24 6.29 6.34 6.40 6.45 6.49 6.52 6.52 6.55 6.53 6.50 6.46 6.41 6.35 6.30 6.24 6.19 6.12 6.05 5.99 5.92 5.84 5.78 5.71 5.58 5.54 5.50 5.51 5.52 5.53 5.55 5.57 5.59 5.62 5.64 5.65 5.64 5.62 5.61 5.59 5.58 5.58 5.59 5.60 5.61 5.67 5.70 5.78 5.83 5.83 5.89 5.97 6.02 6.07 6.12 6.23 6.27 6.31 6.34 6.37 6.33 6.36 6.39
5.27 5.21 5.16 5.11 5.07 5.04 4.99 4.98 4.98 5.00 5.06 5.15 5.26 5.38 5.51 5.64 5.77 5.88 5.99 6.08 6.16 6.22 6.28 6.34 6.39 6.44 6.48 6.50 6.50 6.54 6.53 6.50 6.46 6.42 6.37 6.32 6.28 6.23 6.17 6.11 6.07 6.01 5.94 5.90 5.83 5.78 5.73 5.66 5.66 5.66 5.67 5.68 5.69 5.71 5.73 5.75 5.75 5.76 5.76 5.75 5.74 5.74 5.74 5.74 5.76 5.76 5.81 5.84 5.91 5.95 6.00 6.04 6.09 6.10 6.13 6.23 6.26 6.29 6.20 6.24 6.27 6.34 6.37 6.40
5.32 5.26 5.22 5.17 5.14 5.09 5.08 5.07 5.09 5.11 5.15 5.22 5.31 5.41 5.52 5.64 5.75 5.86 5.96 6.05 6.13 6.20 6.26 6.32 6.38 6.43 6.46 6.48 6.53 6.54 6.52 6.50 6.47 6.44 6.41 6.35 6.34 6.29 6.25 6.21 6.15 6.08 6.03 6.02 5.97 5.93 5.90 5.84 5.82 5.81 5.80 5.81 5.81 5.82 5.83 5.85 5.87 5.87 5.88 5.89 5.89 5.89 5.89 5.89 5.92 5.93 5.94 5.98 6.04 6.07 6.10 6.14 6.18 6.23 6.25 6.27 6.30 6.20 6.23 6.26 6.28 6.31 6.39 6.41
5.38 5.32 5.28 5.24 5.20 5.18 5.19 5.18 5.19 5.21 5.24 5.29 5.36 5.44 5.53 5.63 5.74 5.84 5.93 6.02 6.10 6.18 6.24 6.30 6.36 6.41 6.45 6.47 6.55 6.53 6.52 6.50 6.48 6.44 6.43 6.40 6.37 6.35 6.29 6.25 6.24 6.21 6.15 6.14 6.11 6.09 6.06 6.01 5.98 5.96 5.94 5.93 5.93 5.93 5.94 5.96 5.97 5.99 6.01 6.02 6.03 6.03 6.05 6.06 6.07 6.12 6.15 6.17 6.17 6.19 6.20 6.22 6.24 6.25 6.32 6.30 6.22 6.23 6.25 6.28 6.30 6.33 6.38 6.41
5.44 5.39 5.35 5.29 5.27 5.26 5.25 5.26 5.28 5.30 5.32 5.35 5.40 5.46 5.54 5.63 5.73 5.82 5.92 6.00 6.08 6.15 6.22 6.28 6.34 6.39 6.43 6.45 6.54 6.52 6.52 6.50 6.49 6.46 6.45 6.43 6.40 6.40 6.38 6.31 6.32 6.29 6.25 6.24 6.25 6.25 6.23 6.18 6.14 6.10 6.07 6.04 6.03 6.03 6.04 6.05 6.07 6.10 6.12 6.14 6.16 6.18 6.19 6.20 6.21 6.26 6.28 6.30 6.18 6.29 6.30 6.30 6.30 6.31 6.37 6.31 6.32 6.34 6.24 6.30 6.33 6.36 6.39 6.44
5.50 5.45 5.39 5.36 5.35 5.33 5.33 5.34 5.36 5.39 5.40 5.42 5.44 5.48 5.54 5.62 5.71 5.81 5.90 5.98 6.06 6.13 6.19 6.25 6.31 6.37 6.41 6.44 6.54 6.51 6.51 6.51 6.49 6.46 6.44 6.45 6.45 6.44 6.43 6.41 6.38 6.37 6.34 6.35 6.38 6.40 6.40 6.38 6.30 6.25 6.19 6.15 6.13 6.12 6.13 6.14 6.16 6.19 6.22 6.26 6.30 6.31 6.32 6.33 6.34 6.39 6.40 6.30 6.29 6.27 6.27 6.26 6.25 6.31 6.35 6.35 6.36 6.26 6.27 6.29 6.32 6.35 6.44 6.49
5.55 5.49 5.46 5.43 5.42 5.41 5.41 5.42 5.44 5.46 5.47 5.48 5.48 5.50 5.54 5.62 5.71 5.80 5.89 5.97 6.04 6.11 6.17 6.22 6.28 6.34 6.39 6.46 6.50 6.47 6.46 6.45 6.49 6.41 6.39 6.40 6.47 6.48 6.48 6.51 6.52 6.51 6.50 6.44 6.54 6.58 6.61 6.58 6.44 6.37 6.30 6.25 6.22 6.21 6.21 6.22 6.23 6.27 6.31 6.37 6.41 6.43 6.44 6.44 6.44 6.44 6.43 6.41 6.37 6.34 6.32 6.31 6.30 6.36 6.42 6.43 6.43 6.43 6.44 6.46 6.48 6.38 6.41 6.50
5.36 5.55 5.52 5.50 5.49 5.48 5.48 5.49 5.51 5.54 5.56 5.54 5.53 5.53 5.55 5.63 5.71 5.80 5.88 5.96 6.03 6.06 6.11 6.15 6.22 6.27 6.32 6.45 6.49 6.49 6.44 6.43 6.42 6.40 6.40 6.41 6.41 6.46 6.55 6.54 6.57 6.57 6.56 6.59 6.63 6.68 6.73 6.71 6.59 6.51 6.43 6.37 6.34 6.32 6.27 6.28 6.28 6.35 6.37 6.42 6.47 6.47 6.46 6.45 6.50 6.51 6.49 6.47 6.44 6.42 6.27 6.25 6.31 6.44 6.47 6.47 6.47 6.47 6.48 6.49 6.50 6.53 6.55 6.59
5.41 5.40 5.58 5.56 5.55 5.55 5.55 5.55 5.57 5.62 5.61 5.60 5.58 5.58 5.60 5.65 5.73 5.80 5.86 5.92 5.98 6.03 6.08 6.12 6.18 6.23 6.27 6.40 6.44 6.41 6.42 6.40 6.40 6.39 6.39 6.46 6.47 6.47 6.48 6.49 6.60 6.61 6.61 6.64 6.69 6.76 6.76 6.75 6.65 6.58 6.52 6.46 6.43 6.41 6.40 6.37 6.38 6.38 6.42 6.46 6.49 6.48 6.48 6.47 6.52 6.52 6.50 6.48 6.46 6.45 6.29 6.28 6.34 6.48 6.52 6.51 6.51 6.50 6.50 6.51 6.52 6.57 6.56 6.58
5.46 5.54 5.53 5.62 5.61 5.60 5.60 5.60 5.66 5.66 5.65 5.64 5.63 5.64 5.65 5.68 5.73 5.78 5.85 5.91 5.95 6.01 6.06 6.08 6.14 6.18 6.26 6.35 6.38 6.35 6.36 6.35 6.36 6.44 6.41 6.44 6.46 6.47 6.48 6.51 6.54 6.56 6.64 6.68 6.72 6.79 6.77 6.76 6.72 6.64 6.59 6.55 6.52 6.46 6.46 6.48 6.48 6.50 6.53 6.49 6.49 6.47 6.46 6.53 6.52 6.50 6.49 6.48 6.47 6.33 6.31 6.45 6.37 6.51 6.55 6.54 6.53 6.52 6.52 6.56 6.56 6.53 6.54 6.65
5.60 5.59 5.58 5.57 5.57 5.56 5.65 5.71 5.71 5.70 5.69 5.69 5.68 5.66 5.68 5.72 5.76 5.81 5.84 5.89 5.95 5.98 6.02 6.05 6.07 6.15 6.20 6.22 6.31 6.28 6.26 6.33 6.34 6.35 6.36 6.40 6.43 6.45 6.48 6.51 6.56 6.59 6.64 6.63 6.75 6.80 6.82 6.77 6.75 6.69 6.59 6.57 6.55 6.53 6.56 6.55 6.55 6.54 6.55 6.48 6.49 6.49 6.47 6.51 6.50 6.47 6.46 6.46 6.49 6.49 6.49 6.46 6.46 6.53 6.53 6.56 6.55 6.53 6.68 6.67 6.60 6.62 6.62 6.70
5.65 5.64 5.64 5.63 5.62 5.62 5.61 5.61 5.75 5.74 5.66 5.67 5.70 5.71 5.72 5.75 5.78 5.82 5.85 5.89 5.93 5.95 5.98 5.99 6.01 6.09 6.10 6.15 6.18 6.16 6.18 6.25 6.27 6.29 6.31 6.36 6.39 6.43 6.46 6.50 6.57 6.60 6.61 6.65 6.77 6.79 6.83 6.78 6.71 6.70 6.68 6.62 6.61 6.64 6.62 6.61 6.60 6.58 6.57 6.57 6.46 6.45 6.59 6.58 6.58 6.46 6.46 6.47 6.47 6.48 6.46 6.63 6.63 6.74 6.69 6.70 6.71 6.69 6.67 6.65 6.60 6.59 6.66 6.66
5.69 5.69 5.68 5.68 5.67 5.67 5.66 5.66 5.58 5.70 5.70 5.70 5.73 5.74 5.76 5.78 5.80 5.82 5.86 5.89 5.90 5.91 5.93 5.94 6.01 6.02 6.03 6.04 6.22 6.16 6.23 6.19 6.20 6.21 6.29 6.30 6.34 6.39 6.43 6.48 6.58 6.62 6.69 6.66 6.74 6.71 6.77 6.72 6.73 6.73 6.72 6.71 6.71 6.69 6.67 6.67 6.65 6.60 6.58 6.56 6.58 6.58 6.56 6.55 6.55 6.65 6.53 6.54 6.63 6.65 6.67 6.71 6.72 6.73 6.74 6.75 6.73 6.63 6.61 6.59 6.61 6.64 6.71 6.71
5.72 5.73 5.73 5.72 5.71 5.71 5.70 5.65 5.64 5.64 5.76 5.76 5.77 5.77 5.78 5.80 5.83 5.84 5.86 5.87 5.88 5.88 5.88 5.88 5.88 5.95 5.96 6.13 6.15 6.14 6.16 6.11 6.16 6.19 6.23 6.29 6.29 6.34 6.40 6.50 6.59 6.65 6.70 6.74 6.76 6.72 6.68 6.70 6.75 6.75 6.75 6.75 6.74 6.75 6.73 6.70 6.67 6.63 6.60 6.58 6.55 6.53 6.52 6.60 6.60 6.62 6.48 6.60 6.63 6.62 6.63 6.68 6.69 6.70 6.71 6.68 6.70 6.60 6.67 6.65 6.61 6.68 6.66 6.65
5.75 5.76 5.76 5.76 5.75 5.69 5.69 5.68 5.68 5.67 5.67 5.67 5.79 5.80 5.80 5.81 5.84 5.84 5.84 5.84 5.84 5.83 5.83 5.82 5.82 5.98 5.99 6.00 6.08 6.12 6.12 6.05 6.08 6.11 6.15 6.22 6.27 6.33 6.40 6.47 6.57 6.64 6.70 6.74 6.77 6.78 6.69 6.71 6.82 6.83 6.77 6.77 6.75 6.76 6.74 6.71 6.67 6.62 6.57 6.57 6.53 6.55 6.54 6.58 6.54 6.56 6.52 6.54 6.54 6.56 6.57 6.62 6.65 6.66 6.66 6.64 6.62 6.64 6.61 6.59 6.65 6.63 6.60 6.59
5.77 5.78 5.78 5.73 5.72 5.72 5.72 5.71 5.71 5.70 5.70 5.69 5.69 5.81 5.81 5.83 5.83 5.83 5.83 5.82 5.80 5.79 5.77 5.76 5.75 5.92 5.93 5.93 6.04 6.05 6.04 6.06 5.99 6.03 6.08 6.14 6.20 6.27 6.34 6.43 6.54 6.61 6.68 6.74 6.78 6.85 6.77 6.78 6.84 6.85 6.78 6.77 6.79 6.77 6.74 6.70 6.66 6.60 6.54 6.52 6.47 6.56 6.54 6.51 6.55 6.57 6.45 6.44 6.46 6.47 6.50 6.51 6.57 6.59 6.61 6.60 6.58 6.55 6.56 6.54 6.58 6.55 6.51 6.49
5.72 5.73 5.73 5.74 5.74 5.74 5.74 5.74 5.73 5.73 5.72 5.71 5.71 5.70 5.81 5.83 5.82 5.81 5.81 5.79 5.77 5.74 5.72 5.71 5.83 5.83 5.83 5.90 5.96 5.97 5.99 5.97 6.00 5.96 6.00 6.08 6.14 6.21 6.29 6.39 6.51 6.59 6.67 6.73 6.78 6.85 6.88 6.89 6.90 6.85 6.84 6.77 6.78 6.75 6.72 6.68 6.64 6.62 6.55 6.58 6.53 6.49 6.46 6.47 6.47 6.48 6.33 6.34 6.36 6.38 6.40 6.42 6.48 6.52 6.54 6.53 6.50 6.47 6.48 6.46 6.47 6.45 6.43 6.41
