data/Validacao/U251115l.grd
DSAA
94	94
0.0000	100.0000
0.0000	100.0000
12.6558	24.4553
[rows 34 to 67 of 94, columns 0 to 76 of 94]
20.38 20.23 19.94 19.43 18.91 18.47 18.19 17.84 17.87 17.89 17.94 17.92 17.87 17.78 17.65 17.49 17.30 17.13 17.03 17.01 17.07 17.19 16.95 17.06 17.15 16.72 16.75 17.11 17.12 17.22 17.24 17.77 17.44 17.41 17.37 17.34 17.40 17.38 17.39 17.21 17.37 17.74 17.80 17.82 18.02 17.95 18.04 18.05 17.90 17.98 18.08 18.42 18.48 18.56 18.63 18.68 18.69 18.63 18.58 18.52 18.46 18.40 18.69 18.67 18.42 18.41 18.82 18.82 19.15 19.19 19.43 19.49 19.54 19.59 19.43 19.29 19.23
21.48 21.25 20.69 19.99 19.30 18.45 18.00 17.79 17.78 17.78 17.78 17.77 17.81 17.71 17.56 17.36 17.14 16.93 16.79 16.77 16.90 17.09 17.31 17.08 17.20 17.34 17.37 17.37 17.16 17.02 17.22 17.46 17.43 17.38 17.28 17.28 17.23 17.21 17.14 17.16 17.32 17.68 17.77 17.84 17.98 17.97 18.25 18.25 18.26 18.08 18.12 18.44 18.51 18.58 18.66 18.72 18.74 18.70 18.63 18.56 18.43 18.36 18.07 18.40 18.40 18.40 18.82 19.15 19.17 19.38 19.44 19.31 19.43 19.53 19.47 19.47 19.37
22.57 22.17 21.34 20.27 19.39 18.65 18.11 17.82 17.77 17.77 17.77 17.76 17.73 17.67 17.49 17.25 16.98 16.71 16.49 16.46 16.66 16.93 17.20 17.04 17.18 17.34 17.38 17.38 17.12 17.12 17.22 17.21 17.42 17.36 17.25 17.23 17.16 17.12 17.09 17.13 17.28 17.35 17.74 17.82 17.98 17.93 18.29 18.29 18.07 18.09 18.14 18.46 18.54 18.63 18.73 18.82 18.84 18.79 18.69 18.60 18.62 18.16 18.08 18.04 18.22 18.84 19.15 19.15 19.35 19.40 19.47 19.38 19.52 19.56 19.69 19.67 19.53
23.54 22.71 21.57 20.49 19.54 18.75 18.16 17.83 17.77 17.77 17.77 17.76 17.72 17.59 17.45 17.20 16.90 16.58 16.25 16.19 16.51 16.84 17.14 17.41 17.28 17.40 17.45 17.33 17.12 17.41 17.40 17.32 17.29 17.30 17.24 17.21 17.12 17.04 17.05 17.11 17.26 17.34 17.72 17.68 17.73 17.93 17.93 18.07 18.07 18.09 18.08 18.18 18.56 18.66 18.77 18.89 18.95 18.84 18.73 18.47 18.34 18.17 18.09 18.05 18.38 18.22 19.16 19.16 19.36 19.41 19.27 19.40 19.44 19.66 19.87 19.83 19.61
22.97 22.41 21.41 20.39 19.47 18.70 18.14 17.83 17.77 17.77 17.77 17.76 17.72 17.60 17.42 17.18 16.94 16.64 16.37 16.33 16.58 16.88 17.17 17.52 17.29 17.40 17.61 17.62 17.19 17.23 17.23 17.32 17.29 17.20 17.24 17.22 17.14 17.08 17.07 17.12 17.27 17.25 17.29 17.68 18.02 18.03 17.82 18.15 18.22 18.23 18.21 18.47 18.55 18.65 18.75 18.85 18.89 18.75 18.60 18.46 18.33 18.55 18.51 18.94 18.94 18.80 18.88 18.84 18.88 18.97 19.04 19.22 19.41 19.61 19.78 19.75 19.57
21.81 21.51 20.82 20.00 19.21 18.53 18.05 17.80 17.76 17.76 17.76 17.76 17.74 17.64 17.48 17.27 17.04 16.84 16.67 16.66 16.80 17.10 17.35 17.59 17.39 17.49 17.61 17.41 17.20 17.20 17.23 17.12 17.23 17.21 17.17 17.32 17.20 17.17 17.12 17.15 17.22 17.26 17.30 17.59 17.62 17.82 17.82 18.14 18.14 18.22 18.26 18.45 18.52 18.60 18.83 18.87 18.69 18.63 18.52 18.41 18.59 18.54 18.94 18.94 18.94 18.80 18.98 18.84 18.87 18.94 19.00 19.15 19.31 19.47 19.56 19.55 19.44
20.70 20.52 20.05 19.44 18.83 18.29 17.92 17.76 17.74 17.73 17.74 17.75 17.75 17.68 17.56 17.40 17.22 17.06 16.98 16.97 17.14 17.31 17.51 17.69 17.44 17.51 17.42 17.42 17.22 17.22 17.21 17.12 17.11 17.22 17.20 17.16 17.33 17.31 17.10 17.11 17.25 17.29 17.32 17.61 17.63 17.83 17.83 18.14 18.21 18.22 18.24 18.42 18.48 18.54 18.79 18.81 18.53 18.49 18.42 18.59 18.53 18.52 18.95 18.64 18.65 18.66 19.01 19.00 18.73 18.78 18.76 19.06 19.18 19.29 19.35 19.34 19.48
19.72 19.60 19.28 18.85 18.41 18.03 17.78 17.71 17.69 17.68 17.68 17.70 17.86 17.71 17.64 17.53 17.40 17.29 17.22 17.30 17.41 17.53 17.67 17.94 18.05 17.50 17.52 17.46 17.16 17.27 16.97 17.16 17.13 17.08 17.07 17.01 17.13 17.03 17.12 17.13 17.49 17.73 17.53 17.63 18.18 17.84 17.84 17.84 18.20 18.20 18.22 18.39 18.43 18.28 18.34 18.38 18.74 18.73 18.71 18.54 18.50 18.51 18.67 18.71 18.75 18.76 19.08 19.00 18.97 18.76 18.68 18.96 19.04 19.12 19.16 19.40 19.36
18.89 18.81 18.61 18.33 18.04 17.81 17.69 17.64 17.61 17.59 17.60 17.62 17.66 17.69 17.69 17.64 17.57 17.84 17.56 17.55 17.59 17.67 17.76 17.84 17.50 17.54 17.41 17.44 17.14 17.13 16.94 16.88 16.81 16.99 16.91 17.38 17.37 17.03 17.19 17.19 17.11 17.12 17.56 18.05 18.05 18.11 18.10 18.24 17.91 17.91 17.90 17.71 18.16 18.20 18.24 18.26 18.55 18.69 18.58 18.56 18.25 18.76 18.83 18.90 18.95 18.93 19.14 19.10 19.05 19.00 19.11 19.13 19.17 19.03 19.05 19.13 19.55
18.53 18.21 18.10 17.95 17.79 17.69 17.62 17.56 17.51 17.49 17.49 17.53 17.59 17.65 17.70 17.71 17.81 17.77 17.69 17.69 17.71 17.76 17.91 17.81 17.83 17.44 17.50 17.41 17.29 17.16 17.08 16.98 17.26 17.36 17.32 17.31 17.30 17.28 17.46 17.13 17.14 17.17 17.70 17.73 18.04 17.76 17.77 17.88 18.21 18.02 18.02 18.03 18.18 17.85 18.15 18.16 18.10 18.09 18.07 18.22 18.28 18.84 18.94 19.04 19.38 19.41 19.10 19.02 19.26 19.08 19.07 19.04 19.10 18.96 18.97 19.51 19.50
18.17 18.15 18.11 17.76 17.70 17.64 17.56 17.47 17.40 17.36 17.37 17.35 17.51 17.29 17.78 17.47 17.48 17.81 17.80 17.57 17.58 17.59 17.74 17.76 17.68 17.53 17.48 17.45 17.48 17.57 17.49 17.40 17.31 17.29 17.34 17.32 17.21 17.21 17.25 17.14 17.15 17.19 17.53 17.75 17.79 17.81 17.83 17.91 17.90 18.02 18.02 18.02 18.16 18.17 18.11 18.11 18.04 18.04 18.04 18.23 18.55 18.92 19.06 19.44 19.52 19.56 19.39 19.30 19.17 18.97 19.11 18.79 18.89 18.90 18.90 19.48 19.51
18.06 18.06 17.78 17.75 17.70 17.60 17.50 17.39 17.14 17.11 17.20 17.16 17.21 17.35 17.41 17.46 17.59 17.60 17.60 17.60 17.60 17.60 17.62 17.77 17.45 17.55 17.79 17.85 17.75 17.70 17.59 17.47 17.24 17.32 17.18 17.04 17.04 17.22 17.23 17.23 17.14 17.20 17.51 17.78 17.74 17.90 17.92 17.92 17.93 17.92 18.02 18.02 18.15 18.17 17.67 18.10 18.03 18.03 18.18 18.48 18.60 18.78 19.41 19.55 19.67 19.64 19.59 19.44 19.22 19.05 18.93 18.82 18.76 19.29 19.16 19.51 19.26
18.06 17.78 17.78 17.75 17.68 17.59 17.48 17.17 17.10 17.05 17.06 17.13 17.26 17.40 17.48 17.55 17.58 17.60 17.60 17.60 17.60 17.60 17.62 17.38 17.47 17.59 17.83 17.91 17.90 17.80 17.65 17.42 17.27 17.14 17.19 17.05 17.04 17.04 17.23 17.24 17.26 17.21 17.53 17.69 17.77 17.92 17.96 17.96 17.95 17.93 17.90 18.02 17.90 17.89 17.67 17.67 18.03 18.17 18.40 18.49 18.64 19.32 19.46 19.62 19.76 19.86 19.75 19.47 19.23 19.30 19.18 19.08 19.03 19.03 19.16 19.26 19.26
17.87 17.67 17.66 17.64 17.58 17.51 17.39 17.29 17.18 17.08 17.04 17.21 17.31 17.40 17.48 17.55 17.58 17.60 17.60 17.60 17.60 17.60 17.17 17.38 17.47 17.59 17.81 17.90 17.92 17.83 17.70 17.42 17.27 17.14 17.09 17.05 17.04 17.04 17.23 17.24 17.26 17.56 17.53 17.66 17.74 17.92 17.96 17.96 17.95 17.93 17.90 17.77 17.90 17.89 17.89 17.81 18.19 18.03 18.40 18.65 18.78 18.94 19.42 19.58 19.76 19.84 19.71 19.47 19.46 19.30 19.18 19.08 18.71 18.69 18.76 19.06 19.06
17.87 17.72 17.72 17.69 17.64 17.57 17.46 17.36 17.27 17.33 17.29 17.29 17.38 17.43 17.50 17.55 17.59 17.60 17.60 17.60 17.60 17.12 17.16 17.15 17.64 17.70 17.77 17.83 17.79 17.74 17.65 17.37 17.24 17.04 17.08 17.04 17.04 17.04 17.23 17.23 17.25 17.55 17.57 17.64 17.71 17.78 17.92 17.91 17.88 17.92 17.90 17.76 17.73 18.14 18.14 18.14 18.29 18.41 18.41 18.63 18.75 18.90 19.37 19.51 19.49 19.58 19.52 19.48 19.40 19.27 18.88 18.77 18.70 18.76 18.76 18.69 19.06
17.69 17.69 17.70 17.70 17.67 17.60 17.51 17.68 17.57 17.52 17.53 17.38 17.45 17.52 17.58 17.57 17.61 17.64 17.66 17.66 17.47 17.45 17.05 17.12 17.61 17.66 17.71 17.75 17.69 17.88 17.86 17.84 17.24 17.00 17.06 17.02 17.01 17.00 17.20 17.21 17.24 17.54 17.64 17.60 17.66 17.71 17.74 17.86 17.85 17.75 17.71 17.75 17.72 18.13 18.11 18.46 18.67 18.68 18.28 18.53 18.63 18.77 19.28 19.14 19.25 19.43 19.41 19.33 19.22 18.95 18.82 18.74 18.79 18.82 18.84 18.77 18.74
17.58 17.59 17.63 17.66 17.67 17.68 17.89 17.80 17.73 17.62 17.63 17.67 17.74 17.57 17.62 17.71 17.82 17.90 17.86 17.71 17.67 17.19 17.11 17.09 17.57 17.99 17.99 17.99 17.58 17.85 17.84 18.17 17.70 17.53 17.46 17.42 17.37 17.34 17.35 17.39 17.62 17.95 17.61 17.82 17.84 17.85 17.66 17.66 17.64 17.60 17.68 17.65 17.86 18.17 18.09 18.25 18.44 18.44 18.51 18.17 18.55 18.66 18.99 19.09 19.12 19.14 19.12 19.09 18.85 18.83 18.77 18.86 18.95 19.05 19.11 19.03 18.96
17.41 17.43 17.48 17.90 17.98 18.00 17.86 17.81 17.77 17.75 17.76 17.79 17.83 17.90 17.73 17.90 18.05 18.19 18.14 18.14 18.07 17.49 17.75 17.49 18.00 17.99 17.99 17.95 17.95 17.95 18.18 18.19 18.11 18.02 17.89 17.87 17.75 17.09 17.55 17.64 17.77 18.16 18.02 18.07 17.82 17.83 17.83 17.88 17.57 17.55 17.52 17.80 18.10 17.95 17.81 17.73 17.86 17.93 18.06 18.22 18.38 19.08 18.73 18.72 18.71 18.79 18.62 18.61 18.60 18.62 18.55 19.04 19.25 19.43 19.53 19.45 19.32
17.45 17.49 17.63 17.78 17.94 18.05 18.56 17.90 17.87 17.86 17.86 17.88 17.91 18.00 18.41 18.14 18.37 18.85 19.02 18.92 18.54 18.60 18.38 18.25 18.09 18.07 18.06 18.07 18.38 18.38 18.39 18.13 18.04 17.86 17.64 17.78 17.73 17.63 17.67 17.84 17.55 18.13 18.35 18.04 18.08 18.20 17.95 17.95 18.11 18.11 18.07 18.08 18.15 17.89 17.66 17.14 17.12 17.40 17.58 17.81 17.88 18.03 18.49 18.43 18.37 18.16 18.26 18.29 18.35 18.39 18.69 19.31 19.66 19.99 20.13 20.10 19.90
17.12 17.20 17.37 17.58 17.79 17.98 18.56 18.61 18.53 18.53 18.53 18.54 18.58 18.68 18.86 18.89 19.16 19.29 19.46 19.39 19.21 18.95 18.64 18.42 18.19 18.58 18.54 18.54 18.54 18.54 18.54 18.49 18.05 18.13 17.77 17.36 17.17 17.02 17.09 17.35 17.76 17.88 18.20 18.43 18.20 18.21 18.21 17.95 18.11 18.11 18.01 17.93 17.89 17.54 17.20 16.95 16.63 16.63 16.87 17.49 17.64 17.81 17.65 17.62 18.03 17.81 17.84 17.82 18.06 18.40 18.87 19.46 19.96 20.55 20.77 20.73 20.43
16.97 17.10 17.41 17.78 18.13 18.43 18.65 18.76 18.57 18.57 18.57 18.57 18.62 18.81 18.84 19.14 19.48 19.69 20.07 20.09 19.90 19.51 19.30 19.00 18.76 18.62 18.56 18.55 18.55 18.55 18.55 18.43 17.94 17.92 17.51 17.01 16.59 16.35 16.46 16.88 17.39 17.89 18.04 18.16 18.32 18.22 18.22 17.88 18.12 18.09 18.07 17.79 17.42 17.20 16.73 16.36 15.98 16.20 16.53 16.88 17.58 17.62 17.70 17.47 17.37 17.51 17.52 17.64 17.87 18.34 19.08 19.76 20.45 21.14 21.48 21.42 20.97
16.46 16.71 17.15 17.60 18.01 18.36 18.61 18.75 18.77 18.67 18.58 18.63 18.69 18.85 18.92 19.27 19.67 20.24 20.56 20.62 20.35 19.82 19.43 19.09 18.81 18.64 18.56 18.56 18.56 18.56 18.54 18.39 18.27 17.83 17.29 16.68 16.07 15.65 15.90 16.51 17.17 17.72 17.83 18.10 18.30 18.35 18.22 17.88 18.12 18.40 18.01 17.69 17.53 16.98 16.26 15.75 15.47 15.95 16.28 16.70 17.42 17.33 17.43 17.39 17.15 17.15 17.28 17.50 17.87 18.43 19.18 19.97 20.79 21.57 22.22 22.11 21.51
16.21 16.57 17.08 17.56 17.99 18.34 18.60 18.64 18.67 18.67 18.67 18.64 18.58 18.75 19.02 19.36 20.11 20.43 20.76 20.77 20.37 19.81 19.38 19.01 18.72 18.65 18.56 18.56 18.56 18.56 18.53 18.38 18.25 17.79 17.23 16.60 15.91 15.31 15.67 16.40 17.10 17.72 18.03 18.40 18.03 18.08 18.08 18.22 18.46 18.39 18.38 18.01 17.49 16.74 16.16 15.56 15.27 15.81 16.21 16.71 17.06 17.30 17.40 17.36 17.10 17.06 17.23 17.47 17.87 18.46 19.17 20.02 20.89 21.74 22.54 22.43 21.63
16.67 16.85 17.24 17.66 18.05 18.38 18.53 18.65 18.67 18.64 18.64 18.64 18.57 18.72 19.24 19.54 20.03 20.30 20.52 20.43 20.19 19.69 19.30 18.96 18.69 18.63 18.56 18.56 18.56 18.56 18.54 18.86 18.30 17.88 17.36 16.79 16.29 15.95 16.11 16.65 17.18 17.73 18.20 18.24 18.04 18.08 18.15 18.29 18.36 18.62 18.42 18.07 17.13 16.88 16.38 15.94 15.81 16.11 16.59 16.81 17.14 17.37 17.46 17.22 17.22 17.19 17.26 17.53 17.87 18.40 19.06 19.80 20.56 21.40 21.88 21.87 21.29
17.22 17.28 17.55 17.87 18.11 18.38 18.57 18.66 18.64 18.64 18.64 18.64 18.86 18.97 19.15 19.39 19.64 19.87 20.04 20.09 19.95 19.44 19.14 18.85 18.62 18.60 18.54 18.53 18.53 18.53 19.08 18.91 18.59 18.21 17.76 17.40 16.84 16.63 16.72 17.22 17.51 17.99 18.39 18.36 18.48 18.14 18.13 18.26 18.35 18.64 18.49 18.20 17.29 17.15 16.77 16.41 16.34 16.51 17.00 17.28 17.54 17.73 17.63 17.58 17.32 17.31 17.32 17.46 17.89 18.33 18.88 19.49 20.08 20.79 21.06 21.15 20.79
17.70 17.77 17.96 18.20 18.29 18.49 18.60 18.65 18.66 18.60 18.60 18.59 18.59 18.91 19.05 19.22 19.39 19.57 19.68 19.73 19.64 19.48 19.03 18.83 18.65 18.63 18.42 18.37 18.36 18.89 18.94 18.82 18.69 18.41 17.84 17.78 17.45 17.14 17.40 17.78 18.15 18.53 18.87 18.70 18.63 18.47 18.03 18.15 18.32 18.36 18.15 17.99 17.73 17.40 17.10 16.92 16.87 16.99 17.21 17.59 17.79 17.92 17.74 17.63 17.33 17.31 17.32 17.49 17.85 18.22 18.65 19.06 19.40 20.02 20.14 20.40 20.29
18.13 18.18 18.30 18.47 18.47 18.57 18.59 18.62 18.63 18.64 18.64 18.63 18.61 18.62 18.94 18.77 19.17 19.29 19.36 19.41 19.36 19.25 18.84 18.67 18.47 18.27 18.29 18.66 18.62 18.64 18.66 18.63 18.66 18.28 17.99 17.99 17.72 17.50 17.92 18.39 18.83 19.35 19.24 19.20 18.92 18.40 18.44 17.65 18.10 18.02 18.10 18.08 17.96 17.76 17.49 17.37 17.34 17.42 17.57 17.90 18.01 17.83 17.73 17.34 17.24 17.24 17.31 17.56 17.97 18.28 18.57 18.75 18.84 19.28 19.29 19.71 19.85
18.48 18.57 18.64 18.75 18.70 18.77 18.63 18.66 18.68 18.69 18.69 18.67 18.65 18.62 18.57 18.62 18.71 18.79 19.10 19.16 19.12 19.06 18.65 18.46 18.21 17.98 18.22 18.05 18.02 18.06 18.20 18.40 18.54 18.67 18.22 17.92 17.74 17.97 18.42 19.05 19.75 20.31 20.22 19.88 19.41 18.61 18.18 17.26 17.42 17.53 17.95 18.08 18.10 18.02 17.44 17.38 17.80 17.85 18.21 18.33 18.75 18.16 17.98 17.58 17.14 17.20 17.29 17.64 18.15 18.42 18.56 18.54 18.38 18.48 18.49 18.91 19.29
18.79 18.80 18.84 18.73 18.77 18.80 18.82 18.71 18.74 18.75 18.75 18.73 18.69 18.60 18.56 18.54 18.57 18.60 19.10 19.10 19.09 18.90 18.46 18.25 17.97 18.08 17.74 17.46 17.55 17.60 17.65 17.91 18.21 18.27 18.18 17.76 17.68 17.96 18.69 19.52 20.39 20.76 20.92 20.42 19.73 18.92 18.19 17.19 16.96 17.28 17.75 17.97 18.13 18.18 17.64 17.60 18.08 18.10 18.44 18.44 18.71 18.07 17.77 17.34 17.20 17.28 17.52 17.99 18.32 18.63 18.67 18.47 18.34 18.03 18.03 18.54 19.17
18.54 18.54 18.55 18.56 18.79 18.81 18.84 18.87 18.80 18.83 18.82 18.78 18.69 18.63 18.58 18.54 18.52 19.01 19.02 19.02 19.01 18.63 18.48 18.10 18.09 17.63 17.22 16.99 16.77 16.87 17.19 17.51 17.69 17.77 17.73 17.54 17.46 17.84 18.71 19.80 20.72 21.50 21.72 21.24 20.33 19.12 18.13 17.12 16.78 16.81 17.23 17.48 18.07 18.13 18.17 17.72 18.22 18.23 18.52 18.83 18.59 18.25 17.52 17.04 16.88 16.98 17.34 17.97 18.60 18.89 18.94 18.63 18.05 17.76 17.72 18.29 19.20
18.55 18.55 18.55 18.57 18.60 18.65 18.85 18.89 18.92 18.90 18.89 18.81 18.73 18.66 18.57 18.52 18.49 19.01 19.01 19.01 19.01 18.60 18.42 18.10 17.89 17.33 16.96 16.30 15.95 16.19 16.67 17.05 17.25 17.35 17.33 17.21 17.15 17.47 18.41 19.78 21.11 22.24 22.63 21.94 20.69 19.28 17.96 16.98 16.63 16.82 17.12 17.39 17.63 17.94 17.94 17.73 18.24 18.40 18.38 18.78 18.49 18.09 17.31 16.77 16.52 16.56 17.08 17.91 18.61 19.20 19.34 18.85 18.10 17.52 17.45 18.07 19.20
18.55 18.55 18.55 18.57 18.61 18.66 18.73 18.90 18.94 18.98 18.93 18.83 18.73 18.65 18.58 18.52 18.49 18.48 18.48 19.01 19.01 18.59 18.39 18.41 17.81 17.51 16.73 15.88 15.30 15.81 16.42 16.83 17.02 17.12 17.15 17.03 16.94 17.10 18.21 19.78 21.36 22.80 23.51 22.36 20.87 19.28 17.76 16.81 16.54 16.74 17.06 17.38 17.61 17.69 17.75 17.94 18.40 18.40 18.30 18.16 18.45 17.55 17.11 16.65 16.30 16.17 16.88 17.86 18.71 19.47 19.72 18.99 18.13 17.45 17.12 17.80 19.24
18.55 18.55 18.55 18.57 18.61 18.66 18.77 18.83 18.89 18.92 18.87 18.78 18.72 18.64 18.57 18.52 18.49 18.48 18.48 18.48 18.98 18.94 18.81 18.40 17.92 17.60 16.89 16.18 15.79 16.08 16.59 16.97 17.18 17.28 17.27 17.15 17.07 17.37 18.35 19.77 21.19 22.40 22.84 22.05 20.73 19.28 17.96 17.01 16.60 16.79 17.10 17.41 17.45 17.66 17.66 17.66 17.45 18.03 18.30 18.42 18.15 17.78 17.22 16.80 16.33 16.40 16.97 17.83 18.74 19.35 19.46 18.94 18.17 17.55 17.32 17.95 19.20
18.56 18.56 18.55 18.57 18.57 18.61 18.75 18.49 18.59 18.66 18.64 18.71 18.64 18.57 18.56 18.51 18.48 18.48 18.48 18.48 18.91 19.32 19.14 18.52 18.10 17.90 17.34 16.86 16.63 16.74 17.07 17.39 17.60 17.69 17.57 17.43 17.45 17.78 18.60 19.65 20.78 21.62 21.83 21.36 20.38 19.25 18.11 17.42 16.87 17.01 17.23 17.39 17.59 17.82 17.55 17.66 17.45 17.45 17.88 18.46 18.23 17.91 17.41 17.06 16.63 16.76 17.17 17.84 18.49 19.07 19.13 18.75 18.15 17.58 17.53 18.01 19.07
