data/Validacao/U251115l.grd
DSAA
94	94
0.0000	100.0000
0.0000	100.0000
12.6558	24.4553
[rows 0 to 33 of 94, columns 0 to 76 of 94]
21.70 21.14 20.35 19.61 18.95 18.41 18.01 17.70 17.65 17.65 17.65 17.64 17.55 17.29 16.70 16.23 15.68 15.04 14.43 14.32 14.92 15.35 15.84 16.27 16.61 16.79 16.89 16.97 16.97 17.34 17.33 17.22 16.99 16.71 16.19 15.85 15.48 15.14 15.32 15.69 16.03 16.34 16.34 16.50 16.60 16.52 16.52 16.59 16.59 16.68 16.78 16.91 17.34 17.49 17.63 17.80 17.92 17.74 17.61 17.54 17.42 17.28 17.21 17.17 17.16 17.08 17.38 17.37 17.29 17.10 16.60 16.30 15.95 15.59 15.21 15.28 15.67
21.14 20.81 20.17 19.50 18.88 18.37 17.99 17.78 17.74 17.65 17.65 17.65 17.56 17.32 16.75 16.30 15.78 15.22 14.77 14.72 15.11 15.46 15.91 16.31 16.63 16.85 16.89 16.97 16.97 16.97 17.33 17.23 17.01 16.74 16.24 15.93 15.62 15.38 15.50 15.78 16.09 16.38 16.36 16.52 16.61 16.52 16.52 16.52 16.59 16.69 16.77 16.90 17.32 17.46 17.53 17.70 17.78 17.67 17.64 17.52 17.41 17.27 17.20 17.17 17.16 17.16 17.38 17.38 17.30 17.13 16.63 16.34 16.02 15.72 15.46 15.50 15.78
20.35 20.17 19.73 19.20 18.68 18.24 17.92 17.76 17.75 17.76 17.66 17.65 17.60 17.40 16.88 16.49 16.06 15.65 15.33 15.30 15.54 15.86 16.08 16.41 16.69 16.88 16.54 16.98 16.98 16.98 17.34 17.27 17.11 16.61 16.37 16.12 15.90 15.71 15.81 15.99 16.23 16.48 16.41 16.55 16.43 16.51 16.50 16.50 16.51 16.68 16.74 16.84 17.26 17.38 17.39 17.50 17.58 17.52 17.41 17.47 17.38 17.25 17.19 17.16 17.16 17.46 17.37 17.38 17.33 17.18 16.71 16.47 16.21 15.99 15.84 15.86 16.21
19.61 19.50 19.20 18.81 18.41 18.07 17.87 17.83 17.88 17.91 17.91 17.88 17.74 17.59 17.12 16.81 16.45 16.11 15.85 15.83 15.90 16.12 16.39 16.44 16.67 16.46 16.57 16.56 17.09 17.29 17.26 17.33 17.19 16.73 16.54 16.36 16.20 16.13 16.13 16.25 16.42 16.61 16.48 16.38 16.38 16.42 16.39 16.38 16.68 16.55 16.60 16.68 17.08 16.93 17.13 17.21 17.29 17.27 17.26 17.41 17.36 17.25 17.18 17.42 17.38 17.36 17.37 17.31 17.33 17.25 16.82 16.63 16.44 16.30 16.21 16.42 16.55
18.95 18.88 18.68 18.41 18.14 17.97 17.95 18.06 18.17 18.24 18.26 18.24 18.17 17.94 17.48 17.19 16.87 16.57 16.31 16.20 16.13 16.21 16.36 16.33 16.20 16.42 16.62 16.80 17.28 17.48 17.41 17.32 17.25 16.86 16.72 16.59 16.49 16.44 16.42 16.50 16.62 16.75 16.71 16.68 16.51 16.41 16.14 16.35 16.33 16.49 16.54 16.36 16.44 16.51 16.83 16.76 16.91 16.96 17.04 17.14 17.32 17.23 17.40 17.29 17.20 17.15 17.17 17.14 17.22 17.26 16.92 16.80 16.67 16.85 16.78 16.79 16.88
18.41 18.37 18.24 18.07 17.97 18.01 18.19 18.41 18.60 18.74 18.80 18.77 18.66 18.48 18.19 17.59 17.28 16.98 16.69 16.32 16.16 16.11 16.15 15.99 16.04 16.35 16.68 16.98 17.60 17.73 17.65 17.51 17.35 17.01 16.88 16.79 16.72 16.80 16.66 16.71 16.78 16.82 16.65 16.50 16.23 16.07 15.74 15.85 15.92 15.93 16.00 16.06 15.91 15.95 16.24 16.34 16.44 16.62 16.78 16.98 17.07 17.39 17.27 17.10 16.95 16.87 16.88 16.97 17.03 17.17 17.09 16.94 17.23 17.14 17.09 17.10 17.16
18.01 17.99 17.92 17.87 17.95 18.19 18.51 18.84 19.15 19.38 19.47 19.42 19.25 18.98 18.63 18.22 17.63 17.27 16.86 16.36 16.04 15.84 15.54 15.66 15.96 16.25 16.75 17.19 17.94 18.01 17.93 17.73 17.26 17.06 17.01 16.93 16.90 17.00 16.83 16.86 16.89 16.81 16.51 16.17 15.89 15.62 15.40 15.22 15.23 15.25 15.31 15.36 15.25 15.32 15.57 15.71 15.91 16.21 16.51 16.80 16.94 17.22 17.10 16.86 16.64 16.52 16.53 16.66 16.87 16.82 17.04 17.14 17.39 17.35 17.32 17.33 17.36
18.32 17.78 17.76 17.83 18.06 18.41 18.84 19.30 19.76 20.11 20.22 20.11 19.86 19.50 19.05 18.53 18.03 17.40 16.86 16.28 15.79 15.26 15.11 15.22 15.61 16.14 16.83 17.45 18.18 18.35 18.22 17.96 17.43 17.17 16.95 17.01 16.99 17.11 16.69 16.94 16.90 16.72 16.54 15.91 15.53 15.12 14.76 14.51 14.50 14.53 14.55 14.59 14.69 14.80 14.91 15.07 15.35 15.79 16.26 16.72 16.92 17.05 16.90 16.61 16.29 16.11 16.14 16.33 16.62 16.66 16.94 17.12 17.46 17.46 17.45 17.45 17.46
18.28 17.74 17.75 17.88 18.17 18.60 19.12 19.71 20.35 20.87 20.97 20.74 20.39 19.98 19.46 18.80 18.13 17.39 16.68 16.04 15.39 14.90 14.66 14.71 15.22 16.06 16.93 17.77 18.49 18.64 18.51 17.88 17.49 17.26 16.99 16.88 16.75 17.14 16.71 16.95 16.86 16.74 16.39 15.70 15.22 14.65 14.10 13.84 13.83 13.89 13.86 13.84 14.00 14.21 14.35 14.49 14.80 15.40 16.12 16.58 16.85 16.89 16.75 16.38 15.94 15.67 15.74 16.04 16.41 16.64 16.86 17.32 17.45 17.48 17.48 17.48 17.48
18.28 18.28 17.76 17.91 18.23 18.69 19.26 19.94 20.74 21.56 21.54 21.11 20.69 20.28 19.82 18.99 18.19 17.36 16.56 15.80 15.23 14.69 14.35 14.19 14.87 15.95 17.03 18.04 18.84 18.86 18.64 17.99 17.57 17.30 17.06 16.88 16.46 16.75 16.71 16.95 16.84 16.70 16.31 15.82 15.05 14.35 13.61 13.25 13.44 13.53 13.43 13.23 13.53 13.88 14.04 14.08 14.32 15.19 15.98 16.53 16.87 16.90 16.67 16.24 15.69 15.23 15.44 15.86 16.30 16.57 16.89 17.29 17.44 17.48 17.48 17.48 17.48
18.28 18.28 18.29 17.90 18.22 18.67 19.22 19.88 20.63 21.31 21.36 21.01 20.61 20.20 19.69 18.94 18.18 17.33 16.58 15.87 15.29 14.75 14.44 14.38 14.98 15.98 17.02 17.95 18.63 18.79 18.61 17.96 17.55 17.29 17.05 16.88 16.46 16.99 16.85 16.85 16.96 16.71 16.33 15.85 15.10 14.58 13.80 13.44 13.55 13.63 13.55 13.44 13.67 13.97 14.12 14.20 14.52 15.27 16.02 16.54 16.86 16.89 16.65 16.28 15.76 15.39 15.53 15.91 16.33 16.59 16.90 17.39 17.45 17.48 17.48 17.48 17.48
18.28 18.28 18.29 17.86 18.13 18.53 19.02 19.56 20.13 20.56 20.67 20.51 20.20 19.80 19.30 18.70 17.93 17.35 16.74 16.13 15.53 15.11 14.91 14.92 15.38 16.13 16.96 17.71 18.20 18.53 18.24 17.80 17.44 17.22 17.01 16.51 16.46 16.99 16.99 16.85 16.99 16.78 16.44 16.02 15.53 15.01 14.48 14.13 14.08 14.12 14.12 14.13 14.26 14.43 14.55 14.77 15.08 15.61 16.21 16.63 16.87 16.90 16.73 16.39 16.08 15.85 15.89 16.15 16.48 16.69 16.97 17.42 17.55 17.48 17.48 17.48 17.48
18.25 18.25 18.26 18.33 18.01 18.32 18.70 19.06 19.40 19.66 19.77 19.73 19.56 19.26 18.62 18.16 17.76 17.42 16.97 16.49 15.96 15.62 15.48 15.58 15.82 16.35 16.93 17.46 17.82 18.04 17.94 17.69 17.28 17.13 16.57 16.50 16.56 16.99 16.99 16.87 16.93 16.88 16.61 16.27 15.96 15.68 15.35 15.04 14.91 14.86 14.84 14.87 14.96 15.08 15.33 15.52 15.78 16.14 16.51 16.80 16.97 16.99 16.85 16.57 16.38 16.22 16.24 16.43 16.58 16.84 17.06 17.48 17.55 17.45 17.44 17.44 17.64
17.90 17.91 17.93 17.97 17.78 17.96 18.20 18.33 18.46 18.58 18.66 18.68 18.65 18.25 18.05 17.83 17.69 17.57 17.33 17.03 16.62 16.38 16.22 16.24 16.44 16.63 16.98 17.29 17.51 17.69 17.60 17.42 17.10 17.02 16.53 16.53 16.59 16.99 16.88 16.88 16.96 16.98 16.84 16.71 16.62 16.59 16.44 16.17 15.98 15.80 15.66 15.59 15.68 16.02 16.21 16.45 16.66 16.87 17.01 17.10 17.16 17.09 16.92 16.65 16.41 16.43 16.45 16.62 16.73 16.97 17.41 17.49 17.48 17.44 17.47 17.51 17.86
17.79 17.81 17.84 17.89 17.91 17.38 17.33 17.26 17.41 17.38 17.40 17.47 17.28 17.38 17.50 17.63 17.73 17.80 17.79 17.72 17.59 17.30 17.12 17.00 17.00 17.10 17.11 17.22 17.38 17.36 17.28 17.17 17.07 16.65 16.64 17.03 17.02 16.99 17.09 17.09 16.93 16.95 17.27 17.64 17.75 17.61 17.63 17.41 17.14 16.82 16.52 16.38 16.60 16.84 17.16 17.45 17.62 17.69 17.64 17.55 17.39 17.17 16.90 16.64 16.43 16.49 16.52 16.69 16.98 17.22 17.37 17.43 17.35 17.29 17.57 17.61 17.67
17.66 17.68 17.73 17.78 17.67 17.42 16.67 16.38 16.13 15.97 15.95 15.98 16.21 16.57 17.03 17.51 17.86 18.09 18.32 18.48 18.49 18.26 18.06 17.82 17.61 17.47 17.41 17.10 17.20 17.08 17.01 16.97 16.94 16.69 16.72 16.85 16.86 17.10 16.85 16.84 17.06 17.23 17.76 18.05 18.43 18.89 19.01 18.65 18.29 17.79 17.35 17.29 17.32 17.61 18.06 18.44 18.59 18.56 18.35 18.04 17.64 17.19 16.81 16.53 16.34 16.25 16.60 16.79 16.92 17.13 17.40 17.28 17.19 17.19 17.13 17.31 17.39
17.49 17.53 17.60 17.61 17.41 17.02 16.51 15.58 15.11 14.80 14.77 14.91 15.33 15.94 16.66 17.40 18.03 18.51 18.94 19.23 19.32 19.14 18.92 18.61 18.24 17.87 17.58 17.33 17.25 16.91 16.84 16.85 16.89 16.77 16.75 16.88 16.89 17.07 16.89 16.87 17.11 17.41 18.09 18.70 19.25 19.91 20.00 19.88 19.33 18.62 18.14 17.83 17.87 18.24 18.83 19.35 19.54 19.42 19.05 18.48 17.84 17.21 16.68 16.35 16.13 16.04 16.35 16.48 16.75 16.95 17.19 17.19 17.10 16.95 16.85 16.99 17.12
17.31 17.37 17.48 17.44 17.17 16.69 16.05 14.97 14.25 13.74 13.68 14.09 14.72 15.50 16.39 17.39 18.28 19.02 19.58 19.95 20.00 19.96 19.72 19.38 18.78 18.21 17.73 17.35 17.13 16.98 16.94 16.81 16.73 16.78 16.77 16.90 16.92 17.05 16.92 16.90 17.18 17.58 18.36 19.12 19.94 20.76 21.09 20.95 20.16 19.27 18.52 18.12 18.18 18.64 19.40 20.15 20.46 20.21 19.62 18.84 18.02 17.24 16.58 16.10 15.83 15.70 15.97 16.20 16.51 16.84 16.98 17.01 16.90 16.70 16.55 16.66 16.85
17.13 17.23 17.38 17.33 17.02 16.49 15.89 14.97 13.88 12.78 12.87 13.56 14.38 15.25 16.20 17.31 18.38 19.32 20.16 20.62 20.54 20.34 20.11 19.83 19.23 18.50 17.90 17.45 17.06 16.87 16.87 16.79 16.72 16.78 16.79 16.91 16.95 17.02 16.99 16.93 17.22 17.81 18.50 19.38 20.34 21.31 22.11 21.93 20.78 19.59 18.68 18.16 18.27 18.86 19.78 20.84 21.35 20.81 20.00 19.08 18.14 17.27 16.52 15.94 15.54 15.29 15.62 16.10 16.43 16.71 16.86 16.90 16.77 16.51 16.26 16.30 16.66
17.11 17.25 17.43 17.40 17.10 16.56 15.86 14.93 13.80 12.66 12.75 13.53 14.34 15.22 16.16 17.30 18.38 19.35 20.27 20.74 20.59 20.38 20.15 19.91 19.28 18.52 17.90 17.43 17.05 16.89 16.86 16.80 16.81 16.87 16.90 16.97 16.96 17.03 16.99 17.10 17.35 17.82 18.52 19.58 20.45 21.43 22.25 22.11 20.86 19.64 18.70 18.15 18.28 18.89 19.84 20.94 21.52 20.91 20.08 19.14 18.20 17.32 16.55 15.95 15.52 15.27 15.64 16.01 16.41 16.70 16.85 17.02 16.86 16.56 16.24 16.29 16.64
17.32 17.39 17.52 17.50 17.23 16.74 16.07 15.04 14.23 13.63 13.49 13.95 14.61 15.42 16.39 17.37 18.30 19.10 19.75 20.13 20.17 20.05 19.82 19.48 18.88 18.28 17.77 17.37 17.16 17.05 17.06 16.82 16.82 16.88 17.04 16.96 16.97 17.08 17.09 17.11 17.33 17.76 18.58 19.37 20.12 20.77 21.30 21.23 20.41 19.37 18.59 18.17 18.23 18.72 19.51 20.32 20.66 20.38 19.76 18.95 18.10 17.30 16.61 16.10 15.93 15.74 16.01 16.34 16.55 16.81 16.95 17.12 16.99 16.75 16.56 16.59 16.81
17.53 17.57 17.67 17.68 17.47 17.06 16.52 15.64 15.07 14.70 14.65 14.68 15.14 15.79 16.55 17.34 18.03 18.66 19.14 19.44 19.54 19.32 19.11 18.80 18.40 17.97 17.61 17.30 17.30 17.13 16.96 16.85 16.84 16.88 17.06 16.96 16.96 17.14 17.12 17.14 17.29 17.63 18.35 18.99 19.62 20.09 20.33 20.19 19.70 18.92 18.31 18.00 18.03 18.41 19.04 19.61 19.83 19.69 19.25 18.63 17.95 17.29 16.72 16.60 16.35 16.24 16.51 16.70 16.99 17.22 17.37 17.32 17.20 17.02 16.90 16.93 17.07
17.81 17.74 17.81 17.86 17.74 17.46 16.76 16.37 16.02 15.79 15.74 15.58 15.85 16.26 16.79 17.34 17.78 18.21 18.52 18.73 18.79 18.54 18.37 18.13 17.84 17.57 17.36 17.06 17.31 16.98 16.99 17.05 16.93 17.06 17.08 16.95 16.95 17.19 17.16 17.17 17.26 17.47 18.06 18.45 18.86 19.12 19.26 19.17 18.85 18.40 17.94 17.75 17.81 18.15 18.65 19.05 19.19 19.11 18.82 18.37 17.86 17.37 17.30 17.02 16.84 16.75 17.03 17.19 17.32 17.49 17.61 17.77 17.43 17.30 17.22 17.25 17.34
18.00 18.02 18.07 18.13 18.00 17.52 17.33 17.13 17.05 16.93 16.89 16.94 16.65 16.82 17.05 17.30 17.51 17.79 17.93 18.01 17.99 17.72 17.59 17.43 17.26 17.13 16.91 16.81 16.96 16.95 16.99 17.06 17.13 17.00 17.02 16.94 17.36 17.35 17.53 17.55 17.27 17.61 17.49 17.88 18.01 17.94 18.02 18.11 17.98 17.79 17.60 17.51 17.69 18.04 18.42 18.70 18.79 18.76 18.56 18.27 17.92 17.93 17.70 17.52 17.37 17.52 17.52 17.60 17.65 17.76 17.80 17.99 17.88 17.78 17.57 17.61 17.67
18.15 18.16 18.19 18.23 17.94 17.99 17.97 17.93 17.90 17.87 17.85 17.83 17.82 17.38 17.31 17.26 17.27 17.31 17.40 17.33 17.05 16.95 16.84 16.76 16.71 16.57 16.55 16.55 16.64 16.88 16.96 17.04 17.22 17.38 17.05 17.05 17.27 17.73 17.37 17.38 17.56 17.50 17.42 17.03 16.99 17.10 17.10 17.03 17.14 17.19 17.28 17.47 17.73 18.08 18.36 18.58 18.65 18.64 18.53 18.35 18.46 18.30 18.17 18.03 17.89 18.02 17.96 17.98 17.95 18.33 18.34 18.15 18.07 18.01 18.01 18.40 18.45
18.25 18.25 18.27 17.93 18.04 18.19 18.36 18.50 18.59 18.64 18.62 18.53 18.39 18.17 17.54 17.28 17.11 17.01 16.95 16.77 16.45 16.32 16.23 16.18 16.10 16.16 16.22 16.32 16.48 16.77 16.89 16.99 17.18 17.35 17.04 17.05 17.29 17.80 17.80 17.41 17.56 17.43 17.16 16.57 16.30 16.22 16.12 16.12 16.38 16.69 17.09 17.55 17.97 18.25 18.49 18.68 18.76 18.77 18.72 18.88 18.81 18.74 18.62 18.50 18.56 18.43 18.32 18.26 18.09 18.43 18.40 18.37 18.19 18.52 18.53 18.92 18.95
18.29 18.29 17.91 17.97 18.11 18.31 18.56 18.83 19.07 19.20 19.16 18.97 18.68 18.33 17.96 17.37 17.06 16.81 16.62 16.38 16.08 15.92 15.79 15.66 15.70 15.83 15.97 16.12 16.31 16.61 16.79 17.01 17.12 17.31 17.38 17.05 17.42 17.83 17.83 17.74 17.54 17.32 16.97 16.44 15.95 15.56 15.33 15.37 15.76 16.36 17.02 17.66 18.19 18.57 18.78 18.99 19.11 19.13 19.27 19.27 19.26 19.16 19.01 18.86 18.86 18.72 18.48 18.32 18.19 18.46 18.42 18.39 18.60 18.62 19.03 19.03 19.03
18.30 17.91 17.92 17.99 18.16 18.39 18.69 19.02 19.35 19.60 19.52 19.20 18.82 18.40 17.98 17.58 17.22 16.71 16.37 16.07 15.87 15.69 15.46 15.32 15.39 15.60 15.80 15.99 16.17 16.49 16.74 16.92 17.08 17.52 17.62 17.78 17.43 17.83 17.75 17.67 17.75 17.47 16.74 16.24 15.68 15.20 14.75 14.81 15.41 16.17 16.99 17.76 18.34 18.77 19.11 19.40 19.59 19.63 19.58 19.61 19.67 19.61 19.37 19.17 19.03 18.86 18.64 18.41 18.25 18.13 18.43 19.00 18.60 19.03 19.03 19.03 19.03
17.86 17.91 17.92 18.00 18.17 18.42 18.73 19.08 19.46 19.82 19.69 19.30 18.88 18.43 17.97 17.53 17.13 16.71 16.30 15.95 15.78 15.56 15.34 15.12 15.27 15.54 15.75 15.91 16.07 16.35 16.71 17.10 17.27 17.50 17.62 17.77 17.79 17.71 17.67 17.67 17.74 17.44 16.70 16.18 15.58 15.03 14.40 14.48 15.27 16.11 16.99 17.83 18.41 18.84 19.26 19.62 19.90 19.82 19.76 19.81 19.90 19.77 19.46 19.23 19.12 18.99 18.70 18.45 18.27 18.14 18.98 19.00 19.01 19.03 19.03 19.03 19.03
17.86 17.86 17.91 17.99 18.15 18.38 18.67 18.99 19.31 19.54 19.46 19.18 18.82 18.41 17.92 17.52 17.16 16.83 16.49 16.05 15.84 15.65 15.48 15.36 15.47 15.66 15.85 16.02 16.20 16.65 16.96 17.13 17.30 17.52 17.63 17.71 17.71 17.63 18.03 18.03 17.76 17.48 17.07 16.27 15.72 15.28 14.88 14.93 15.49 16.20 16.99 17.74 18.32 18.75 19.17 19.45 19.67 19.71 19.62 19.66 19.67 19.56 19.34 19.22 19.07 18.93 18.79 18.40 18.24 18.63 18.61 19.00 19.03 19.03 19.03 19.03 19.03
17.89 17.94 17.92 17.96 18.09 18.29 18.53 18.79 19.05 19.17 19.13 18.94 18.67 18.34 17.85 17.57 17.29 16.93 16.68 16.45 16.07 15.87 15.76 15.69 15.79 15.91 16.05 16.22 16.39 16.87 17.10 17.21 17.35 17.62 17.58 17.71 17.71 17.63 17.63 18.03 18.15 17.91 17.11 16.71 16.23 15.76 15.53 15.54 15.91 16.45 17.05 17.66 18.32 18.70 18.93 19.19 19.40 19.42 19.43 19.42 19.39 19.23 19.08 19.08 18.96 18.84 18.72 18.63 18.65 18.62 18.60 18.81 18.81 19.04 19.04 19.04 19.04
18.21 18.18 18.10 18.02 18.04 18.17 18.36 18.60 18.75 18.82 18.80 18.67 18.49 18.13 17.86 17.59 17.38 17.08 16.85 16.68 16.59 16.11 16.05 16.02 16.05 16.00 16.30 16.41 16.59 17.12 17.24 17.26 17.36 17.54 17.59 17.69 17.61 17.60 17.60 18.00 18.18 18.04 17.31 16.98 16.65 16.35 16.14 16.12 16.37 16.74 17.35 17.81 18.24 18.52 18.88 18.99 19.12 19.09 19.10 19.11 19.06 19.02 19.09 18.92 18.82 18.73 18.64 18.65 18.63 18.61 18.60 18.82 18.84 19.07 19.08 19.08 19.38
18.74 18.68 18.51 18.30 18.13 18.09 18.18 18.31 18.47 18.52 18.45 18.37 18.14 17.98 17.78 17.57 17.25 17.12 16.99 16.87 16.80 16.78 16.80 16.30 16.33 16.37 16.44 16.62 17.23 17.31 17.39 17.36 17.43 17.57 17.58 17.65 17.56 17.55 17.55 17.57 18.14 18.12 17.97 17.64 17.38 17.15 16.75 16.62 17.06 17.31 17.61 17.86 18.41 18.58 18.72 18.79 18.81 18.84 18.83 18.93 18.78 18.97 18.92 18.76 18.70 18.63 18.65 18.62 18.68 18.67 18.90 18.93 19.26 19.29 19.48 19.43 19.59
19.47 19.38 19.12 18.76 18.40 18.14 18.05 18.11 18.12 18.21 18.20 18.15 18.01 17.90 17.75 17.35 17.20 17.07 17.16 17.10 16.91 16.95 17.02 16.93 16.55 16.58 16.62 16.67 17.03 17.44 17.17 17.71 17.48 17.57 17.66 17.51 17.48 17.47 17.48 17.50 17.81 17.86 17.77 17.91 17.76 17.61 17.53 17.67 17.47 17.75 17.93 18.12 18.50 18.59 18.66 18.71 18.70 18.71 18.68 18.63 18.57 18.81 18.78 18.75 18.71 18.76 18.82 18.82 18.82 18.84 19.40 19.44 19.48 19.51 19.53 19.52 19.08
