data/Validacao/U291015l.grd
DSAA
94	94
0.0000	100.0000
0.0000	100.0000
6.5619	11.1002
[rows 36 to 71 of 94, columns 0 to 81 of 94]
9.50 9.46 9.43 9.37 9.35 9.32 9.29 9.26 9.24 9.21 9.18 9.15 9.12 9.16 9.12 9.10 9.04 8.98 8.92 8.86 8.81 8.75 8.70 8.64 8.62 8.63 8.62 8.60 8.45 8.44 8.43 8.43 8.40 8.41 8.49 8.52 8.54 8.56 8.60 8.64 8.73 8.78 8.81 8.85 8.91 8.98 9.01 9.23 9.18 9.23 9.32 9.37 9.38 9.42 9.46 9.50 9.54 9.58 9.62 9.75 9.77 9.86 9.89 9.91 9.89 9.90 9.96 9.93 9.94 9.96 9.91 9.90 9.86 9.84 9.85 9.82 9.79 9.76 9.53 9.45 9.39 9.31
9.47 9.43 9.41 9.38 9.36 9.33 9.30 9.28 9.25 9.22 9.19 9.16 9.13 9.11 9.15 9.12 9.06 9.00 8.94 8.89 8.83 8.78 8.73 8.68 8.51 8.47 8.43 8.43 8.44 8.51 8.50 8.49 8.50 8.48 8.51 8.54 8.56 8.58 8.61 8.65 8.74 8.79 8.82 8.90 8.95 9.00 9.06 8.97 9.05 9.17 9.23 9.40 9.40 9.45 9.49 9.53 9.57 9.68 9.71 9.85 9.88 9.90 9.93 9.93 9.96 9.96 9.97 9.98 9.95 9.94 9.94 9.93 9.89 9.89 9.87 9.84 9.81 9.78 9.57 9.50 9.45 9.37
9.46 9.44 9.41 9.39 9.37 9.35 9.32 9.29 9.26 9.24 9.21 9.18 9.15 9.12 9.11 9.06 9.08 9.02 8.97 8.91 8.86 8.80 8.75 8.57 8.51 8.47 8.54 8.52 8.51 8.50 8.50 8.50 8.51 8.59 8.53 8.55 8.58 8.60 8.63 8.66 8.75 8.82 8.87 8.91 8.96 9.02 9.08 9.11 9.24 9.18 9.24 9.32 9.50 9.54 9.58 9.61 9.67 9.70 9.73 9.89 9.91 9.94 9.93 9.96 9.98 10.07 10.01 10.01 9.98 9.98 9.97 9.97 9.94 9.92 9.89 9.86 9.83 9.80 9.79 9.75 9.46 9.42
9.47 9.44 9.42 9.40 9.37 9.35 9.32 9.31 9.28 9.25 9.22 9.20 9.17 9.14 9.12 9.07 9.02 9.05 8.99 8.94 8.88 8.72 8.65 8.59 8.60 8.58 8.55 8.54 8.54 8.53 8.51 8.55 8.59 8.61 8.64 8.66 8.59 8.61 8.64 8.67 8.78 8.83 8.88 8.90 8.96 9.02 9.08 9.13 9.19 9.32 9.27 9.35 9.42 9.58 9.62 9.65 9.75 9.79 9.82 9.93 9.92 9.95 9.97 10.00 10.07 10.10 10.06 10.01 10.02 10.01 10.01 9.99 9.97 9.94 9.91 9.88 9.86 9.85 9.81 9.77 9.52 9.46
9.47 9.45 9.43 9.40 9.38 9.36 9.33 9.30 9.28 9.25 9.22 9.21 9.19 9.17 9.13 9.08 9.04 8.99 9.02 8.96 8.80 8.73 8.67 8.60 8.62 8.59 8.57 8.55 8.56 8.55 8.55 8.57 8.59 8.63 8.66 8.67 8.69 8.70 8.71 8.74 8.79 8.84 8.89 8.91 8.97 9.03 9.09 9.15 9.28 9.34 9.39 9.37 9.41 9.47 9.73 9.76 9.80 9.83 9.87 9.87 9.96 9.99 10.02 10.08 10.10 10.08 10.07 10.07 10.06 10.06 10.04 9.97 9.99 9.96 9.94 9.91 9.86 9.83 9.83 9.79 9.58 9.52
9.48 9.46 9.43 9.41 9.39 9.36 9.34 9.31 9.29 9.26 9.24 9.21 9.20 9.16 9.14 9.09 9.05 9.01 8.97 8.82 8.81 8.75 8.68 8.69 8.65 8.59 8.56 8.56 8.57 8.57 8.58 8.60 8.61 8.62 8.64 8.68 8.72 8.76 8.74 8.77 8.90 8.98 8.90 8.92 9.09 9.04 9.10 9.18 9.30 9.36 9.41 9.36 9.43 9.55 9.61 9.81 9.84 9.86 9.89 9.93 10.01 10.03 10.02 10.08 10.10 10.12 10.08 10.05 10.04 10.08 10.06 10.00 9.98 9.96 9.94 9.92 9.89 9.89 9.85 9.81 9.78 9.74
9.48 9.46 9.44 9.42 9.40 9.37 9.35 9.32 9.30 9.27 9.25 9.22 9.21 9.17 9.12 9.08 9.04 9.00 8.88 8.83 8.77 8.76 8.69 8.62 8.63 8.60 8.58 8.56 8.57 8.56 8.57 8.58 8.59 8.64 8.68 8.78 8.81 8.79 8.84 8.87 8.92 8.95 8.98 9.01 9.07 9.13 9.21 9.30 9.29 9.35 9.41 9.51 9.50 9.57 9.63 9.70 9.75 9.91 9.95 9.98 9.98 10.04 10.06 10.08 10.09 10.11 10.08 10.08 10.07 10.07 10.05 10.04 10.02 10.01 9.99 10.00 9.99 9.96 9.92 9.90 9.78 9.76
9.51 9.47 9.45 9.43 9.40 9.38 9.36 9.33 9.31 9.29 9.26 9.23 9.21 9.17 9.13 9.09 8.98 8.93 8.87 8.82 8.76 8.72 8.68 8.72 8.68 8.63 8.60 8.59 8.60 8.60 8.60 8.61 8.68 8.73 8.77 8.80 8.83 8.87 8.90 8.88 8.91 8.95 8.98 9.03 9.11 9.18 9.24 9.34 9.39 9.46 9.52 9.58 9.57 9.55 9.62 9.69 9.75 9.81 9.87 9.97 10.00 10.07 10.08 10.10 10.12 10.13 10.13 10.14 10.12 10.11 10.10 10.09 10.05 10.09 10.05 10.03 10.00 9.96 9.85 9.83 9.81 9.78
9.54 9.51 9.48 9.43 9.41 9.39 9.37 9.34 9.32 9.30 9.27 9.26 9.22 9.23 9.13 9.12 9.06 8.93 8.87 8.88 8.83 8.77 8.79 8.74 8.72 8.66 8.64 8.64 8.62 8.66 8.68 8.70 8.72 8.78 8.80 8.84 8.89 8.92 8.94 8.91 8.95 8.98 9.02 9.06 9.12 9.21 9.27 9.36 9.41 9.49 9.55 9.60 9.60 9.66 9.63 9.70 9.76 9.82 9.88 10.00 10.07 10.09 10.10 10.13 10.14 10.15 10.17 10.18 10.18 10.18 10.11 10.18 10.13 10.09 10.05 10.03 9.92 9.90 9.88 9.86 9.83 9.81
9.57 9.54 9.71 9.67 9.63 9.40 9.38 9.35 9.43 9.40 9.30 9.33 9.29 9.24 9.19 9.14 9.07 9.02 8.96 8.91 8.85 8.79 8.74 8.77 8.71 8.69 8.68 8.67 8.69 8.71 8.73 8.75 8.76 8.82 8.83 8.89 8.91 8.95 8.98 9.00 8.98 9.01 9.02 9.08 9.13 9.26 9.32 9.37 9.43 9.50 9.57 9.63 9.63 9.69 9.65 9.71 9.77 9.83 9.96 10.09 10.09 10.10 10.14 10.15 10.16 10.19 10.19 10.19 10.19 10.18 10.21 10.18 10.15 10.12 9.97 9.96 9.95 9.93 9.90 9.88 9.86 9.83
9.60 9.78 9.74 9.71 9.67 9.63 9.59 9.47 9.44 9.41 9.39 9.35 9.30 9.25 9.19 9.14 9.09 9.04 8.98 8.93 8.87 8.81 8.76 8.76 8.74 8.72 8.72 8.71 8.73 8.75 8.77 8.79 8.80 8.81 8.86 8.92 8.94 8.97 9.00 9.03 9.06 9.04 9.05 9.11 9.16 9.28 9.33 9.38 9.47 9.53 9.59 9.66 9.66 9.73 9.65 9.73 9.78 9.93 10.03 10.11 10.12 10.15 10.16 10.17 10.19 10.21 10.21 10.29 10.27 10.28 10.26 10.24 10.22 10.03 9.98 10.00 9.97 9.95 9.93 9.90 9.88 9.86
9.69 9.78 9.75 9.71 9.67 9.64 9.62 9.62 9.56 9.51 9.40 9.35 9.31 9.26 9.21 9.16 9.10 9.05 9.00 8.94 8.89 8.83 8.76 8.79 8.76 8.74 8.75 8.76 8.77 8.78 8.79 8.82 8.84 8.85 8.92 8.94 8.97 8.99 9.03 9.06 9.08 9.10 9.09 9.20 9.24 9.29 9.34 9.40 9.49 9.55 9.61 9.60 9.68 9.75 9.82 9.75 9.78 9.87 10.05 10.08 10.10 10.15 10.20 10.20 10.20 10.30 10.29 10.28 10.29 10.27 10.25 10.23 10.12 10.11 10.09 9.99 9.97 9.95 9.93 9.91 9.89 9.88
9.73 9.74 9.72 9.69 9.66 9.63 9.67 9.63 9.58 9.56 9.51 9.42 9.37 9.27 9.22 9.17 9.12 9.07 9.01 8.96 8.91 8.82 8.79 8.77 8.77 8.78 8.79 8.80 8.82 8.83 8.83 8.86 8.87 8.91 8.95 8.97 8.99 9.02 9.05 9.08 9.11 9.12 9.18 9.22 9.26 9.31 9.36 9.41 9.47 9.58 9.64 9.62 9.70 9.76 9.82 9.89 9.79 9.89 9.95 10.09 10.11 10.17 10.20 10.20 10.30 10.29 10.28 10.16 10.28 10.26 10.14 10.13 10.13 10.11 10.10 10.02 9.99 9.97 9.95 9.94 9.92 9.90
9.81 9.79 9.76 9.73 9.70 9.68 9.71 9.71 9.66 9.61 9.56 9.46 9.41 9.35 9.30 9.18 9.13 9.08 9.03 8.97 8.90 8.86 8.80 8.80 8.81 8.82 8.83 8.84 8.86 8.87 8.88 8.85 8.90 8.94 8.97 9.00 9.02 9.05 9.08 9.10 9.13 9.15 9.25 9.25 9.29 9.33 9.37 9.44 9.50 9.56 9.60 9.65 9.72 9.78 9.84 9.91 9.97 10.01 9.94 10.13 10.13 10.14 10.21 10.30 10.29 10.18 10.17 10.16 10.16 10.15 10.15 10.14 10.12 10.12 10.11 10.04 10.03 9.99 9.98 9.96 9.94 9.92
9.86 9.83 9.80 9.78 9.75 9.80 9.80 9.75 9.71 9.64 9.59 9.53 9.47 9.39 9.34 9.28 9.24 9.19 9.04 8.97 8.93 8.88 8.85 8.83 8.86 8.88 8.88 8.89 8.90 8.91 8.92 8.92 8.93 8.93 8.96 9.01 9.07 9.09 9.12 9.19 9.21 9.21 9.27 9.27 9.32 9.38 9.40 9.49 9.54 9.60 9.64 9.68 9.69 9.73 9.79 9.93 9.99 10.05 10.07 9.99 10.13 10.14 10.23 10.20 10.19 10.18 10.18 10.17 10.15 10.16 10.15 10.14 10.13 10.13 10.12 10.06 10.05 10.03 10.00 9.98 9.96 9.94
9.90 9.87 9.85 9.91 9.88 9.89 9.84 9.79 9.74 9.69 9.63 9.58 9.52 9.46 9.38 9.33 9.28 9.23 9.15 9.10 9.06 8.95 8.93 8.93 8.91 8.91 8.92 8.94 8.95 8.96 8.96 8.98 8.98 9.00 9.01 9.00 9.13 9.15 9.16 9.17 9.23 9.25 9.26 9.31 9.35 9.40 9.43 9.51 9.56 9.62 9.67 9.74 9.71 9.77 9.82 9.85 9.91 9.95 9.97 10.18 10.19 10.23 10.13 10.14 10.14 10.19 10.16 10.16 10.15 10.15 10.18 10.15 10.14 10.13 10.13 10.07 10.06 10.05 10.03 9.99 9.98 9.96
9.97 9.96 10.02 9.99 9.95 9.92 9.88 9.84 9.79 9.73 9.68 9.63 9.57 9.51 9.41 9.37 9.32 9.23 9.19 9.18 9.04 9.03 9.02 9.07 9.08 9.08 9.03 9.09 8.99 9.08 9.02 9.02 9.10 9.10 9.11 9.12 9.13 9.17 9.20 9.21 9.23 9.24 9.33 9.34 9.39 9.43 9.46 9.54 9.59 9.63 9.68 9.69 9.76 9.82 9.87 9.94 10.03 10.01 10.03 10.04 10.19 10.05 10.13 10.13 10.14 10.16 10.17 10.17 10.16 10.17 10.17 10.15 10.15 10.12 10.11 10.11 10.10 10.06 10.04 10.02 10.01 10.00
10.00 10.07 10.04 10.01 9.98 9.95 9.92 9.87 9.84 9.79 9.73 9.68 9.62 9.56 9.50 9.40 9.35 9.28 9.24 9.20 9.09 9.12 9.11 9.14 9.13 9.18 9.15 9.13 9.09 9.09 9.09 9.09 9.09 9.12 9.13 9.14 9.15 9.17 9.18 9.23 9.24 9.26 9.29 9.35 9.39 9.44 9.48 9.52 9.61 9.62 9.62 9.69 9.76 9.81 9.87 9.98 10.01 10.04 10.06 10.03 10.16 10.02 10.08 10.08 10.13 10.15 10.14 10.14 10.16 10.16 10.16 10.15 10.16 10.14 10.14 10.13 10.12 10.12 10.12 10.06 10.05 10.04
10.12 10.10 10.07 10.04 10.00 9.97 9.94 9.90 9.88 9.83 9.78 9.72 9.66 9.61 9.52 9.46 9.41 9.34 9.30 9.28 9.25 9.23 9.21 9.18 9.18 9.21 9.20 9.18 9.11 9.11 9.18 9.11 9.13 9.14 9.15 9.17 9.18 9.19 9.20 9.21 9.26 9.27 9.31 9.35 9.40 9.45 9.49 9.53 9.62 9.57 9.62 9.68 9.75 9.81 9.92 9.96 9.98 10.00 10.02 10.04 10.18 9.99 10.00 10.07 10.07 10.13 10.11 10.13 10.13 10.13 10.16 10.16 10.16 10.16 10.16 10.15 10.14 10.16 10.16 10.15 10.17 10.17
10.14 10.12 10.09 10.06 10.03 9.99 9.96 9.93 9.89 9.85 9.82 9.76 9.70 9.65 9.56 9.51 9.46 9.41 9.34 9.31 9.29 9.27 9.25 9.23 9.21 9.25 9.24 9.22 9.12 9.24 9.22 9.23 9.20 9.17 9.19 9.19 9.20 9.21 9.22 9.23 9.24 9.29 9.33 9.37 9.41 9.46 9.51 9.49 9.51 9.57 9.62 9.75 9.81 9.87 9.89 9.93 9.95 9.98 9.99 10.01 10.14 10.00 10.01 10.03 10.09 10.06 10.09 10.09 10.10 10.10 10.16 10.16 10.16 10.16 10.18 10.17 10.21 10.20 10.20 10.19 10.21 10.21
10.16 10.13 10.11 10.08 10.05 10.01 9.98 9.95 9.91 9.87 9.83 9.78 9.70 9.67 9.63 9.57 9.48 9.45 9.42 9.35 9.33 9.31 9.30 9.28 9.26 9.26 9.23 9.20 9.23 9.25 9.29 9.27 9.24 9.20 9.21 9.22 9.22 9.23 9.24 9.25 9.27 9.28 9.31 9.33 9.35 9.41 9.43 9.49 9.45 9.62 9.69 9.74 9.80 9.86 9.86 9.90 9.91 9.94 9.95 10.11 10.09 9.94 9.96 9.97 10.03 10.02 10.17 10.18 10.20 10.21 10.22 10.16 10.16 10.16 10.16 10.26 10.25 10.24 10.24 10.33 10.33 10.33
10.18 10.15 10.12 10.10 10.07 10.04 10.00 9.97 9.93 9.81 9.79 9.75 9.72 9.69 9.65 9.62 9.53 9.49 9.46 9.44 9.38 9.36 9.34 9.32 9.33 9.30 9.28 9.35 9.27 9.28 9.26 9.25 9.31 9.28 9.23 9.24 9.24 9.25 9.26 9.27 9.29 9.30 9.23 9.34 9.35 9.37 9.43 9.48 9.52 9.61 9.68 9.73 9.79 9.84 9.82 9.86 9.87 9.90 9.93 10.06 10.04 9.88 9.90 9.95 9.96 9.98 10.00 10.15 10.16 10.17 10.18 10.20 10.21 10.30 10.31 10.30 10.31 10.37 10.37 10.37 10.37 10.37
10.15 10.17 10.14 9.97 9.95 9.93 9.90 9.88 9.86 9.83 9.81 9.77 9.74 9.71 9.68 9.64 9.61 9.54 9.52 9.49 9.47 9.41 9.41 9.39 9.37 9.36 9.34 9.32 9.37 9.32 9.30 9.38 9.35 9.31 9.25 9.26 9.27 9.27 9.28 9.30 9.31 9.24 9.24 9.34 9.36 9.49 9.51 9.45 9.56 9.59 9.67 9.72 9.76 9.81 9.85 9.82 9.84 9.87 10.02 10.04 10.03 10.02 9.86 9.89 9.91 9.93 9.95 9.98 10.13 10.14 10.15 10.16 10.18 10.30 10.31 10.31 10.31 10.40 10.40 10.40 10.40 10.41
10.17 10.14 10.11 9.99 9.97 9.95 9.92 9.91 9.88 9.85 9.83 9.80 9.77 9.73 9.70 9.67 9.63 9.60 9.57 9.54 9.52 9.45 9.42 9.43 9.43 9.41 9.39 9.42 9.41 9.36 9.43 9.42 9.39 9.35 9.43 9.28 9.29 9.30 9.31 9.32 9.33 9.25 9.25 9.44 9.46 9.48 9.49 9.45 9.47 9.60 9.65 9.71 9.73 9.77 9.82 9.85 9.80 9.81 9.83 9.97 9.97 9.95 9.81 9.84 9.86 9.88 9.91 9.94 10.10 10.12 10.14 10.16 10.18 10.24 10.27 10.38 10.40 10.39 10.40 10.41 10.43 10.44
10.18 10.16 9.97 9.95 9.92 9.96 9.95 9.93 9.90 9.88 9.85 9.82 9.79 9.76 9.73 9.69 9.66 9.63 9.63 9.60 9.57 9.50 9.49 9.45 9.47 9.45 9.43 9.41 9.44 9.48 9.46 9.44 9.43 9.48 9.45 9.43 9.41 9.32 9.33 9.38 9.37 9.36 9.26 9.43 9.44 9.46 9.48 9.44 9.46 9.58 9.63 9.69 9.70 9.74 9.79 9.82 9.75 9.75 9.77 9.91 9.90 9.73 9.76 9.78 9.81 9.83 9.86 9.89 10.09 10.11 10.13 10.15 10.17 10.23 10.26 10.39 10.41 10.41 10.42 10.43 10.44 10.46
10.03 10.01 9.98 9.96 9.94 9.92 9.91 9.95 9.92 9.90 9.87 9.84 9.81 9.78 9.71 9.72 9.70 9.67 9.68 9.65 9.56 9.55 9.51 9.50 9.52 9.50 9.48 9.46 9.49 9.46 9.49 9.47 9.53 9.50 9.48 9.45 9.44 9.40 9.39 9.37 9.36 9.34 9.33 9.37 9.37 9.41 9.43 9.42 9.43 9.51 9.61 9.66 9.67 9.72 9.74 9.75 9.83 9.82 9.91 9.87 9.93 9.92 9.73 9.72 9.76 9.79 9.81 9.85 10.08 10.10 10.12 10.15 10.17 10.23 10.26 10.35 10.39 10.43 10.44 10.45 10.47 10.48
10.04 10.02 10.00 9.98 9.96 9.94 9.93 9.91 9.89 9.88 9.89 9.87 9.79 9.77 9.75 9.73 9.72 9.70 9.67 9.71 9.68 9.58 9.57 9.60 9.58 9.56 9.57 9.55 9.53 9.50 9.48 9.54 9.56 9.52 9.49 9.48 9.46 9.41 9.38 9.37 9.34 9.33 9.33 9.32 9.32 9.41 9.42 9.44 9.42 9.49 9.57 9.62 9.66 9.68 9.70 9.73 9.83 9.87 9.85 9.82 9.87 9.65 9.68 9.68 9.73 9.78 9.81 9.87 10.07 10.09 10.12 10.14 10.20 10.23 10.27 10.35 10.39 10.45 10.46 10.47 10.49 10.50
10.06 10.04 10.02 10.00 9.98 9.96 9.94 9.93 9.92 9.90 9.88 9.84 9.83 9.81 9.81 9.79 9.76 9.74 9.71 9.68 9.75 9.65 9.62 9.64 9.63 9.64 9.62 9.60 9.57 9.55 9.52 9.58 9.54 9.49 9.52 9.49 9.46 9.42 9.43 9.34 9.33 9.27 9.27 9.27 9.26 9.33 9.42 9.43 9.41 9.41 9.49 9.58 9.62 9.65 9.66 9.68 9.77 9.80 9.88 9.80 9.80 9.81 9.63 9.64 9.69 9.74 9.78 9.84 9.90 10.09 10.11 10.18 10.22 10.24 10.28 10.35 10.39 10.35 10.38 10.50 10.51 10.29
10.08 10.06 10.04 10.02 10.00 9.98 9.97 9.95 9.94 9.92 9.89 9.88 9.89 9.87 9.85 9.83 9.80 9.78 9.75 9.72 9.57 9.70 9.71 9.69 9.72 9.69 9.67 9.64 9.62 9.60 9.67 9.62 9.58 9.53 9.49 9.45 9.41 9.42 9.40 9.28 9.28 9.28 9.27 9.27 9.26 9.26 9.33 9.43 9.39 9.40 9.44 9.48 9.58 9.59 9.62 9.61 9.71 9.73 9.82 9.81 9.74 9.75 9.57 9.60 9.66 9.71 9.75 9.81 9.87 9.92 10.15 10.18 10.22 10.26 10.29 10.35 10.34 10.37 10.40 10.43 10.28 10.30
10.24 10.08 10.06 10.04 10.03 10.01 9.99 9.97 9.97 9.95 9.96 9.95 9.93 9.91 9.89 9.87 9.84 9.82 9.79 9.76 9.60 9.62 9.76 9.75 9.76 9.74 9.71 9.69 9.67 9.64 9.72 9.67 9.62 9.57 9.53 9.49 9.36 9.37 9.21 9.21 9.29 9.29 9.27 9.27 9.26 9.26 9.33 9.33 9.38 9.38 9.41 9.44 9.47 9.53 9.56 9.53 9.67 9.75 9.76 9.75 9.68 9.47 9.51 9.57 9.62 9.67 9.72 9.78 9.84 9.89 10.15 10.19 10.23 10.26 10.30 10.32 10.35 10.38 10.41 10.44 10.29 10.27
10.18 10.15 10.13 10.11 10.09 10.07 10.05 10.03 9.99 9.98 9.96 9.96 9.95 9.95 9.93 9.91 9.88 9.86 9.83 9.80 9.87 9.66 9.67 9.67 9.81 9.79 9.76 9.74 9.72 9.72 9.68 9.63 9.59 9.54 9.50 9.42 9.38 9.23 9.13 9.11 9.22 9.22 9.21 9.20 9.19 9.18 9.32 9.32 9.26 9.32 9.32 9.39 9.37 9.49 9.51 9.62 9.64 9.67 9.71 9.70 9.62 9.62 9.51 9.57 9.54 9.60 9.64 9.70 9.85 9.92 9.93 10.01 10.08 10.15 10.24 10.38 10.24 10.24 10.24 10.24 10.22 10.35
10.18 10.16 10.14 10.12 10.09 10.07 10.05 10.02 10.01 10.00 9.99 9.96 9.98 9.97 9.96 9.94 9.93 9.85 9.82 9.86 9.90 9.69 9.69 9.70 9.86 9.83 9.73 9.71 9.69 9.78 9.74 9.69 9.64 9.60 9.52 9.48 9.44 9.28 9.18 9.15 9.13 9.24 9.23 9.22 9.20 9.19 9.27 9.27 9.20 9.31 9.30 9.36 9.36 9.37 9.58 9.53 9.56 9.67 9.64 9.63 9.54 9.54 9.45 9.51 9.49 9.55 9.59 9.65 9.72 9.79 9.87 10.00 10.07 10.17 10.23 10.40 10.45 10.23 10.24 10.31 10.32 10.38
10.19 10.17 10.14 10.12 10.10 10.08 10.02 10.01 10.00 10.02 10.00 9.96 9.95 9.94 9.93 9.97 9.93 9.90 9.87 9.82 9.85 9.83 9.66 9.67 9.67 9.82 9.80 9.77 9.75 9.84 9.79 9.75 9.70 9.61 9.57 9.53 9.49 9.33 9.33 9.19 9.16 9.14 9.11 9.23 9.22 9.20 9.19 9.22 9.21 9.19 9.29 9.33 9.32 9.45 9.43 9.49 9.47 9.59 9.58 9.55 9.54 9.33 9.39 9.45 9.51 9.50 9.54 9.61 9.67 9.76 9.85 9.93 10.10 10.16 10.21 10.42 10.47 10.52 10.32 10.33 10.34 10.42
10.21 10.19 10.16 10.14 10.12 10.05 10.04 10.07 10.05 10.04 10.02 10.01 9.96 9.95 9.94 9.93 9.91 9.90 9.86 9.86 9.89 9.87 9.70 9.70 9.71 9.72 9.86 9.84 9.81 9.90 9.85 9.81 9.71 9.67 9.62 9.58 9.38 9.38 9.37 9.23 9.20 9.17 9.14 9.11 9.23 9.22 9.20 9.23 9.21 9.19 9.17 9.28 9.39 9.37 9.36 9.35 9.53 9.51 9.50 9.49 9.48 9.27 9.33 9.39 9.45 9.47 9.53 9.62 9.64 9.73 9.82 9.90 9.99 10.14 10.20 10.44 10.49 10.32 10.34 10.35 10.37 10.38
10.22 10.19 10.17 10.15 10.12 10.15 10.13 10.12 10.10 10.08 10.07 10.05 9.97 9.96 9.95 9.93 9.92 9.91 9.89 9.91 9.94 9.98 9.73 9.74 9.75 9.76 9.92 9.90 10.01 9.96 9.86 9.81 9.76 9.72 9.68 9.63 9.43 9.42 9.42 9.26 9.24 9.21 9.17 9.14 9.11 9.23 9.21 9.23 9.21 9.19 9.17 9.30 9.32 9.30 9.29 9.27 9.34 9.44 9.42 9.41 9.41 9.21 9.27 9.33 9.40 9.46 9.48 9.57 9.61 9.70 9.79 9.88 9.97 10.21 10.29 10.30 10.38 10.34 10.36 10.37 10.39 10.40
10.22 10.20 10.17 10.15 10.18 10.16 10.15 10.13 10.12 10.10 10.08 10.06 10.04 9.96 9.95 9.94 9.92 9.91 9.90 9.92 9.91 9.99 9.77 9.78 9.79 9.80 9.98 9.95 10.05 10.00 9.91 9.86 9.82 9.77 9.73 9.69 9.47 9.47 9.46 9.45 9.27 9.24 9.21 9.17 9.14 9.10 9.23 9.24 9.21 9.19 9.22 9.21 9.23 9.23 9.22 9.20 9.33 9.32 9.35 9.34 9.33 9.23 9.22 9.28 9.34 9.43 9.43 9.52 9.57 9.66 9.76 9.85 9.94 10.21 10.28 10.31 10.39 10.36 10.38 10.39 10.41 10.42
