data/Validacao/U291015l.grd
DSAA
94	94
0.0000	100.0000
0.0000	100.0000
6.5619	11.1002
[rows 0 to 35 of 94, columns 0 to 81 of 94]
9.84 9.78 9.73 9.65 9.59 9.52 9.45 9.39 9.32 9.24 9.17 9.10 9.02 8.94 8.86 8.78 8.74 8.67 8.61 8.49 8.34 8.24 8.14 8.04 7.90 7.82 7.69 7.62 7.52 7.47 7.44 7.41 7.37 7.20 7.18 7.14 7.14 7.14 7.32 7.33 7.34 7.36 7.39 7.41 7.42 7.43 7.25 7.28 7.11 7.11 7.16 7.15 7.13 7.12 7.09 7.13 7.12 7.12 7.16 7.06 7.09 7.12 7.15 7.32 7.35 7.38 7.19 7.21 7.22 7.06 7.07 7.21 7.19 7.17 7.15 7.23 7.21 7.02 6.98 6.95 6.89 6.85
9.84 9.78 9.73 9.67 9.61 9.52 9.46 9.39 9.32 9.25 9.17 9.10 9.02 8.95 8.87 8.79 8.74 8.68 8.61 8.49 8.43 8.25 8.16 8.06 7.93 7.83 7.81 7.64 7.58 7.50 7.56 7.43 7.40 7.25 7.23 7.20 7.19 7.19 7.35 7.36 7.37 7.39 7.42 7.44 7.45 7.46 7.29 7.32 7.18 7.23 7.22 7.21 7.20 7.19 7.20 7.19 7.19 7.18 7.31 7.14 7.17 7.20 7.24 7.39 7.42 7.34 7.29 7.30 7.31 7.17 7.18 7.29 7.27 7.25 7.33 7.16 7.12 7.08 7.05 6.99 6.96 6.92
9.83 9.78 9.73 9.67 9.61 9.55 9.48 9.39 9.32 9.25 9.18 9.10 9.03 8.95 8.87 8.79 8.71 8.68 8.61 8.50 8.44 8.27 8.17 8.08 7.95 7.85 7.75 7.67 7.61 7.55 7.58 7.46 7.43 7.30 7.27 7.25 7.25 7.24 7.38 7.39 7.40 7.42 7.44 7.47 7.47 7.37 7.33 7.36 7.38 7.30 7.29 7.28 7.27 7.28 7.27 7.26 7.26 7.25 7.16 7.23 7.26 7.29 7.33 7.46 7.39 7.43 7.47 7.40 7.27 7.28 7.29 7.37 7.35 7.33 7.26 7.23 7.19 7.15 7.10 7.06 7.03 6.99
9.83 9.78 9.72 9.67 9.61 9.54 9.48 9.41 9.35 9.25 9.18 9.11 9.03 8.95 8.88 8.80 8.72 8.67 8.61 8.51 8.44 8.39 8.19 8.10 7.97 7.87 7.69 7.70 7.64 7.58 7.56 7.56 7.46 7.35 7.34 7.40 7.34 7.30 7.41 7.42 7.43 7.45 7.48 7.49 7.40 7.41 7.38 7.41 7.49 7.51 7.36 7.35 7.34 7.35 7.34 7.33 7.33 7.24 7.25 7.25 7.35 7.38 7.42 7.44 7.48 7.52 7.56 7.61 7.38 7.39 7.40 7.45 7.43 7.38 7.34 7.30 7.26 7.21 7.18 7.14 7.10 7.06
9.87 9.77 9.72 9.66 9.60 9.54 9.48 9.41 9.34 9.27 9.20 9.11 9.03 8.96 8.88 8.80 8.72 8.69 8.61 8.52 8.49 8.40 8.32 8.11 7.99 7.86 7.77 7.64 7.67 7.61 7.59 7.54 7.47 7.40 7.44 7.44 7.39 7.39 7.44 7.46 7.47 7.48 7.51 7.42 7.44 7.46 7.47 7.52 7.54 7.56 7.57 7.42 7.42 7.41 7.41 7.40 7.40 7.32 7.33 7.34 7.34 7.47 7.50 7.54 7.58 7.62 7.66 7.70 7.50 7.51 7.52 7.53 7.51 7.45 7.41 7.38 7.33 7.29 7.25 7.22 7.18 7.14
9.88 9.77 9.71 9.66 9.60 9.54 9.47 9.41 9.34 9.27 9.20 9.13 9.06 8.96 8.88 8.80 8.73 8.68 8.61 8.52 8.49 8.40 8.33 8.25 7.96 7.88 7.80 7.68 7.59 7.67 7.61 7.56 7.54 7.46 7.49 7.48 7.45 7.44 7.48 7.49 7.50 7.52 7.48 7.46 7.48 7.50 7.51 7.57 7.59 7.60 7.62 7.64 7.49 7.48 7.47 7.47 7.47 7.41 7.42 7.43 7.43 7.56 7.60 7.64 7.68 7.72 7.76 7.80 7.85 7.63 7.64 7.65 7.51 7.53 7.49 7.45 7.41 7.37 7.33 7.30 7.26 7.21
9.88 9.81 9.71 9.65 9.59 9.53 9.47 9.40 9.34 9.27 9.20 9.13 9.05 8.98 8.91 8.81 8.73 8.67 8.60 8.57 8.50 8.41 8.33 8.20 7.99 7.90 7.82 7.71 7.63 7.69 7.64 7.59 7.58 7.52 7.54 7.53 7.53 7.50 7.52 7.53 7.54 7.48 7.52 7.51 7.53 7.54 7.64 7.62 7.63 7.65 7.67 7.69 7.71 7.55 7.54 7.53 7.49 7.50 7.51 7.52 7.51 7.52 7.70 7.74 7.78 7.82 7.86 7.91 7.95 7.75 7.76 7.77 7.59 7.61 7.57 7.53 7.49 7.46 7.42 7.38 7.33 7.29
9.88 9.82 9.70 9.65 9.59 9.53 9.46 9.40 9.33 9.26 9.19 9.12 9.05 8.98 8.91 8.83 8.76 8.66 8.59 8.57 8.50 8.31 8.26 8.21 8.01 7.93 7.85 7.76 7.66 7.72 7.66 7.61 7.59 7.57 7.58 7.58 7.58 7.56 7.55 7.57 7.51 7.53 7.57 7.55 7.57 7.68 7.68 7.67 7.68 7.70 7.71 7.73 7.76 7.78 7.61 7.60 7.57 7.59 7.60 7.59 7.60 7.62 7.63 7.84 7.88 7.93 7.97 8.01 8.06 8.10 7.88 7.83 7.82 7.69 7.65 7.62 7.58 7.54 7.50 7.46 7.41 7.37
9.88 9.82 9.69 9.64 9.58 9.52 9.46 9.39 9.33 9.26 9.19 9.12 9.05 8.97 8.90 8.83 8.76 8.68 8.58 8.57 8.38 8.32 8.27 8.22 8.17 7.95 7.87 7.79 7.70 7.74 7.69 7.64 7.64 7.63 7.62 7.63 7.62 7.62 7.59 7.55 7.57 7.61 7.62 7.61 7.62 7.72 7.72 7.72 7.73 7.73 7.76 7.78 7.80 7.83 7.85 7.88 7.66 7.66 7.68 7.69 7.70 7.72 7.73 7.95 7.99 8.03 8.08 8.12 8.16 8.20 8.14 7.94 7.92 7.78 7.74 7.70 7.66 7.62 7.58 7.54 7.49 7.45
9.89 9.82 9.75 9.63 9.57 9.51 9.45 9.38 9.32 9.25 9.18 9.11 9.04 8.97 8.90 8.83 8.75 8.68 8.61 8.44 8.38 8.33 8.28 8.23 8.17 7.97 7.89 7.81 7.73 7.66 7.71 7.66 7.68 7.68 7.67 7.66 7.66 7.67 7.64 7.60 7.62 7.65 7.63 7.65 7.68 7.77 7.77 7.77 7.79 7.78 7.80 7.83 7.85 7.87 7.91 7.95 7.73 7.75 7.77 7.79 7.80 7.82 7.83 7.84 8.10 8.14 8.18 8.22 8.26 8.30 8.24 8.05 8.03 7.87 7.83 7.79 7.75 7.71 7.67 7.62 7.60 7.56
9.89 9.82 9.76 9.62 9.56 9.50 9.44 9.38 9.31 9.24 9.18 9.11 9.04 8.97 8.89 8.82 8.75 8.68 8.46 8.52 8.39 8.34 8.28 8.23 8.18 8.13 7.91 7.83 7.76 7.68 7.74 7.69 7.73 7.72 7.72 7.72 7.71 7.66 7.61 7.64 7.69 7.71 7.68 7.70 7.72 7.81 7.81 7.82 7.81 7.83 7.85 7.87 7.90 7.92 7.99 8.02 8.03 8.06 7.86 7.89 7.90 7.92 7.93 7.94 7.95 8.24 8.28 8.32 8.36 8.40 8.34 8.35 8.02 7.96 7.92 7.88 7.84 7.79 7.75 7.73 7.68 7.63
9.91 9.85 9.76 9.69 9.55 9.49 9.43 9.37 9.30 9.24 9.17 9.10 9.03 8.96 8.89 8.82 8.74 8.53 8.47 8.53 8.47 8.34 8.29 8.24 8.19 8.14 7.93 7.85 7.78 7.70 7.63 7.68 7.77 7.77 7.77 7.77 7.77 7.71 7.71 7.68 7.75 7.76 7.73 7.75 7.86 7.87 7.87 7.87 7.86 7.88 7.90 7.92 7.95 8.02 8.05 8.09 8.10 8.13 8.18 8.23 8.00 8.02 8.03 8.05 8.06 8.34 8.38 8.42 8.46 8.41 8.42 8.43 8.11 8.05 8.01 7.97 7.93 7.88 7.85 7.81 7.76 7.71
9.91 9.85 9.78 9.71 9.54 9.48 9.42 9.36 9.29 9.23 9.16 9.09 9.02 8.95 8.88 8.81 8.60 8.54 8.47 8.54 8.47 8.41 8.29 8.24 8.19 8.14 8.09 7.87 7.79 7.72 7.65 7.71 7.82 7.81 7.82 7.82 7.79 7.77 7.77 7.70 7.76 7.82 7.78 7.80 7.90 7.91 7.92 7.89 7.91 7.93 7.95 7.97 8.05 8.08 8.12 8.11 8.17 8.20 8.25 8.30 8.35 8.12 8.14 8.15 8.16 8.44 8.48 8.52 8.56 8.50 8.50 8.51 8.20 8.16 8.10 8.06 8.01 7.98 7.93 7.88 7.84 7.81
9.92 9.85 9.78 9.71 9.64 9.47 9.41 9.34 9.28 9.22 9.15 9.08 9.01 8.95 8.88 8.66 8.60 8.54 8.48 8.54 8.48 8.42 8.36 8.24 8.19 8.14 8.10 8.05 7.81 7.74 7.67 7.73 7.87 7.86 7.87 7.87 7.85 7.83 7.73 7.76 7.81 7.88 7.83 7.94 7.95 7.95 7.96 7.94 7.96 7.98 8.04 8.08 8.12 8.15 8.19 8.18 8.24 8.30 8.32 8.37 8.42 8.47 8.24 8.25 8.26 8.55 8.59 8.63 8.57 8.58 8.59 8.60 8.29 8.25 8.19 8.15 8.10 8.06 8.01 7.96 7.94 7.89
9.92 9.85 9.78 9.71 9.64 9.45 9.39 9.33 9.27 9.21 9.14 9.07 9.01 8.94 8.73 8.67 8.61 8.55 8.49 8.55 8.48 8.42 8.36 8.30 8.19 8.15 8.10 8.05 7.79 7.73 7.67 7.83 7.82 7.90 7.90 7.87 7.87 7.89 7.93 7.92 7.83 7.85 7.92 7.98 7.99 7.99 8.00 7.99 8.01 8.08 8.11 8.15 8.18 8.22 8.26 8.25 8.31 8.37 8.39 8.44 8.49 8.54 8.59 8.36 8.37 8.38 8.71 8.74 8.66 8.66 8.67 8.68 8.69 8.34 8.33 8.24 8.20 8.17 8.13 8.09 8.02 7.98
9.92 9.85 9.79 9.72 9.64 9.57 9.38 9.32 9.26 9.19 9.13 9.06 9.00 8.79 8.73 8.67 8.61 8.55 8.49 8.55 8.49 8.43 8.37 8.31 8.25 8.14 8.10 8.06 7.93 7.73 7.69 7.74 7.86 7.93 7.94 7.97 7.97 7.97 7.84 7.86 7.87 7.89 7.98 8.03 8.03 8.03 8.04 8.08 8.11 8.15 8.18 8.22 8.25 8.29 8.27 8.33 8.38 8.44 8.46 8.52 8.57 8.62 8.67 8.71 8.50 8.49 8.79 8.81 8.74 8.75 8.75 8.76 8.45 8.39 8.36 8.32 8.28 8.25 8.21 8.15 8.11 8.06
9.92 9.86 9.79 9.72 9.65 9.57 9.50 9.31 9.25 9.18 9.12 9.05 8.84 8.79 8.73 8.67 8.61 8.55 8.49 8.55 8.49 8.43 8.37 8.31 8.26 8.20 8.10 8.05 7.94 7.75 7.71 7.78 7.91 7.91 7.98 8.02 8.03 8.02 7.89 7.91 7.92 7.94 8.02 7.97 8.07 8.08 8.11 8.14 8.18 8.22 8.25 8.29 8.33 8.36 8.34 8.40 8.46 8.52 8.58 8.59 8.64 8.69 8.74 8.79 8.83 8.59 8.88 8.90 8.82 8.83 8.84 8.79 8.50 8.47 8.43 8.40 8.36 8.33 8.28 8.24 8.20 8.15
9.93 9.86 9.79 9.72 9.65 9.58 9.50 9.43 9.23 9.17 9.11 8.90 8.84 8.79 8.73 8.68 8.62 8.56 8.49 8.56 8.49 8.43 8.37 8.31 8.26 8.20 8.15 8.05 7.95 7.77 7.82 7.96 7.96 7.96 8.02 8.08 8.08 8.07 7.94 7.96 7.96 7.98 8.05 8.00 8.02 8.17 8.17 8.23 8.25 8.29 8.32 8.36 8.37 8.41 8.45 8.47 8.53 8.59 8.58 8.63 8.68 8.76 8.81 8.86 8.91 8.68 8.95 8.88 8.89 8.85 8.86 8.86 8.58 8.54 8.51 8.47 8.44 8.40 8.36 8.33 8.28 8.23
9.93 9.86 9.80 9.73 9.65 9.58 9.51 9.43 9.35 9.16 8.95 8.90 8.84 8.79 8.73 8.68 8.62 8.56 8.49 8.56 8.49 8.43 8.37 8.31 8.26 8.20 8.15 8.04 7.96 7.78 7.85 7.83 8.01 8.01 8.07 8.13 8.13 8.11 7.96 8.01 8.01 8.09 8.09 8.04 8.12 8.23 8.24 8.29 8.32 8.34 8.38 8.42 8.46 8.50 8.54 8.58 8.61 8.61 8.67 8.72 8.77 8.82 8.86 8.91 8.98 8.77 9.05 8.96 8.97 8.93 8.93 8.94 8.65 8.62 8.58 8.54 8.52 8.48 8.43 8.41 8.36 8.31
9.93 9.87 9.80 9.73 9.66 9.59 9.52 9.45 9.37 9.17 8.98 8.93 8.88 8.82 8.77 8.71 8.65 8.59 8.53 8.60 8.53 8.47 8.41 8.35 8.30 8.24 8.19 8.05 8.02 8.06 7.87 7.84 8.03 8.03 8.02 8.14 8.17 8.14 8.00 8.01 8.12 8.10 8.13 8.11 8.18 8.21 8.22 8.35 8.38 8.42 8.46 8.50 8.54 8.58 8.62 8.66 8.67 8.70 8.75 8.80 8.85 8.90 8.95 8.99 9.04 8.98 8.95 9.16 9.18 8.99 9.00 9.01 8.73 8.69 8.65 8.61 8.56 8.62 8.55 8.51 8.47 8.42
9.93 9.87 9.79 9.73 9.66 9.59 9.52 9.45 9.25 9.18 9.12 8.93 8.88 8.82 8.77 8.71 8.65 8.59 8.53 8.60 8.53 8.47 8.41 8.35 8.30 8.24 8.19 8.07 8.03 8.07 7.90 7.88 8.06 8.06 8.09 8.17 8.18 8.17 8.16 8.04 8.14 8.14 8.15 8.15 8.19 8.19 8.30 8.43 8.46 8.51 8.56 8.58 8.62 8.66 8.70 8.69 8.75 8.81 8.83 8.88 8.93 9.03 9.06 9.08 9.11 9.03 9.00 9.19 9.21 9.06 9.07 9.08 8.80 8.76 8.72 8.67 8.72 8.69 8.66 8.59 8.54 8.50
9.91 9.85 9.79 9.73 9.66 9.59 9.52 9.33 9.27 9.20 9.13 9.06 8.88 8.82 8.77 8.71 8.65 8.59 8.53 8.59 8.53 8.47 8.41 8.35 8.30 8.24 8.19 8.15 8.04 8.09 8.09 7.91 8.09 8.10 8.12 8.19 8.20 8.21 8.06 8.08 8.15 8.16 8.17 8.19 8.23 8.23 8.37 8.39 8.53 8.58 8.63 8.68 8.73 8.79 8.71 8.77 8.83 8.89 8.95 9.04 9.07 9.10 9.12 9.15 9.17 9.09 9.06 9.05 9.25 9.27 9.14 9.15 8.86 8.82 8.78 8.74 8.79 8.76 8.72 8.66 8.62 8.59
9.90 9.84 9.78 9.73 9.66 9.59 9.41 9.35 9.28 9.22 9.15 9.08 9.01 8.82 8.77 8.71 8.65 8.59 8.53 8.59 8.53 8.47 8.41 8.35 8.29 8.24 8.20 8.17 8.05 8.11 8.11 8.11 7.92 8.16 8.16 8.21 8.22 8.24 8.09 8.11 8.17 8.18 8.19 8.23 8.26 8.31 8.35 8.45 8.60 8.65 8.70 8.75 8.80 8.86 8.80 8.86 8.91 8.97 9.08 9.10 9.13 9.16 9.19 9.21 9.13 9.14 9.11 9.11 9.28 9.31 9.33 9.35 9.01 8.89 8.85 8.89 8.86 8.82 8.84 8.81 8.77 8.68
9.90 9.84 9.78 9.71 9.64 9.49 9.43 9.36 9.30 9.23 9.16 9.09 9.02 8.95 8.77 8.71 8.65 8.59 8.53 8.59 8.53 8.47 8.41 8.35 8.29 8.25 8.22 8.18 8.12 8.12 8.12 8.12 8.12 8.20 8.20 8.23 8.17 8.17 8.30 8.28 8.19 8.19 8.29 8.26 8.31 8.36 8.41 8.51 8.57 8.72 8.77 8.82 8.87 8.93 8.98 8.94 9.00 9.05 9.14 9.17 9.20 9.22 9.25 9.28 9.17 9.19 9.17 9.16 9.32 9.34 9.36 9.38 9.05 9.02 8.94 8.95 8.92 8.95 8.92 8.89 8.85 8.81
9.89 9.83 9.77 9.71 9.55 9.49 9.44 9.38 9.32 9.25 9.18 9.11 9.04 8.96 8.89 8.71 8.65 8.59 8.53 8.59 8.53 8.47 8.41 8.34 8.31 8.27 8.23 8.20 8.25 8.14 8.14 8.13 8.20 8.34 8.26 8.26 8.21 8.23 8.15 8.16 8.26 8.28 8.29 8.31 8.36 8.41 8.46 8.57 8.63 8.69 8.84 8.89 8.94 9.00 9.05 9.02 9.08 9.13 9.20 9.23 9.26 9.29 9.20 9.21 9.23 9.22 9.22 9.21 9.35 9.37 9.39 9.41 9.09 9.05 9.10 9.02 9.06 9.03 9.00 8.96 8.93 8.88
9.83 9.77 9.71 9.65 9.52 9.47 9.41 9.36 9.30 9.26 9.19 9.12 9.05 8.98 8.91 8.83 8.65 8.59 8.53 8.59 8.52 8.46 8.40 8.36 8.32 8.28 8.24 8.21 8.27 8.15 8.15 8.15 8.21 8.34 8.29 8.29 8.24 8.24 8.23 8.18 8.29 8.37 8.34 8.38 8.41 8.46 8.51 8.62 8.68 8.75 8.81 8.96 9.01 9.07 9.12 9.10 9.15 9.23 9.26 9.29 9.32 9.23 9.25 9.27 9.29 9.27 9.27 9.26 9.26 9.40 9.42 9.44 9.12 9.08 9.14 9.20 9.17 9.15 9.11 9.04 9.00 8.96
9.81 9.76 9.70 9.57 9.52 9.47 9.41 9.36 9.30 9.24 9.18 9.12 9.07 8.99 8.92 8.84 8.77 8.59 8.53 8.58 8.52 8.45 8.41 8.37 8.33 8.29 8.26 8.22 8.29 8.16 8.16 8.21 8.22 8.34 8.36 8.32 8.31 8.25 8.24 8.25 8.37 8.41 8.38 8.43 8.46 8.51 8.54 8.60 8.74 8.80 8.87 8.93 9.00 9.14 9.19 9.24 9.23 9.29 9.32 9.35 9.27 9.29 9.31 9.33 9.34 9.32 9.32 9.32 9.31 9.30 9.46 9.47 9.48 9.16 9.18 9.25 9.23 9.19 9.16 9.13 9.10 9.06
9.80 9.75 9.69 9.57 9.52 9.46 9.41 9.35 9.29 9.23 9.17 9.11 9.05 8.99 8.93 8.86 8.78 8.71 8.53 8.58 8.51 8.46 8.42 8.38 8.34 8.30 8.27 8.42 8.41 8.29 8.29 8.29 8.22 8.48 8.50 8.49 8.32 8.25 8.26 8.33 8.44 8.47 8.48 8.48 8.56 8.61 8.63 8.69 8.79 8.85 8.92 8.98 9.05 9.12 9.26 9.31 9.31 9.35 9.38 9.30 9.32 9.34 9.36 9.38 9.39 9.38 9.37 9.37 9.36 9.35 9.48 9.50 9.51 9.19 9.32 9.30 9.27 9.24 9.21 9.18 9.14 9.11
9.65 9.61 9.62 9.57 9.52 9.46 9.41 9.35 9.29 9.23 9.17 9.11 9.04 8.98 8.92 8.85 8.79 8.68 8.61 8.68 8.64 8.60 8.56 8.52 8.49 8.46 8.42 8.45 8.43 8.42 8.32 8.38 8.38 8.48 8.50 8.49 8.49 8.58 8.35 8.38 8.49 8.53 8.52 8.56 8.61 8.67 8.69 8.76 8.89 8.95 9.02 9.08 9.20 9.25 9.24 9.30 9.31 9.32 9.35 9.38 9.41 9.40 9.42 9.43 9.43 9.42 9.42 9.41 9.41 9.40 9.48 9.48 9.67 9.62 9.37 9.35 9.32 9.29 9.26 9.23 9.19 9.15
9.65 9.61 9.56 9.52 9.52 9.46 9.40 9.35 9.29 9.23 9.16 9.10 9.04 8.97 8.91 8.84 8.78 8.82 8.78 8.65 8.67 8.63 8.59 8.55 8.52 8.48 8.44 8.47 8.46 8.40 8.37 8.39 8.39 8.48 8.50 8.57 8.57 8.55 8.53 8.56 8.55 8.58 8.58 8.63 8.68 8.72 8.75 8.82 8.95 9.01 9.08 9.14 9.23 9.28 9.34 9.35 9.37 9.36 9.39 9.42 9.45 9.45 9.47 9.48 9.47 9.47 9.46 9.46 9.45 9.44 9.53 9.53 9.52 9.65 9.42 9.40 9.37 9.34 9.31 9.27 9.24 9.14
9.64 9.60 9.56 9.51 9.46 9.46 9.40 9.34 9.28 9.22 9.16 9.10 9.03 8.97 8.90 8.93 8.89 8.84 8.82 8.75 8.67 8.63 8.59 8.58 8.54 8.50 8.53 8.50 8.49 8.41 8.39 8.40 8.41 8.47 8.57 8.57 8.58 8.58 8.61 8.59 8.70 8.74 8.64 8.69 8.74 8.79 8.81 8.87 8.94 9.07 9.13 9.20 9.27 9.30 9.35 9.32 9.36 9.44 9.46 9.49 9.49 9.50 9.51 9.51 9.52 9.51 9.50 9.50 9.49 9.59 9.59 9.54 9.57 9.38 9.47 9.45 9.42 9.39 9.36 9.27 9.22 9.18
9.64 9.59 9.55 9.50 9.45 9.40 9.40 9.34 9.28 9.22 9.16 9.13 9.08 9.04 9.00 8.96 8.91 8.85 8.83 8.77 8.73 8.65 8.61 8.57 8.54 8.57 8.53 8.51 8.51 8.42 8.44 8.48 8.49 8.55 8.57 8.58 8.58 8.61 8.64 8.63 8.74 8.78 8.79 8.84 8.80 8.85 8.91 8.93 9.00 9.07 9.17 9.22 9.27 9.33 9.33 9.37 9.40 9.43 9.46 9.53 9.55 9.57 9.54 9.55 9.56 9.55 9.54 9.54 9.63 9.64 9.64 9.59 9.58 9.46 9.42 9.49 9.47 9.44 9.34 9.29 9.25 9.20
9.63 9.58 9.54 9.49 9.44 9.39 9.29 9.24 9.28 9.23 9.18 9.13 9.09 9.04 9.03 8.95 8.91 8.86 8.82 8.78 8.73 8.68 8.63 8.59 8.56 8.54 8.52 8.52 8.46 8.47 8.46 8.50 8.51 8.56 8.58 8.59 8.61 8.64 8.68 8.71 8.78 8.82 8.85 8.89 8.84 8.89 8.97 8.99 9.02 9.08 9.15 9.25 9.30 9.31 9.35 9.39 9.43 9.46 9.49 9.53 9.58 9.60 9.59 9.60 9.60 9.60 9.67 9.67 9.68 9.68 9.64 9.73 9.73 9.72 9.49 9.42 9.44 9.40 9.36 9.31 9.27 9.22
9.52 9.48 9.44 9.40 9.36 9.32 9.26 9.22 9.18 9.23 9.19 9.14 9.13 9.09 9.05 8.97 8.92 8.88 8.87 8.81 8.73 8.68 8.64 8.61 8.56 8.54 8.52 8.50 8.58 8.55 8.59 8.54 8.54 8.57 8.59 8.62 8.65 8.68 8.71 8.74 8.82 8.86 8.75 8.94 8.98 9.03 9.08 8.98 9.05 9.11 9.18 9.28 9.30 9.34 9.38 9.42 9.46 9.49 9.52 9.55 9.61 9.68 9.62 9.63 9.64 9.67 9.74 9.74 9.80 9.81 9.82 9.77 9.77 9.77 9.72 9.50 9.44 9.36 9.31 9.25 9.30 9.24
9.51 9.47 9.43 9.39 9.35 9.31 9.27 9.24 9.21 9.18 9.24 9.20 9.15 9.11 9.07 9.03 9.01 8.95 8.89 8.83 8.77 8.72 8.65 8.62 8.59 8.54 8.52 8.60 8.59 8.60 8.61 8.56 8.41 8.41 8.62 8.48 8.68 8.71 8.74 8.61 8.71 8.72 8.77 8.82 9.03 9.09 9.12 9.16 9.08 9.14 9.26 9.31 9.36 9.36 9.40 9.45 9.49 9.53 9.57 9.62 9.64 9.72 9.74 9.70 9.70 9.80 9.77 9.86 9.87 9.85 9.87 9.82 9.82 9.77 9.76 9.73 9.50 9.41 9.40 9.34 9.26 9.29
9.51 9.47 9.43 9.39 9.35 9.31 9.28 9.25 9.22 9.19 9.16 9.13 9.18 9.14 9.10 9.05 9.02 8.96 8.90 8.85 8.79 8.73 8.68 8.63 8.60 8.61 8.60 8.59 8.61 8.45 8.44 8.40 8.40 8.41 8.47 8.50 8.52 8.54 8.59 8.62 8.72 8.74 8.79 8.84 8.89 8.95 9.16 9.21 9.14 9.20 9.29 9.34 9.39 9.39 9.43 9.48 9.52 9.56 9.59 9.71 9.74 9.74 9.75 9.87 9.74 9.84 9.90 9.92 9.89 9.90 9.92 9.88 9.83 9.81 9.79 9.76 9.74 9.52 9.45 9.39 9.33 9.26
