data/EU espacial/EC_020.grd
DSAA
94	94
0.0000	100.0000
0.0000	100.0000
29.0618	43.1692
[rows 0 to 33 of 94, columns 0 to 76 of 94]
35.27 31.95 31.91 31.87 31.84 31.81 31.78 32.51 32.53 32.56 32.60 32.65 32.71 32.78 32.92 33.01 33.12 33.33 33.49 33.63 33.73 33.37 33.45 33.54 33.65 34.11 34.29 34.19 34.40 35.16 35.42 35.70 35.81 36.07 36.33 36.59 36.84 37.62 37.64 37.67 37.71 37.75 38.01 38.38 38.42 38.48 38.42 38.51 38.01 38.13 38.74 38.84 38.95 39.07 38.96 39.28 39.32 39.21 39.05 38.86 38.73 38.59 38.44 38.27 38.08 37.87 37.18 37.00 36.80 36.62 36.40 36.18 35.96 35.74 35.52 35.54 35.44
31.86 31.85 31.81 31.78 31.74 31.71 31.69 31.66 31.65 32.39 32.42 32.46 32.52 32.58 32.72 32.80 32.90 33.10 33.24 33.37 33.49 33.17 33.25 33.35 33.48 33.62 34.11 34.04 34.25 34.48 35.26 35.53 35.66 35.92 36.17 36.42 36.65 37.34 37.41 37.47 37.51 37.55 37.82 38.17 38.20 38.26 38.21 38.30 37.84 38.47 38.56 38.67 38.79 38.92 39.04 39.11 39.13 39.08 38.87 38.78 38.67 38.54 38.39 38.22 38.04 37.24 37.18 36.99 36.78 36.59 36.36 36.13 35.90 35.68 35.65 35.71 35.58
31.72 31.72 31.69 31.67 31.64 31.61 31.58 31.56 31.54 31.52 32.23 32.27 32.32 32.38 32.51 32.58 32.66 32.76 32.96 33.09 33.22 33.44 33.04 33.15 33.28 33.43 33.49 33.88 34.10 34.33 35.08 35.36 35.64 35.75 35.98 36.21 36.41 37.05 37.13 37.21 37.27 37.33 37.59 37.92 37.96 37.92 37.97 38.06 37.99 38.26 38.36 38.48 38.60 38.99 39.10 38.90 38.93 38.92 38.80 38.68 38.59 38.48 38.34 38.18 37.42 37.25 37.05 36.97 36.78 36.55 36.32 36.08 35.85 35.62 35.83 35.65 35.50
31.59 31.58 31.57 31.54 31.52 31.49 31.47 31.44 31.42 31.40 31.39 31.38 32.11 32.16 32.29 32.35 32.41 32.49 32.68 32.80 33.03 33.17 33.33 32.93 33.07 33.13 33.33 33.89 33.94 34.18 34.43 35.17 35.45 35.55 35.77 35.98 36.15 36.29 36.85 36.94 37.02 37.08 37.65 37.66 37.59 37.65 37.70 37.80 38.25 38.37 38.14 38.26 38.39 38.77 38.88 38.68 38.72 38.65 38.65 38.62 38.51 38.41 38.29 37.58 37.43 37.25 37.05 36.83 36.75 36.51 36.26 36.02 35.78 35.98 35.77 35.58 35.42
31.45 31.45 31.43 31.42 31.39 31.37 31.34 31.32 31.30 31.28 31.26 31.25 31.23 31.94 32.07 32.11 32.16 32.22 32.39 32.51 32.74 32.88 33.06 32.70 32.76 32.96 33.17 33.40 33.77 34.04 34.30 34.55 34.59 35.35 35.56 35.75 35.91 36.03 36.57 36.67 36.75 36.82 37.37 37.27 37.30 37.35 37.43 38.01 37.95 38.07 38.22 38.02 38.42 38.53 38.64 38.75 38.50 38.46 38.49 38.50 38.47 38.34 37.69 37.58 37.43 37.25 37.04 36.80 36.70 36.45 36.20 35.95 35.70 35.90 35.69 35.50 35.36
31.32 31.31 31.30 31.28 31.27 31.24 31.22 31.20 31.17 31.15 31.13 31.12 31.10 31.08 31.05 31.87 31.90 31.95 32.01 32.32 32.44 32.59 32.77 32.92 32.57 32.79 33.02 33.25 33.37 33.91 34.17 34.42 34.66 35.15 35.35 35.53 35.67 35.78 36.30 36.41 36.49 36.55 36.62 36.97 36.99 37.04 37.12 37.51 37.62 37.76 37.92 38.36 38.16 38.27 38.39 38.51 38.27 38.26 38.33 38.37 38.37 37.75 37.69 37.58 37.43 37.24 37.01 36.77 36.50 36.38 36.12 35.86 35.84 35.81 35.59 35.43 35.26
31.18 31.18 31.17 31.15 31.14 31.12 31.09 31.07 31.05 31.03 31.01 30.99 30.96 30.94 30.91 30.87 31.66 31.68 31.73 32.02 32.14 32.30 32.43 32.68 32.96 32.62 32.87 33.12 33.18 33.78 34.05 34.31 34.45 34.65 35.15 35.32 35.45 35.55 36.05 36.15 36.23 36.00 36.33 36.67 36.68 36.71 37.35 37.15 37.27 37.43 37.61 38.05 38.20 38.01 38.12 38.25 37.93 38.05 38.16 38.24 37.76 37.79 37.68 37.57 37.41 37.21 36.98 36.71 36.43 36.29 36.02 35.75 35.70 35.69 35.52 35.32 35.14
31.34 31.04 31.04 31.02 31.01 30.99 30.97 30.95 30.92 30.90 30.88 30.86 30.84 30.81 30.77 30.72 30.65 31.42 31.44 31.63 31.85 31.96 32.18 32.44 32.74 32.46 32.73 33.00 33.07 33.32 33.95 34.20 34.34 34.54 34.63 35.13 35.25 35.35 35.34 35.92 35.69 35.76 36.06 36.37 36.36 36.99 36.98 36.78 36.92 37.10 37.57 37.73 37.89 38.03 37.85 37.97 38.03 37.81 37.96 37.60 37.73 37.77 37.72 37.54 37.38 37.17 36.92 36.64 36.37 36.06 35.89 36.13 35.88 35.61 35.39 35.19 35.01
31.23 30.91 30.91 30.90 30.88 30.87 30.85 30.82 30.80 30.78 30.76 30.74 30.72 30.70 30.65 30.59 30.50 30.54 31.31 31.34 31.46 31.74 31.96 32.22 32.54 32.91 32.62 32.91 32.98 33.24 33.48 34.13 34.36 34.44 34.55 34.65 35.25 35.17 35.14 35.39 35.47 35.80 35.79 36.05 36.06 36.64 36.59 36.38 36.56 37.06 37.25 37.43 37.58 37.71 37.89 38.04 37.73 37.07 37.33 37.50 37.70 37.75 37.67 37.47 37.31 37.11 36.84 36.56 36.24 35.92 35.99 35.97 35.73 35.46 35.24 35.04 34.87
31.11 31.08 30.78 30.77 30.76 30.75 30.73 30.71 30.68 30.65 30.64 30.63 30.62 30.60 30.56 30.48 30.38 30.42 30.30 31.06 31.27 31.58 31.80 32.02 32.38 32.78 33.18 32.85 32.93 33.19 33.43 34.07 34.30 34.45 34.60 34.58 34.54 35.20 34.96 35.20 35.27 35.79 35.87 35.82 35.75 36.32 36.21 35.99 36.22 36.74 36.95 37.16 37.29 37.40 37.56 37.68 36.56 36.84 37.14 37.35 37.64 37.69 37.54 37.39 37.17 37.01 36.74 36.40 36.06 35.74 35.83 35.79 35.55 35.29 35.07 34.88 34.71
31.00 30.97 30.93 30.65 30.64 30.63 30.62 30.60 30.58 30.56 30.54 30.53 30.52 30.50 30.46 30.38 30.29 29.98 29.92 30.54 30.67 31.51 31.74 31.99 32.33 32.73 33.14 32.84 33.02 33.18 33.41 34.03 34.26 34.41 34.55 34.54 34.48 34.32 34.86 34.88 35.60 35.60 35.68 35.62 35.55 36.09 35.99 35.81 36.26 36.45 36.64 36.83 36.97 37.08 36.69 36.87 36.90 36.81 36.89 37.07 37.32 37.38 37.26 37.12 36.98 36.78 36.49 36.16 35.83 35.52 35.82 35.56 35.21 35.09 34.89 34.70 34.54
30.90 30.86 30.82 30.53 30.53 30.52 30.51 30.50 30.49 30.47 30.46 30.44 30.42 30.40 30.36 30.30 30.02 29.98 29.97 30.29 30.76 30.91 31.08 32.04 32.37 32.75 33.15 33.54 33.04 33.19 33.41 34.03 34.25 34.39 34.52 34.49 34.44 34.31 34.32 34.79 35.44 35.44 35.52 35.46 35.93 35.80 35.61 35.67 36.05 36.19 36.35 36.50 36.64 36.26 36.44 36.64 36.67 36.54 36.79 37.03 36.87 36.92 36.87 36.76 36.61 36.41 36.15 35.86 35.56 35.84 35.57 35.32 34.99 34.88 34.68 34.51 34.36
30.79 30.75 30.72 30.68 30.42 30.42 30.42 30.41 30.41 30.39 30.38 30.36 30.34 30.31 30.03 30.02 30.01 30.01 30.33 30.39 30.88 31.03 31.21 31.42 32.45 32.81 33.19 33.58 33.09 33.21 33.44 33.64 34.26 34.40 34.38 34.47 34.18 34.31 34.31 34.40 35.20 35.31 35.39 35.32 35.78 35.67 35.61 35.80 35.85 35.94 36.07 36.20 35.81 36.00 36.19 36.14 36.40 36.24 36.44 36.62 36.75 36.46 36.43 36.34 36.20 36.01 35.78 35.52 35.25 35.55 35.31 35.07 34.75 34.54 34.46 34.30 34.17
30.68 30.64 30.61 30.58 30.29 30.28 30.33 30.33 30.33 30.32 30.31 30.29 30.27 29.99 30.00 30.01 30.02 30.04 30.41 30.49 31.01 31.17 31.35 31.57 31.82 32.89 33.27 33.65 33.17 33.28 33.50 33.69 34.30 34.43 34.39 34.47 34.21 34.33 34.44 34.42 35.14 35.20 35.27 35.77 35.64 35.54 35.48 35.63 35.65 35.71 35.22 35.39 35.57 35.75 35.93 35.87 36.11 36.35 36.07 36.20 36.30 36.34 35.97 35.90 35.78 35.61 35.40 35.17 35.49 35.25 35.02 34.80 34.49 34.30 34.23 34.09 33.98
30.59 30.55 30.52 30.49 30.47 30.24 30.25 30.26 30.27 30.26 30.25 30.23 29.95 29.96 29.98 30.00 30.03 30.08 30.49 30.59 30.72 31.31 31.50 31.73 31.99 32.26 33.36 33.74 33.13 33.37 33.58 33.76 33.91 33.98 34.10 34.37 34.43 34.38 34.85 34.79 34.61 34.49 34.63 35.64 35.51 35.41 35.34 35.45 35.45 34.89 35.02 35.17 35.33 35.50 35.67 35.59 35.80 36.02 35.70 35.80 35.86 35.89 35.88 35.46 35.35 35.21 35.16 34.93 35.16 34.95 34.73 34.52 34.33 33.98 33.94 33.63 33.56
30.49 30.46 30.43 30.41 30.40 30.38 30.18 30.20 30.22 30.22 30.21 29.92 29.92 29.94 29.96 29.99 30.05 30.48 30.57 30.69 30.83 31.45 31.65 31.88 32.15 32.43 32.73 33.90 33.86 33.48 33.68 33.85 33.68 34.12 34.23 34.53 34.59 34.99 34.85 34.78 34.75 34.64 34.78 35.52 35.39 35.28 35.20 35.15 34.64 34.72 34.83 34.96 35.10 35.26 35.12 35.31 35.51 35.69 35.35 35.40 35.44 35.45 35.43 35.39 35.27 35.10 34.92 34.69 34.84 34.64 34.44 34.25 33.73 33.53 33.40 33.43 33.39
30.40 30.37 30.35 30.34 30.33 30.32 30.31 30.15 30.18 30.19 30.18 29.90 29.90 29.91 29.93 29.98 30.06 30.53 30.65 30.79 30.93 31.59 31.79 32.03 32.30 32.60 32.92 33.23 33.91 33.62 33.80 33.66 33.78 33.73 34.29 34.61 34.67 35.04 34.90 34.82 34.79 34.66 34.77 35.44 35.27 35.15 35.35 34.97 34.49 34.56 34.65 34.76 34.89 35.03 34.87 35.05 35.22 35.38 35.52 35.03 35.03 35.03 35.01 34.98 34.92 34.72 34.56 34.35 34.53 34.35 34.17 33.83 33.47 33.31 33.19 33.12 33.21
30.30 30.28 30.27 30.27 30.27 30.27 30.27 30.10 30.14 30.17 29.90 29.89 29.88 29.87 29.90 29.95 30.08 30.23 30.74 30.89 31.04 31.23 31.46 31.72 32.44 32.77 33.11 33.44 34.01 33.65 33.81 33.77 33.74 33.83 34.36 34.70 34.76 35.10 34.96 34.86 34.83 34.69 34.77 35.39 35.20 34.82 34.94 34.58 34.36 34.41 34.48 34.57 34.35 34.48 34.61 34.81 34.96 35.09 34.31 34.30 34.28 34.63 34.62 34.60 34.54 34.36 33.94 34.27 34.13 33.96 33.80 33.63 33.27 33.11 32.98 32.93 33.05
30.20 30.19 30.20 30.21 30.21 30.22 30.15 30.18 30.22 30.16 29.91 29.88 29.81 29.82 29.86 29.99 30.16 30.33 30.82 30.99 31.17 31.37 31.60 31.85 32.18 32.55 32.93 33.21 34.19 33.21 33.08 33.87 33.83 33.91 34.41 34.78 35.27 35.18 35.27 34.91 34.87 34.97 34.77 35.35 34.63 34.73 34.82 34.47 34.24 34.00 34.04 34.10 34.21 34.34 34.46 34.57 34.73 34.09 34.07 34.03 33.97 33.94 33.95 33.94 34.21 34.03 33.67 34.05 33.92 33.77 33.62 33.46 33.11 32.93 32.77 32.74 32.92
29.96 29.96 29.97 29.97 29.98 29.98 30.12 30.16 30.20 29.90 29.76 29.85 29.85 29.86 29.91 30.06 30.24 30.43 30.63 30.83 31.30 31.51 31.74 31.99 32.33 32.71 33.09 33.24 33.85 33.64 33.27 33.43 33.42 33.47 34.37 34.53 35.32 34.75 35.31 34.54 34.66 35.22 34.33 34.51 34.66 34.50 34.51 34.16 33.90 33.93 33.97 34.01 34.11 34.23 34.33 34.43 34.35 33.91 33.88 33.82 33.74 33.71 33.72 33.70 33.86 33.95 34.25 34.08 33.99 33.60 33.47 33.32 33.01 32.84 32.68 32.67 32.78
29.99 29.96 29.96 29.95 29.95 29.95 29.96 29.73 29.79 29.84 29.71 29.74 29.77 29.82 30.01 30.15 30.33 30.52 30.73 30.92 31.10 31.65 31.90 32.18 32.41 32.76 33.12 33.47 33.94 33.85 33.97 33.61 33.60 33.64 34.00 34.63 34.66 34.81 34.75 34.64 34.74 34.59 34.43 34.61 34.40 34.84 34.45 34.21 33.79 33.80 33.82 33.99 34.06 34.15 34.24 34.11 34.21 34.29 33.73 33.67 33.61 33.84 33.79 33.73 33.66 33.78 34.09 33.93 33.85 33.50 33.39 33.27 32.97 32.85 32.76 32.75 32.83
30.01 29.98 29.96 29.94 29.93 29.92 29.92 29.70 29.75 29.79 29.81 29.72 29.79 29.87 29.97 30.11 30.28 30.62 30.81 31.00 31.19 31.67 31.94 32.23 32.54 32.88 33.21 33.53 33.82 33.94 33.90 33.76 33.76 33.79 34.15 34.72 34.72 34.88 34.80 34.72 34.81 34.67 34.52 34.71 34.50 34.89 34.52 34.08 33.81 33.81 33.83 33.85 33.89 33.93 33.93 34.03 34.11 34.18 34.24 33.88 33.79 33.72 33.65 33.58 33.50 33.64 34.03 33.99 33.66 33.58 33.35 33.25 32.98 32.90 32.85 32.85 32.90
29.63 29.99 29.96 29.94 29.91 29.89 29.63 29.67 29.71 29.74 29.77 29.70 29.79 29.90 30.03 30.18 30.35 30.69 30.87 31.07 31.28 31.77 32.05 32.34 32.66 32.98 33.29 33.99 33.91 33.84 34.00 34.11 33.95 34.26 34.28 34.79 34.79 34.95 34.87 34.79 34.87 34.74 34.61 34.80 34.77 34.57 34.39 34.12 33.83 33.84 33.85 33.87 33.90 33.93 33.88 33.97 34.04 34.11 33.86 33.78 33.69 33.61 33.54 33.46 33.61 33.53 33.94 33.90 33.60 33.54 33.47 33.41 33.22 32.96 32.94 32.96 33.00
29.61 29.59 29.57 29.55 29.90 29.60 29.62 29.64 29.89 29.95 30.02 30.10 29.79 29.92 30.07 30.23 30.41 30.74 30.93 31.14 31.35 31.86 32.14 32.44 32.75 33.06 33.53 33.85 33.75 33.94 34.09 34.20 34.29 34.43 34.45 34.86 34.63 34.58 35.15 35.06 34.93 34.73 34.68 35.06 34.85 34.66 34.48 33.80 33.74 33.86 33.88 33.90 33.92 33.93 33.95 33.93 34.00 34.05 33.77 33.69 33.61 33.53 33.45 33.36 33.36 33.30 33.73 33.84 33.57 33.52 33.47 33.43 33.27 33.17 33.09 33.06 33.10
29.59 29.56 29.53 29.50 29.21 29.24 29.78 29.81 29.85 29.91 29.98 30.08 30.20 29.93 30.10 30.28 30.46 30.65 30.99 31.19 31.65 31.92 32.21 32.52 32.83 33.30 33.64 33.95 33.83 34.03 34.17 34.28 34.75 34.80 34.51 34.49 34.62 34.85 35.05 34.97 35.02 34.91 35.09 35.13 34.92 34.74 34.57 33.89 33.83 33.79 33.91 33.93 33.95 33.95 33.96 33.91 33.96 34.02 33.70 33.63 33.55 33.46 33.43 33.37 33.31 33.70 33.69 33.67 33.56 33.53 33.49 33.47 33.43 33.40 33.42 33.25 32.92
29.57 29.53 29.49 29.17 29.19 29.20 29.22 29.24 29.82 29.87 29.95 30.06 30.20 30.35 30.13 30.31 30.50 30.70 31.03 31.24 31.70 31.98 32.27 32.58 33.05 33.40 33.74 34.05 33.93 34.14 34.26 34.35 34.80 34.84 34.57 34.56 34.71 34.91 34.83 35.00 35.07 35.02 35.13 34.96 34.99 34.81 34.64 33.97 33.92 33.89 33.86 33.97 33.98 33.98 33.98 33.90 33.95 33.72 33.65 33.57 33.49 33.47 33.41 33.34 33.28 33.68 33.66 33.65 33.26 33.54 33.52 33.51 33.47 33.46 33.48 33.09 33.11
29.55 29.51 29.16 29.17 29.17 29.17 29.17 29.18 29.19 29.82 29.91 30.05 30.21 30.38 30.55 30.35 30.54 30.73 31.05 31.27 31.73 32.02 32.31 32.78 33.13 33.48 33.83 34.15 34.03 34.24 34.35 34.77 34.84 34.88 34.89 34.61 34.75 34.96 34.89 34.82 35.18 35.06 35.17 35.00 35.06 34.87 34.48 34.38 34.01 33.99 33.98 33.95 33.90 34.02 34.00 33.98 33.93 33.68 33.61 33.53 33.51 33.45 33.39 33.32 33.25 33.66 33.65 33.23 33.21 33.20 33.14 33.12 33.12 33.07 33.05 33.11 33.14
29.54 29.18 29.17 29.17 29.16 29.15 29.14 29.13 29.12 29.14 29.24 30.04 30.23 30.42 30.61 30.77 30.93 30.76 30.95 31.48 31.75 32.04 32.50 32.84 33.19 33.55 33.90 33.68 33.93 34.10 34.16 34.20 34.87 34.70 34.71 34.69 34.78 35.02 34.96 34.62 34.71 34.60 34.99 35.05 34.81 34.63 34.26 34.17 34.09 34.09 34.09 34.09 34.03 33.94 34.03 34.00 33.93 33.65 33.57 33.56 33.51 33.45 33.38 33.31 33.24 33.27 33.24 33.23 33.17 33.16 33.11 33.10 33.11 33.07 32.40 32.44 32.49
29.36 29.19 29.19 29.17 29.16 29.14 29.12 29.10 29.08 29.06 29.44 29.65 29.88 30.10 30.19 30.35 30.52 31.05 31.21 31.65 31.95 31.85 32.16 32.48 32.97 33.30 33.64 33.66 33.96 34.06 34.13 34.54 34.60 34.64 34.65 34.63 34.62 34.46 34.72 34.64 34.75 34.63 34.72 34.56 34.82 34.65 34.27 34.19 33.86 33.88 33.91 33.95 34.02 33.92 34.41 34.34 33.56 33.64 33.02 32.94 32.86 33.05 32.95 32.86 33.23 33.18 33.16 33.16 33.16 33.17 32.86 32.85 32.76 32.51 32.41 32.46 32.51
29.39 29.35 29.21 29.19 29.17 29.15 29.13 29.11 29.10 29.33 29.45 29.63 29.83 30.04 30.13 30.31 30.49 30.67 30.72 30.77 31.55 31.84 32.15 32.46 32.91 33.23 33.56 33.54 33.79 33.92 34.01 34.46 34.52 34.56 34.57 34.42 34.40 34.44 34.56 34.51 34.77 34.66 34.75 34.60 34.45 34.51 34.33 34.25 33.89 33.90 33.92 33.92 34.01 33.92 33.83 33.20 33.25 33.05 32.97 32.88 32.80 32.95 32.86 32.77 33.15 33.12 33.10 33.09 33.10 33.12 32.79 32.78 32.93 32.51 32.42 32.46 32.52
29.42 29.53 29.50 29.21 29.19 29.17 29.15 29.14 29.31 29.37 29.47 29.62 29.80 29.99 30.08 30.19 30.36 30.36 30.85 31.07 31.22 31.57 31.88 32.41 32.83 33.14 33.34 33.39 33.62 33.76 33.87 34.35 34.42 34.36 34.32 34.32 34.31 34.36 34.33 34.44 34.53 34.46 34.78 34.63 34.50 34.57 34.38 34.30 34.10 33.91 33.91 33.90 33.97 33.54 33.27 33.16 33.10 32.56 32.48 32.77 32.73 32.85 32.77 32.79 32.75 33.05 33.03 33.03 33.04 32.73 32.72 32.48 32.86 32.50 32.41 32.45 32.51
29.59 29.56 29.53 29.49 29.46 29.42 29.18 29.31 29.34 29.40 29.49 29.62 29.77 29.77 29.93 30.09 30.26 30.64 30.80 31.01 31.53 31.46 31.76 32.08 32.39 32.83 33.18 33.42 33.45 33.59 33.95 34.04 34.11 34.18 34.20 34.21 34.28 34.28 34.26 34.38 34.47 34.40 34.36 34.37 34.70 34.62 34.49 34.21 34.14 34.36 33.68 33.62 33.54 33.44 33.39 33.30 33.06 32.77 32.65 32.67 32.59 32.51 32.89 32.75 32.72 32.98 32.97 32.97 32.34 32.32 32.31 32.45 32.47 32.48 32.51 32.43 32.48
29.63 29.60 29.56 29.53 29.49 29.45 29.43 29.41 29.36 29.41 29.29 29.39 29.56 29.69 29.84 30.00 30.36 30.56 30.77 31.17 31.42 31.68 31.95 31.93 32.24 32.44 32.71 33.24 33.25 33.63 33.79 33.88 33.97 34.04 34.08 34.10 34.19 34.19 34.18 34.15 34.41 34.34 34.41 34.31 34.69 34.57 34.52 34.25 33.93 33.83 33.74 33.52 33.44 33.40 33.33 33.25 33.02 32.73 32.62 32.51 32.49 32.41 32.44 32.40 32.36 32.66 32.33 32.30 32.28 32.27 32.41 32.75 32.76 32.85 32.78 32.86 32.89
29.68 29.64 29.60 29.56 29.52 29.48 29.45 29.44 29.27 29.20 29.26 29.35 30.00 30.12 30.26 30.09 30.27 30.47 31.20 31.40 31.29 31.54 31.81 32.38 31.98 32.24 32.50 32.74 32.74 33.07 33.54 33.62 33.82 33.91 34.10 34.06 34.09 34.10 34.10 34.08 34.39 34.32 34.47 34.25 34.23 33.90 34.12 34.00 33.88 33.77 33.67 33.40 33.39 33.33 33.26 33.08 33.03 32.68 32.57 32.46 32.24 33.02 32.40 32.36 32.33 33.29 33.01 32.96 32.35 32.33 33.31 32.89 32.90 32.93 32.97 32.94 33.00
