data/EU espacial/EC_020.grd
DSAA
94	94
0.0000	100.0000
0.0000	100.0000
29.0618	43.1692
[rows 34 to 67 of 94, columns 0 to 76 of 94]
29.73 29.69 29.98 29.94 29.91 29.88 29.87 29.71 29.71 29.73 29.83 29.91 30.00 30.11 30.24 30.38 30.81 30.97 31.15 31.35 31.56 31.79 31.99 32.27 32.56 32.04 32.29 32.30 32.51 33.17 33.35 33.44 33.86 33.94 34.02 34.11 33.99 34.01 34.01 34.25 34.34 34.48 34.39 34.31 34.15 33.84 33.53 33.45 33.81 33.70 33.39 33.32 33.24 33.11 33.07 33.03 32.97 32.90 32.84 32.28 32.18 33.08 33.02 33.37 33.37 33.61 33.09 33.13 33.10 33.45 33.43 32.96 32.98 33.05 33.34 33.34 33.08
30.14 30.11 30.06 30.02 29.98 29.80 29.77 29.75 29.75 29.76 29.79 29.85 30.00 30.11 30.22 30.35 30.77 30.93 31.10 31.29 31.50 31.72 31.94 32.17 32.44 32.41 32.65 32.89 32.29 32.95 33.36 33.60 33.71 33.80 33.94 34.00 34.06 34.11 34.19 34.16 34.24 34.38 34.30 34.22 33.97 33.95 33.42 33.33 33.80 33.68 33.31 33.23 33.15 33.05 33.01 32.96 32.91 32.84 32.77 33.37 33.37 33.01 32.96 33.10 33.44 33.72 33.25 33.21 33.58 33.56 33.54 33.49 33.42 33.45 33.47 33.45 33.52
30.24 30.20 30.14 29.96 29.90 29.84 29.80 29.78 29.77 29.79 29.82 29.86 29.92 30.10 30.21 30.61 30.74 30.89 31.05 31.23 31.43 31.65 31.87 32.07 32.33 32.29 32.53 32.76 32.32 32.51 33.17 33.34 33.55 33.65 33.80 33.88 33.96 34.02 34.10 34.06 34.14 34.07 34.20 34.13 33.89 33.94 33.48 33.40 33.72 33.59 33.22 33.14 33.01 32.97 32.94 32.90 32.84 32.77 32.69 33.38 33.38 33.46 33.47 33.17 33.56 33.57 33.32 33.72 33.69 33.67 33.65 33.66 33.55 33.58 33.99 34.03 34.06
30.24 30.16 30.07 29.99 29.93 29.87 29.83 29.80 29.79 29.80 29.83 29.87 29.93 30.00 30.19 30.59 30.72 30.86 31.00 31.17 31.38 31.59 31.80 32.01 32.13 32.39 32.64 32.71 32.11 33.22 33.34 33.83 33.93 33.55 33.66 33.74 33.84 33.94 33.99 33.94 34.02 33.95 34.09 33.86 33.81 33.84 33.79 33.79 33.67 33.23 33.14 33.05 32.93 32.89 32.86 32.82 32.78 33.66 33.63 33.46 33.47 33.47 33.48 33.10 33.07 33.64 33.86 33.82 33.79 33.77 33.77 33.77 33.67 34.09 34.13 34.16 34.18
30.72 30.64 30.55 30.46 29.94 29.89 29.84 29.82 29.80 29.81 29.83 29.87 29.93 30.00 30.37 30.47 30.70 30.84 30.98 31.15 31.34 31.54 31.74 31.86 32.03 32.28 32.32 32.52 32.52 32.88 33.01 33.70 33.80 33.92 33.49 33.58 33.68 33.76 33.83 33.80 33.88 33.67 33.63 33.76 33.49 33.40 33.27 33.06 32.87 33.13 33.04 33.57 33.68 33.68 33.67 33.67 33.70 33.67 33.64 33.47 33.48 33.49 33.86 33.90 33.96 33.38 33.64 33.63 33.89 33.89 33.88 34.13 34.17 34.22 34.26 34.28 34.30
30.73 30.66 30.59 30.51 30.43 30.36 30.31 29.82 29.80 29.81 29.83 29.87 29.93 30.00 30.37 30.47 30.59 30.83 30.98 31.14 31.31 31.41 31.61 31.80 31.58 31.77 32.19 32.06 32.37 32.54 32.85 33.15 33.69 33.78 33.87 33.84 33.50 33.57 33.64 33.63 33.57 33.54 33.50 33.29 33.21 33.23 33.14 32.94 32.88 33.24 33.56 33.56 33.55 33.68 33.67 33.67 33.74 33.72 33.70 33.48 33.82 33.85 33.89 33.94 33.41 33.42 33.85 34.16 33.89 33.90 34.41 34.26 34.30 34.34 34.38 34.41 34.42
30.74 30.68 30.61 30.54 30.47 30.40 30.35 30.31 30.29 30.28 30.30 29.87 29.92 30.28 30.37 30.48 30.59 30.72 30.98 31.13 31.21 31.39 31.57 31.75 31.50 31.68 31.80 31.95 32.24 32.39 32.55 32.99 33.13 33.64 33.72 33.88 33.85 33.88 33.50 33.51 33.42 33.40 33.37 33.15 33.07 33.09 33.00 32.81 33.16 33.20 33.24 33.54 33.66 33.68 33.76 33.76 33.75 33.74 33.72 34.03 33.85 33.88 33.93 33.45 33.45 33.60 34.07 34.13 34.66 34.73 34.20 34.19 34.44 34.48 34.51 34.54 34.38
30.77 30.71 30.64 30.57 30.50 30.44 30.38 30.34 30.31 30.31 30.33 30.37 30.50 30.76 30.38 30.49 30.61 30.73 30.86 30.92 31.20 31.37 31.54 31.56 31.69 31.93 32.08 31.84 32.23 32.26 32.83 32.84 32.97 33.78 33.85 34.08 34.03 33.86 33.50 33.52 34.20 34.14 32.96 33.00 33.86 32.94 32.86 33.41 33.12 33.16 33.21 33.63 33.65 33.76 33.77 33.77 33.76 34.05 34.06 34.07 33.89 33.92 33.55 33.67 33.68 33.70 34.08 34.47 34.58 34.79 34.32 34.32 34.39 34.45 34.50 34.52 34.52
30.80 30.74 30.68 30.61 30.54 30.47 30.41 30.37 30.34 30.33 30.36 30.40 30.72 30.81 30.91 31.02 31.14 31.13 30.81 30.95 31.09 31.70 31.85 32.00 31.73 31.87 32.11 32.25 32.36 32.57 32.92 33.04 33.15 33.61 33.86 34.32 34.40 33.75 34.22 34.24 34.11 34.10 33.78 33.72 33.62 33.42 33.94 33.57 33.00 33.05 33.10 33.25 33.73 33.75 33.77 33.78 34.08 34.09 34.10 34.11 34.08 33.60 33.56 33.57 33.58 33.94 34.40 34.50 34.62 34.74 34.94 35.03 35.11 35.24 35.31 34.83 35.37
31.23 30.79 30.72 30.65 30.58 30.51 30.45 30.40 30.36 30.35 30.38 30.44 30.76 30.86 30.98 31.10 31.08 31.21 31.57 31.69 31.82 31.57 31.81 31.71 31.81 31.93 32.06 32.40 32.20 32.72 32.84 32.96 33.31 33.99 34.08 34.17 34.25 34.10 34.23 33.91 33.92 33.92 33.88 33.78 33.57 34.08 34.04 33.68 33.60 33.72 33.76 33.80 34.20 33.64 33.92 33.96 33.89 33.91 33.94 34.03 34.05 33.58 33.58 33.58 33.87 33.89 34.04 34.14 34.69 34.86 35.30 35.42 35.24 35.47 35.53 35.52 35.51
31.32 31.22 31.12 30.71 30.64 30.57 30.49 30.43 30.39 30.37 30.40 30.72 30.81 31.05 31.10 31.16 31.30 31.54 31.67 31.82 31.94 32.06 32.06 32.13 32.01 31.86 32.23 32.05 32.16 32.85 33.00 33.16 33.31 33.44 34.09 34.18 34.23 34.26 34.11 33.88 33.89 33.89 33.57 33.73 33.62 34.05 34.01 33.68 33.71 33.74 33.79 33.83 34.24 34.24 33.94 33.99 33.90 33.94 33.97 34.06 34.09 33.62 33.62 33.91 33.90 33.92 34.07 34.21 34.36 34.85 35.46 35.41 35.57 35.65 35.72 35.69 35.77
31.42 31.32 31.25 31.16 31.06 30.63 30.56 30.48 30.54 30.51 30.68 30.87 31.01 31.00 31.15 31.29 31.56 31.69 31.82 31.94 32.05 32.16 32.26 32.21 32.20 32.26 32.38 32.49 32.70 32.84 33.01 33.18 33.17 33.47 33.82 33.91 33.94 34.27 34.24 34.24 34.02 34.01 33.84 33.70 34.10 33.73 33.71 33.73 33.74 33.85 33.83 33.88 34.30 34.31 33.56 34.03 33.93 33.98 33.99 34.12 34.17 34.22 34.01 33.98 33.95 34.02 34.15 34.32 34.87 35.03 35.44 35.58 35.71 36.02 35.95 36.00 35.93
31.53 31.45 31.37 31.28 31.18 31.09 30.99 30.69 30.61 30.55 30.80 30.96 30.98 31.26 31.41 31.56 31.70 31.84 31.96 32.08 32.19 32.29 32.37 32.25 32.30 32.35 32.45 32.53 32.70 32.87 33.06 33.07 33.22 33.35 33.87 33.95 33.97 33.98 34.25 34.24 34.23 34.02 33.84 34.17 34.11 33.76 33.73 33.75 33.83 33.90 33.97 33.95 34.14 34.13 33.57 33.61 33.98 34.00 34.06 34.22 34.28 34.14 34.12 34.09 34.06 34.08 34.26 34.63 34.84 35.27 35.42 35.55 35.66 36.08 36.19 36.20 36.15
31.95 31.62 31.54 31.44 31.35 31.25 31.29 31.26 31.15 31.06 30.85 31.10 31.26 31.43 31.58 31.73 31.88 32.01 32.13 32.24 32.34 32.43 32.44 32.39 32.44 32.47 33.06 33.07 32.79 32.96 33.14 33.15 33.29 33.42 33.97 34.00 34.02 34.03 34.28 34.27 34.26 34.09 33.85 33.95 33.93 33.84 33.81 33.83 33.91 33.99 34.06 34.27 34.21 34.20 34.19 33.88 34.09 33.82 34.16 34.35 34.42 34.77 34.30 34.30 34.29 34.45 34.65 34.88 35.36 35.53 35.69 35.82 35.80 35.88 35.84 36.39 36.35
32.12 32.11 32.03 31.95 31.87 31.79 31.95 31.86 31.79 31.65 31.67 31.64 31.78 31.63 31.78 31.93 32.07 32.20 32.32 32.43 32.52 32.52 32.61 32.73 33.18 33.21 33.24 33.27 32.98 33.11 33.26 33.27 33.40 33.50 34.05 34.08 34.10 34.11 34.33 34.33 34.31 34.13 34.06 34.05 34.04 34.02 33.95 34.00 34.05 34.10 34.17 34.35 34.35 34.57 34.60 34.63 34.44 34.26 34.36 34.48 34.57 34.97 34.56 34.59 34.76 34.85 35.02 35.21 35.68 35.84 35.88 36.00 36.10 36.09 36.12 36.07 36.59
32.37 32.30 32.23 32.17 32.10 32.03 32.19 32.03 32.00 32.00 32.05 31.95 32.07 32.20 32.33 32.15 32.29 32.42 32.53 32.63 33.04 33.11 32.87 32.90 33.38 33.41 33.45 33.50 33.42 33.20 33.33 33.36 33.55 33.61 34.16 34.18 34.19 34.20 34.40 34.40 34.38 34.19 34.36 34.18 34.17 34.17 34.17 34.16 34.20 34.03 34.07 34.45 34.45 34.67 34.70 35.09 34.97 35.04 34.55 34.62 34.76 34.91 34.85 35.04 35.14 35.25 35.41 35.60 35.79 36.09 36.22 36.33 36.36 36.41 36.43 36.38 36.36
32.56 32.50 32.45 32.40 32.35 32.44 32.36 32.34 32.33 32.19 32.22 32.28 32.36 32.51 32.63 32.75 32.81 32.91 32.76 33.17 33.24 33.58 33.63 33.10 33.60 33.51 33.55 33.61 33.64 33.38 33.44 33.56 33.60 33.70 34.27 34.41 34.44 34.43 34.43 34.03 34.42 33.97 34.50 34.25 34.25 34.18 34.34 34.14 34.16 34.18 34.19 34.22 34.79 35.16 35.21 35.21 35.11 35.02 35.11 34.86 34.99 35.16 35.01 35.38 35.52 35.67 35.84 36.01 36.15 36.45 36.57 36.63 36.69 36.74 36.76 36.72 36.69
32.76 32.72 32.68 32.54 32.51 32.68 32.56 32.55 32.54 32.56 32.60 32.65 32.73 32.81 32.96 33.03 33.13 33.23 33.59 33.65 33.69 33.85 33.74 34.25 33.69 33.73 33.78 33.75 33.87 33.48 33.59 33.83 33.94 34.42 34.45 34.47 34.13 34.15 34.17 34.26 34.26 34.22 34.11 34.11 34.10 34.10 34.34 33.96 34.31 34.32 34.35 34.93 35.25 35.28 35.33 35.13 35.46 35.36 35.49 35.62 35.76 35.23 35.48 35.67 35.86 36.10 36.24 36.40 36.54 36.68 36.83 36.98 37.04 37.09 37.11 37.07 37.04
33.39 33.34 33.44 33.40 33.36 33.33 32.82 32.88 32.90 32.92 32.97 33.03 33.10 33.18 33.00 33.26 33.35 33.53 33.76 33.79 33.74 34.00 34.06 33.96 33.95 33.95 34.33 33.84 33.96 33.67 33.88 33.98 33.56 34.12 34.15 34.17 34.19 34.29 34.47 34.45 34.43 34.40 35.14 34.46 34.46 34.45 34.20 34.18 34.18 34.19 34.20 34.81 35.00 35.04 35.09 35.46 35.33 35.41 35.56 35.72 36.06 35.69 35.81 36.04 36.25 36.57 36.66 36.81 36.94 37.04 37.15 37.34 37.40 37.25 37.27 37.27 37.25
33.66 33.76 33.73 33.71 33.69 33.68 33.14 33.15 33.13 33.16 33.20 33.25 33.32 33.38 33.46 33.43 33.52 34.01 34.08 33.93 34.05 34.21 34.24 34.04 34.05 34.24 34.11 34.11 33.85 33.90 33.96 33.72 33.82 34.29 34.31 34.33 34.35 34.53 34.52 34.57 34.55 34.53 34.99 34.63 34.63 34.63 34.35 34.33 34.32 34.33 34.66 34.92 35.10 35.14 35.19 35.24 35.48 35.62 35.79 35.94 36.30 35.94 36.43 36.73 36.65 37.00 37.17 37.49 37.27 37.36 37.46 37.37 37.52 37.57 37.60 37.59 37.56
34.00 33.96 33.94 33.93 33.92 33.92 33.92 33.93 33.48 33.52 33.57 33.62 33.69 33.80 34.10 34.17 34.23 34.14 34.21 34.55 34.59 34.52 34.55 34.33 34.33 34.53 34.53 34.37 34.08 34.13 34.29 33.92 34.45 34.47 34.48 34.70 34.68 34.66 34.65 34.63 34.69 34.67 35.13 35.20 34.81 34.81 34.50 34.48 34.46 34.80 34.76 35.04 35.03 35.23 35.14 35.36 35.68 35.78 35.97 36.19 36.59 36.17 36.50 37.04 37.38 37.43 37.56 37.87 37.64 37.72 37.53 37.63 37.73 37.88 37.91 37.91 37.86
34.26 34.25 34.25 34.26 34.27 34.29 34.30 34.32 34.34 34.35 33.93 34.03 34.09 34.17 34.35 34.41 34.47 34.69 34.80 34.87 34.80 34.81 34.83 34.86 34.89 34.80 34.80 34.81 34.31 34.49 34.53 35.12 35.09 34.65 34.86 34.84 34.82 34.79 34.78 34.78 34.77 34.82 35.28 35.36 35.42 34.99 34.98 34.52 34.96 34.91 34.86 34.88 34.90 35.09 35.26 35.33 35.80 35.78 36.14 36.37 36.79 36.16 36.51 36.88 37.46 37.81 37.82 37.87 37.92 37.98 37.75 37.85 37.96 38.07 38.22 38.21 38.20
34.55 34.57 34.59 34.62 34.64 34.67 34.69 34.71 34.73 34.77 34.80 34.77 34.97 35.00 35.03 34.72 34.91 35.00 35.09 35.08 35.08 35.09 35.10 35.12 35.14 35.19 35.19 35.20 35.10 35.61 35.36 35.32 35.29 35.03 35.01 35.00 34.97 34.94 34.94 34.95 34.94 34.91 35.46 35.52 35.58 35.65 35.47 35.00 35.11 34.89 35.01 35.01 35.02 35.21 35.38 35.45 35.69 35.92 36.31 36.43 36.65 36.29 36.65 37.03 37.55 38.08 37.80 37.83 37.88 37.94 38.02 38.03 38.15 38.26 38.38 38.52 38.41
34.93 34.94 34.96 34.99 35.02 35.06 35.08 35.11 35.15 34.98 35.31 35.33 35.35 35.38 35.40 35.42 35.21 35.28 35.26 35.30 35.33 35.34 35.35 35.37 35.44 35.43 35.43 34.91 35.34 36.12 36.03 35.96 35.72 35.66 35.18 35.16 35.15 35.14 35.13 35.13 35.12 35.09 34.87 35.67 35.72 35.76 35.60 35.14 35.06 35.02 35.14 35.14 35.14 35.23 35.52 35.60 35.87 36.07 36.30 36.54 36.76 36.37 36.73 37.19 37.67 37.98 38.19 37.92 38.00 38.08 38.17 38.27 38.37 38.30 38.38 38.39 38.31
35.02 35.32 35.35 35.31 35.34 35.37 35.40 35.34 35.66 35.68 35.70 35.72 35.73 35.75 35.76 35.77 35.77 35.46 35.51 35.55 35.55 35.58 35.32 35.31 35.30 35.38 35.35 35.34 35.19 36.29 36.20 35.95 35.88 35.83 35.34 35.34 35.33 35.33 35.33 35.33 35.31 35.09 35.07 35.83 35.87 35.33 35.33 35.06 35.19 35.15 35.32 35.26 35.29 35.36 35.55 35.92 36.06 35.88 36.23 36.40 36.90 37.13 36.49 36.83 37.58 37.87 38.11 38.28 38.05 38.16 38.27 38.38 38.48 38.37 38.43 38.44 38.39
35.39 35.42 35.47 35.70 35.73 35.69 35.72 36.03 36.05 36.07 36.09 36.10 36.11 36.12 36.12 36.11 36.04 35.73 35.77 35.80 35.80 35.81 35.60 35.56 35.65 35.62 35.60 35.48 35.45 36.44 36.04 35.96 36.04 35.99 35.61 35.51 35.52 35.52 35.53 35.53 35.52 35.30 35.27 35.73 35.51 35.49 35.47 35.19 35.10 35.49 35.45 35.43 35.42 35.44 35.68 35.77 36.20 35.97 36.15 36.45 36.96 37.17 36.45 36.76 37.47 37.74 38.00 38.20 38.36 38.53 38.69 38.84 38.98 38.72 38.74 38.83 38.83
35.74 35.79 35.72 35.77 35.83 36.10 36.39 36.41 36.44 36.46 36.48 36.49 36.49 36.49 36.48 36.39 36.38 36.36 36.03 36.05 36.05 36.08 36.08 35.83 35.89 35.86 36.09 36.05 35.69 36.31 36.22 36.14 36.07 35.86 35.81 35.78 35.75 35.71 35.73 35.47 35.46 35.42 35.48 35.92 35.93 35.64 35.60 35.32 35.21 35.61 35.57 35.54 35.53 35.56 35.78 35.88 36.33 36.03 36.20 36.48 36.99 36.09 36.38 37.05 37.33 37.60 37.87 38.09 38.28 38.47 38.64 38.81 38.95 38.74 38.76 38.87 38.87
35.99 36.04 36.09 36.45 36.50 36.56 36.88 36.81 36.84 36.86 36.87 36.87 36.87 36.85 36.84 36.75 36.73 36.70 36.29 36.30 36.33 36.34 36.35 36.34 36.41 36.37 36.33 36.29 36.96 36.86 36.38 36.30 36.18 36.14 36.00 35.97 35.95 35.84 35.69 35.70 35.69 35.59 35.56 35.24 35.10 36.14 36.04 36.11 36.05 36.25 36.34 36.35 35.63 35.77 35.34 36.06 36.15 36.27 36.28 36.23 36.88 37.26 36.42 36.76 37.00 37.24 37.72 37.96 38.17 38.38 38.57 38.75 38.90 39.40 39.49 39.60 39.54
36.66 36.70 36.75 36.81 36.87 36.93 37.28 37.32 37.36 37.39 37.26 37.26 37.26 37.25 37.23 37.20 37.27 37.23 37.17 36.83 36.82 36.60 36.59 36.70 36.65 36.60 37.42 37.30 37.20 37.00 36.91 36.78 36.35 36.31 36.28 36.15 36.14 36.06 35.89 35.92 35.87 35.88 35.83 35.74 35.78 36.22 36.15 36.05 36.08 36.28 36.38 36.39 36.41 35.86 35.38 35.41 35.93 36.14 36.28 36.19 36.78 36.05 36.28 36.60 36.83 37.06 37.34 37.57 38.03 38.27 38.48 38.66 39.21 39.34 39.44 39.53 39.47
36.99 37.04 37.10 37.17 37.23 37.30 37.37 37.73 37.77 37.80 37.81 37.67 37.66 37.64 37.71 37.68 37.63 37.58 37.51 37.43 37.08 36.92 36.83 37.02 36.98 37.69 37.57 37.45 37.34 37.13 37.03 36.91 36.86 36.83 36.44 36.56 36.57 36.26 36.32 36.14 36.13 36.66 36.45 36.31 36.11 35.60 36.19 36.07 36.09 36.02 36.30 36.41 36.43 36.07 35.41 35.43 35.95 36.14 36.32 36.57 36.66 36.77 36.13 36.43 36.63 36.86 37.14 37.40 37.66 38.14 38.37 39.33 39.48 39.26 39.36 39.45 39.39
37.32 37.38 37.45 37.52 37.59 37.67 37.74 37.82 38.18 38.21 38.09 38.08 38.15 38.12 38.09 38.05 38.00 37.93 37.86 37.77 37.94 37.17 37.30 37.24 37.97 37.83 37.71 37.59 37.48 37.38 37.10 37.03 36.97 36.95 36.95 36.98 37.02 36.57 36.43 36.82 36.87 36.91 36.69 36.50 36.26 36.01 35.61 36.05 36.06 36.02 36.49 36.50 36.44 36.04 36.05 36.28 35.94 36.51 36.22 36.28 36.54 36.63 35.97 36.25 36.42 36.62 36.92 37.20 38.21 38.47 38.95 39.12 39.26 39.41 39.26 39.34 39.48
37.08 37.71 37.78 37.86 37.94 38.02 38.10 38.18 38.32 38.40 38.57 38.56 38.54 38.51 38.47 38.42 38.36 38.29 38.21 38.11 38.26 38.46 37.52 37.46 38.12 37.97 37.84 37.71 37.60 37.49 37.20 37.12 37.06 37.05 37.05 37.08 37.75 37.05 37.20 37.27 37.02 37.10 36.93 36.64 36.36 36.09 35.66 35.43 36.05 36.01 36.49 36.50 36.53 36.00 36.01 36.74 36.38 36.72 36.11 36.16 36.41 36.13 36.30 36.07 36.21 36.36 36.68 36.97 37.90 38.19 38.72 38.84 38.98 39.15 39.33 39.34 39.23
37.34 37.42 37.51 37.60 37.69 37.77 37.86 37.95 37.91 37.99 38.09 38.97 38.95 38.89 38.85 38.80 38.73 38.65 38.56 38.45 39.70 39.64 39.42 39.19 38.46 38.32 37.96 37.83 37.70 38.17 38.05 37.94 37.85 37.80 37.78 37.82 37.84 37.55 37.38 37.47 37.30 37.35 37.32 37.12 36.88 36.63 35.73 35.49 35.52 36.56 36.53 37.05 36.41 36.35 36.33 36.90 37.17 36.85 37.02 37.07 37.33 37.37 36.67 36.78 37.06 37.17 37.50 37.70 37.63 37.89 38.54 38.66 38.78 38.90 39.45 39.46 39.37
37.57 37.66 37.76 37.85 37.93 38.02 38.11 38.07 38.15 38.22 38.26 38.35 39.32 39.29 39.26 39.21 39.14 39.28 39.19 39.38 39.93 39.85 39.62 39.38 38.61 38.47 38.79 38.62 38.48 38.20 38.07 37.97 37.88 37.83 37.84 37.85 37.87 37.56 37.37 37.44 37.49 37.26 37.20 37.05 36.85 36.63 36.22 36.00 36.03 36.51 36.49 37.01 36.54 36.51 36.86 36.77 37.08 36.76 36.89 36.93 37.19 37.22 36.52 36.63 36.93 37.04 37.32 37.46 37.61 38.30 38.40 38.20 38.31 38.95 39.00 39.02 39.07
