data/EU espacial/EstC_EU_2.grd
DSAA
94	94
0.0000	100.0000
0.0000	100.0000
10.4603	17.5744
[rows 34 to 67 of 94, columns 0 to 76 of 94]
10.60 10.61 10.69 10.70 10.72 10.73 10.75 10.74 10.77 10.80 10.88 10.93 11.00 11.06 11.14 11.21 11.35 11.43 11.51 11.60 11.70 11.80 12.00 12.11 12.23 12.11 12.21 12.26 12.34 12.55 12.62 12.66 12.90 12.93 12.96 12.96 12.85 12.86 12.87 13.04 13.10 13.24 13.21 13.19 13.09 12.93 12.92 12.90 13.04 13.01 12.81 12.80 12.78 12.65 12.65 12.64 12.62 12.61 12.58 12.39 12.35 12.81 12.78 12.96 12.95 13.02 12.94 12.94 12.93 13.09 13.08 12.81 12.81 12.79 12.93 12.93 12.80
10.70 10.70 10.71 10.72 10.74 10.72 10.74 10.76 10.79 10.82 10.86 10.91 11.00 11.06 11.13 11.20 11.33 11.40 11.48 11.56 11.66 11.76 11.86 12.06 12.17 12.15 12.24 12.33 12.26 12.48 12.69 12.80 12.84 12.87 12.90 12.91 12.93 12.94 12.99 12.99 13.06 13.20 13.18 13.16 13.04 13.04 12.90 12.87 13.00 12.97 12.79 12.77 12.76 12.64 12.63 12.62 12.61 12.59 12.57 12.96 12.96 12.77 12.74 12.84 13.01 13.09 13.03 13.01 13.18 13.17 13.16 13.08 12.99 12.99 13.00 12.99 13.03
10.72 10.73 10.74 10.72 10.73 10.75 10.76 10.79 10.81 10.84 10.88 10.92 10.97 11.06 11.13 11.25 11.31 11.37 11.44 11.52 11.62 11.72 11.82 12.01 12.12 12.09 12.18 12.27 12.34 12.41 12.61 12.68 12.78 12.81 12.84 12.86 12.88 12.90 12.95 12.95 13.01 13.01 13.15 13.13 13.01 13.03 12.98 12.88 12.98 12.95 12.76 12.75 12.62 12.62 12.61 12.61 12.59 12.58 12.56 12.99 12.99 13.03 13.03 12.90 13.10 13.09 13.10 13.28 13.26 13.25 13.18 13.17 13.07 13.07 13.27 13.29 13.32
10.72 10.72 10.73 10.74 10.75 10.77 10.79 10.81 10.83 10.86 10.90 10.94 10.98 11.02 11.12 11.24 11.30 11.36 11.42 11.49 11.59 11.69 11.78 11.88 12.10 12.21 12.32 12.35 12.27 12.52 12.58 12.83 12.87 12.76 12.79 12.80 12.83 12.85 12.90 12.90 12.97 12.97 13.11 12.98 12.97 13.00 12.99 13.07 13.04 12.82 12.80 12.73 12.60 12.60 12.60 12.59 12.58 13.03 13.04 13.06 13.07 13.07 13.07 12.87 12.85 13.16 13.38 13.36 13.29 13.27 13.26 13.25 13.15 13.34 13.34 13.37 13.40
10.97 10.97 10.98 10.98 10.77 10.79 10.81 10.83 10.85 10.88 10.92 10.95 10.99 11.04 11.15 11.19 11.30 11.35 11.41 11.48 11.57 11.66 11.75 11.89 12.07 12.17 12.26 12.35 12.33 12.51 12.56 12.78 12.82 12.84 12.74 12.75 12.78 12.81 12.85 12.86 12.93 12.82 12.82 12.95 12.95 12.93 12.89 12.80 12.72 12.80 12.78 13.04 13.00 13.01 13.02 13.03 13.06 13.06 13.07 13.10 13.10 13.11 13.29 13.30 13.32 13.21 13.28 13.28 13.37 13.36 13.35 13.43 13.43 13.44 13.44 13.46 13.50
11.01 11.01 11.02 11.02 11.03 11.04 11.05 10.85 10.87 10.90 10.94 10.97 11.01 11.05 11.16 11.20 11.25 11.36 11.42 11.49 11.57 11.68 11.78 11.87 11.92 12.00 12.22 12.14 12.29 12.35 12.51 12.64 12.76 12.80 12.83 12.80 12.74 12.76 12.81 12.82 12.78 12.79 12.79 12.86 12.85 12.88 12.86 12.77 12.76 12.94 13.04 13.06 13.08 13.03 13.05 13.06 13.11 13.12 13.13 13.14 13.31 13.32 13.34 13.36 13.26 13.27 13.48 13.53 13.39 13.39 13.65 13.53 13.54 13.54 13.55 13.57 13.60
11.06 11.06 11.06 11.06 11.07 11.08 11.09 11.11 11.13 11.16 11.19 10.99 11.03 11.14 11.18 11.22 11.26 11.31 11.42 11.49 11.60 11.68 11.77 11.86 11.90 11.98 12.04 12.10 12.24 12.31 12.37 12.59 12.64 12.75 12.79 12.87 12.84 12.86 12.77 12.78 12.75 12.76 12.76 12.83 12.82 12.85 12.83 12.75 12.92 12.95 12.99 13.09 13.11 13.12 13.12 13.13 13.15 13.16 13.17 13.34 13.36 13.38 13.39 13.31 13.32 13.35 13.59 13.61 13.82 13.85 13.55 13.51 13.65 13.65 13.67 13.68 13.64
11.10 11.10 11.10 11.11 11.11 11.12 11.14 11.15 11.17 11.20 11.22 11.26 11.32 11.39 11.19 11.24 11.28 11.33 11.38 11.47 11.61 11.69 11.77 11.85 11.93 12.10 12.17 12.07 12.22 12.27 12.52 12.55 12.60 12.86 12.90 13.01 12.97 12.87 12.79 12.81 13.17 13.17 12.71 12.80 13.24 12.82 12.80 13.07 12.93 12.97 13.01 13.11 13.13 13.20 13.21 13.17 13.18 13.35 13.37 13.39 13.41 13.43 13.34 13.42 13.43 13.45 13.63 13.82 13.86 13.91 13.65 13.62 13.64 13.66 13.69 13.73 13.74
11.15 11.15 11.15 11.15 11.16 11.17 11.18 11.19 11.21 11.24 11.26 11.30 11.39 11.43 11.47 11.51 11.55 11.52 11.43 11.49 11.56 11.84 11.92 11.99 12.02 12.09 12.21 12.27 12.32 12.42 12.59 12.64 12.68 12.77 12.90 13.16 13.20 12.85 13.20 13.22 13.12 13.13 13.12 13.11 13.09 13.02 13.30 13.11 12.83 12.86 12.91 12.99 13.20 13.22 13.24 13.26 13.43 13.39 13.42 13.44 13.41 13.39 13.42 13.43 13.45 13.64 13.83 13.87 13.92 13.96 13.94 13.97 14.00 14.11 14.15 13.94 14.23
11.42 11.19 11.20 11.20 11.21 11.22 11.22 11.24 11.25 11.28 11.30 11.34 11.43 11.47 11.51 11.55 11.59 11.64 11.79 11.85 11.91 11.79 11.91 11.92 11.98 12.14 12.20 12.38 12.26 12.53 12.58 12.63 12.79 13.00 13.05 13.09 13.14 13.07 13.15 13.04 13.05 13.06 13.20 13.18 13.10 13.38 13.38 13.20 13.17 13.24 13.27 13.30 13.40 13.12 13.28 13.31 13.38 13.41 13.44 13.44 13.46 13.45 13.46 13.48 13.59 13.61 13.72 13.76 13.94 13.99 14.19 14.23 14.09 14.22 14.25 14.32 14.33
11.49 11.47 11.45 11.25 11.26 11.26 11.27 11.28 11.30 11.32 11.35 11.49 11.48 11.57 11.57 11.62 11.68 11.79 11.85 11.92 11.98 12.03 12.08 12.13 12.09 12.11 12.31 12.21 12.27 12.63 12.69 12.76 12.82 12.85 13.08 13.13 13.14 13.17 13.07 13.06 13.07 13.08 13.04 13.18 13.16 13.39 13.40 13.23 13.25 13.28 13.31 13.34 13.45 13.46 13.30 13.34 13.42 13.45 13.48 13.48 13.56 13.50 13.52 13.64 13.65 13.67 13.73 13.79 13.84 14.04 14.28 14.27 14.30 14.33 14.36 14.43 14.45
11.56 11.54 11.54 11.53 11.53 11.32 11.33 11.33 11.39 11.41 11.50 11.54 11.58 11.58 11.64 11.69 11.82 11.87 11.93 11.98 12.03 12.08 12.14 12.17 12.27 12.31 12.41 12.47 12.59 12.65 12.72 12.79 12.73 12.89 12.92 12.96 12.97 13.20 13.14 13.16 13.14 13.14 13.23 13.20 13.43 13.25 13.26 13.29 13.29 13.36 13.35 13.38 13.49 13.51 13.17 13.38 13.46 13.50 13.41 13.59 13.62 13.65 13.69 13.70 13.71 13.75 13.81 13.87 14.09 14.14 14.32 14.37 14.43 14.56 14.50 14.56 14.58
11.63 11.63 11.62 11.61 11.60 11.59 11.59 11.44 11.45 11.46 11.55 11.59 11.60 11.73 11.78 11.83 11.89 11.94 11.99 12.04 12.09 12.14 12.19 12.29 12.32 12.36 12.45 12.51 12.61 12.69 12.76 12.71 12.77 12.83 12.96 12.99 13.01 13.03 13.17 13.18 13.19 13.17 13.25 13.46 13.46 13.29 13.30 13.32 13.36 13.40 13.44 13.43 13.51 13.53 13.19 13.23 13.51 13.40 13.50 13.65 13.69 13.74 13.76 13.77 13.80 13.82 13.89 14.06 14.13 14.27 14.33 14.38 14.43 14.62 14.62 14.70 14.69
11.88 11.71 11.70 11.68 11.67 11.66 11.74 11.76 11.75 11.75 11.63 11.69 11.75 11.80 11.86 11.91 11.96 12.01 12.06 12.11 12.16 12.21 12.31 12.35 12.38 12.41 12.75 12.78 12.63 12.70 12.77 12.76 12.82 12.88 13.02 13.04 13.06 13.07 13.21 13.22 13.23 13.30 13.27 13.33 13.34 13.34 13.35 13.37 13.41 13.45 13.49 13.58 13.56 13.58 13.60 13.44 13.49 13.48 13.55 13.65 13.70 13.97 13.86 13.89 13.91 14.02 14.10 14.18 14.34 14.40 14.46 14.51 14.49 14.53 14.55 14.85 14.83
11.98 12.00 11.98 11.98 11.97 11.96 12.08 12.08 12.07 12.03 12.05 12.01 12.06 11.88 11.94 11.99 12.04 12.09 12.14 12.19 12.23 12.34 12.38 12.51 12.77 12.80 12.83 12.86 12.71 12.76 12.83 12.82 12.88 12.92 13.07 13.09 13.11 13.13 13.25 13.26 13.27 13.33 13.38 13.39 13.40 13.42 13.42 13.45 13.49 13.51 13.55 13.63 13.65 13.77 13.80 13.84 13.61 13.64 13.70 13.70 13.76 14.06 13.97 14.01 14.12 14.18 14.24 14.33 14.48 14.54 14.54 14.59 14.62 14.66 14.67 14.66 14.93
12.10 12.09 12.09 12.08 12.08 12.07 12.19 12.13 12.14 12.16 12.18 12.13 12.17 12.22 12.27 12.07 12.12 12.17 12.22 12.26 12.48 12.51 12.55 12.57 12.85 12.88 12.91 12.95 12.89 12.80 12.86 12.86 12.95 12.98 13.13 13.15 13.17 13.18 13.30 13.31 13.31 13.37 13.45 13.46 13.47 13.49 13.50 13.52 13.55 13.51 13.54 13.68 13.69 13.82 13.85 14.00 14.00 14.03 13.77 13.78 13.86 13.94 14.09 14.21 14.27 14.34 14.41 14.48 14.55 14.63 14.68 14.72 14.76 14.79 14.80 14.79 14.79
12.20 12.20 12.19 12.19 12.19 12.26 12.25 12.26 12.27 12.22 12.24 12.26 12.29 12.34 12.39 12.43 12.37 12.40 12.30 12.51 12.55 12.86 12.88 12.64 12.94 12.91 12.94 12.99 12.98 12.87 12.90 12.96 12.97 13.01 13.21 13.26 13.30 13.31 13.32 13.11 13.35 13.24 13.52 13.49 13.51 13.48 13.58 13.54 13.56 13.58 13.59 13.62 13.86 14.00 14.04 14.05 14.05 14.00 14.04 13.92 13.95 14.04 14.07 14.36 14.43 14.50 14.57 14.64 14.71 14.78 14.82 14.87 14.90 14.92 14.93 14.92 14.91
12.30 12.30 12.30 12.25 12.26 12.36 12.32 12.33 12.35 12.36 12.38 12.41 12.43 12.46 12.51 12.46 12.50 12.53 12.70 12.73 12.75 12.96 12.91 13.18 12.96 12.99 13.03 13.03 13.07 12.90 12.96 13.09 13.15 13.26 13.29 13.31 13.11 13.13 13.15 13.25 13.26 13.25 13.40 13.41 13.42 13.43 13.56 13.43 13.62 13.64 13.66 13.85 14.02 14.05 14.08 13.99 14.11 14.17 14.23 14.30 14.37 14.14 14.30 14.40 14.50 14.66 14.74 14.80 14.86 14.91 14.91 15.01 15.03 15.05 15.07 15.05 15.04
12.64 12.64 12.69 12.69 12.69 12.69 12.41 12.47 12.49 12.51 12.53 12.56 12.58 12.61 12.48 12.60 12.63 12.72 12.74 12.76 12.85 13.00 13.03 13.04 13.06 13.08 13.29 13.02 13.09 12.95 13.10 13.15 12.93 13.07 13.10 13.13 13.16 13.21 13.33 13.33 13.33 13.32 13.72 13.59 13.60 13.60 13.51 13.53 13.54 13.55 13.56 13.77 13.87 13.90 13.94 14.16 14.22 14.17 14.25 14.33 14.46 14.26 14.41 14.53 14.64 14.87 14.90 14.95 15.01 14.99 15.03 15.14 15.17 15.12 15.13 15.13 15.12
12.78 12.83 12.83 12.83 12.84 12.84 12.55 12.56 12.57 12.59 12.61 12.63 12.65 12.67 12.69 12.64 12.68 12.84 12.87 12.77 12.96 13.05 13.08 13.03 13.06 13.19 13.11 13.13 13.00 13.04 13.08 12.99 13.05 13.15 13.19 13.22 13.25 13.38 13.38 13.40 13.39 13.38 13.71 13.66 13.67 13.67 13.57 13.57 13.59 13.60 13.72 13.80 13.90 13.93 13.97 14.16 14.26 14.34 14.42 14.40 14.55 14.35 14.60 14.74 14.79 15.03 15.10 15.20 15.06 15.10 15.14 15.13 15.21 15.23 15.24 15.24 15.23
12.92 12.92 12.92 12.92 12.93 12.94 12.94 12.95 12.71 12.73 12.75 12.77 12.80 12.84 12.98 12.99 13.01 12.85 12.87 13.03 13.07 13.17 13.20 13.15 13.17 13.31 13.33 13.23 13.10 13.14 13.27 13.08 13.20 13.24 13.27 13.43 13.44 13.45 13.45 13.45 13.46 13.45 13.77 13.80 13.74 13.74 13.63 13.63 13.64 13.75 13.75 13.84 13.85 13.96 14.06 14.18 14.35 14.38 14.47 14.58 14.75 14.44 14.59 14.86 15.01 15.19 15.18 15.34 15.26 15.29 15.17 15.21 15.25 15.33 15.35 15.34 15.32
13.05 13.06 13.07 13.08 13.09 13.10 13.11 13.12 13.13 13.15 12.90 12.94 12.97 12.99 13.06 13.07 13.08 13.17 13.12 13.16 13.25 13.28 13.31 13.34 13.38 13.42 13.44 13.47 13.19 13.34 13.37 13.52 13.54 13.32 13.48 13.50 13.51 13.52 13.53 13.52 13.52 13.52 13.84 13.86 13.89 13.81 13.82 13.64 13.80 13.79 13.78 13.89 13.89 14.00 14.08 14.12 14.37 14.36 14.52 14.64 14.81 14.47 14.64 14.81 15.09 15.23 15.32 15.34 15.35 15.38 15.23 15.27 15.31 15.35 15.44 15.44 15.45
13.19 13.21 13.23 13.24 13.26 13.27 13.29 13.30 13.31 13.33 13.34 13.30 13.38 13.38 13.38 13.20 13.28 13.30 13.33 13.35 13.37 13.40 13.42 13.45 13.49 13.51 13.52 13.54 13.65 13.69 13.60 13.62 13.64 13.53 13.55 13.57 13.58 13.59 13.60 13.60 13.59 13.58 13.93 13.95 13.97 13.98 13.97 13.94 13.87 13.92 13.92 13.92 13.92 14.02 14.11 14.14 14.28 14.39 14.57 14.58 14.69 14.49 14.67 14.84 15.16 15.34 15.38 15.40 15.41 15.43 15.46 15.31 15.36 15.40 15.44 15.56 15.51
13.37 13.38 13.40 13.41 13.43 13.45 13.47 13.48 13.50 13.39 13.55 13.55 13.55 13.55 13.54 13.54 13.41 13.43 13.53 13.54 13.48 13.51 13.53 13.56 13.60 13.61 13.63 13.57 13.74 13.96 13.95 13.95 13.86 13.86 13.62 13.64 13.66 13.67 13.67 13.67 13.67 13.65 13.61 14.01 14.02 14.03 14.01 13.98 13.95 13.95 13.94 13.94 13.95 14.00 14.15 14.18 14.34 14.44 14.55 14.60 14.71 14.50 14.67 14.96 15.11 15.25 15.42 15.38 15.41 15.44 15.47 15.51 15.55 15.50 15.53 15.57 15.53
13.41 13.56 13.58 13.55 13.56 13.57 13.59 13.56 13.71 13.72 13.72 13.72 13.72 13.71 13.71 13.70 13.69 13.63 13.65 13.66 13.68 13.62 13.57 13.59 13.60 13.67 13.68 13.70 13.79 14.04 14.03 13.93 13.93 13.93 13.68 13.71 13.73 13.74 13.75 13.75 13.74 13.71 13.68 14.07 14.07 14.01 14.01 13.97 14.05 13.98 14.08 13.97 14.07 14.03 14.20 14.40 14.47 14.38 14.44 14.57 14.82 14.93 14.57 14.72 15.04 15.17 15.35 15.41 15.38 15.42 15.46 15.51 15.54 15.47 15.50 15.54 15.52
13.58 13.60 13.62 13.73 13.74 13.72 13.73 13.88 13.89 13.89 13.89 13.89 13.89 13.88 13.87 13.86 13.94 13.76 13.77 13.78 13.80 13.82 13.72 13.69 13.77 13.77 13.78 13.87 13.88 14.10 14.07 14.06 14.00 14.00 13.96 13.77 13.80 13.82 13.83 13.83 13.82 13.79 13.76 14.13 14.06 14.05 14.04 14.00 13.97 14.12 14.10 14.09 14.09 14.10 14.23 14.27 14.50 14.38 14.47 14.56 14.82 14.92 14.52 14.66 14.96 15.08 15.26 15.34 15.40 15.45 15.51 15.56 15.61 15.63 15.64 15.68 15.68
13.75 13.77 13.72 13.74 13.77 13.90 14.05 14.06 14.06 14.07 14.07 14.07 14.06 14.05 14.04 14.12 14.10 14.08 13.89 13.90 13.91 13.94 13.96 13.84 13.87 13.87 14.10 14.10 13.96 14.14 14.13 14.12 14.11 14.03 14.03 14.03 14.03 13.89 13.90 13.90 13.89 13.87 13.84 14.19 14.18 14.09 14.06 14.02 13.98 14.13 14.12 14.11 14.11 14.12 14.24 14.29 14.53 14.38 14.46 14.55 14.80 14.33 14.46 14.74 14.87 14.99 15.17 15.26 15.33 15.39 15.45 15.51 15.56 15.60 15.60 15.66 15.66
13.85 13.87 13.90 14.08 14.10 14.12 14.28 14.24 14.24 14.25 14.25 14.25 14.24 14.23 14.34 14.28 14.26 14.23 14.02 14.02 14.05 14.06 14.15 14.16 14.21 14.20 14.19 14.19 14.38 14.36 14.19 14.18 14.16 14.17 14.10 14.10 14.10 14.05 13.96 13.97 13.97 14.01 13.98 13.85 13.79 14.26 14.21 14.25 14.23 14.27 14.34 14.35 14.12 14.20 13.98 14.37 14.37 14.43 14.44 14.41 14.68 14.85 14.41 14.56 14.67 14.78 15.08 15.16 15.24 15.31 15.38 15.44 15.50 15.78 15.81 15.89 15.87
14.18 14.20 14.22 14.25 14.27 14.30 14.47 14.48 14.49 14.49 14.43 14.43 14.55 14.54 14.52 14.50 14.60 14.57 14.54 14.36 14.36 14.25 14.25 14.32 14.31 14.29 14.55 14.52 14.50 14.41 14.40 14.37 14.22 14.23 14.23 14.16 14.17 14.13 14.03 14.05 14.12 14.11 14.08 14.02 14.06 14.26 14.24 14.20 14.22 14.26 14.34 14.34 14.36 14.22 13.97 13.98 14.23 14.34 14.41 14.36 14.62 14.21 14.33 14.47 14.57 14.67 14.86 14.94 15.15 15.23 15.30 15.37 15.67 15.72 15.76 15.83 15.82
14.34 14.37 14.39 14.42 14.45 14.47 14.50 14.67 14.68 14.69 14.69 14.75 14.74 14.72 14.81 14.79 14.76 14.73 14.70 14.66 14.48 14.40 14.36 14.50 14.49 14.66 14.62 14.58 14.56 14.47 14.45 14.43 14.42 14.43 14.29 14.37 14.39 14.21 14.24 14.23 14.21 14.44 14.31 14.24 14.14 13.93 14.23 14.17 14.19 14.19 14.25 14.33 14.35 14.17 13.95 13.97 14.22 14.32 14.35 14.49 14.54 14.60 14.24 14.38 14.47 14.57 14.75 14.84 14.92 15.13 15.21 15.57 15.64 15.65 15.70 15.77 15.75
14.50 14.53 14.56 14.59 14.62 14.65 14.67 14.70 14.87 14.88 14.95 14.94 15.02 15.00 14.98 14.96 14.93 14.90 14.86 14.82 14.91 14.52 14.61 14.60 14.77 14.73 14.68 14.65 14.61 14.59 14.49 14.48 14.47 14.48 14.49 14.51 14.54 14.36 14.36 14.51 14.53 14.53 14.40 14.31 14.18 14.05 13.92 14.14 14.17 14.17 14.34 14.35 14.34 14.14 14.15 14.28 14.19 14.43 14.28 14.32 14.46 14.51 14.15 14.28 14.36 14.45 14.64 14.72 15.07 15.16 15.38 15.46 15.53 15.61 15.63 15.70 15.71
14.35 14.69 14.72 14.76 14.79 14.82 14.85 14.88 14.96 14.99 15.23 15.21 15.20 15.18 15.16 15.13 15.10 15.06 15.02 14.98 15.06 15.20 14.71 14.69 14.85 14.80 14.75 14.71 14.67 14.64 14.54 14.52 14.51 14.52 14.53 14.56 14.82 14.54 14.63 14.66 14.58 14.61 14.49 14.35 14.21 14.07 13.92 13.82 14.15 14.15 14.32 14.33 14.35 14.11 14.11 14.45 14.34 14.39 14.21 14.25 14.38 14.25 14.33 14.18 14.25 14.32 14.51 14.60 14.92 15.01 15.25 15.32 15.40 15.48 15.58 15.63 15.59
14.50 14.54 14.57 14.61 14.65 14.68 14.72 14.75 14.86 14.88 14.93 15.39 15.38 15.36 15.33 15.31 15.27 15.23 15.19 15.14 15.65 15.60 15.51 15.42 15.06 15.01 14.81 14.77 14.73 14.91 14.88 14.85 14.84 14.83 14.83 14.98 14.99 14.82 14.72 14.75 14.65 14.67 14.64 14.53 14.41 14.27 13.95 13.85 13.89 14.37 14.37 14.55 14.22 14.22 14.22 14.48 14.63 14.47 14.56 14.59 14.73 14.76 14.39 14.46 14.58 14.63 14.82 14.88 14.79 14.88 15.19 15.25 15.31 15.38 15.67 15.68 15.65
14.61 14.66 14.69 14.73 14.77 14.80 14.84 14.95 14.97 14.99 15.00 15.04 15.55 15.54 15.51 15.49 15.45 15.51 15.47 15.48 15.77 15.72 15.62 15.53 15.14 15.09 15.17 15.11 15.06 14.95 14.91 14.88 14.86 14.85 14.99 14.99 14.99 14.82 14.71 14.74 14.76 14.62 14.58 14.50 14.40 14.28 14.16 14.06 14.11 14.35 14.35 14.53 14.30 14.29 14.45 14.42 14.59 14.42 14.50 14.53 14.66 14.69 14.32 14.38 14.50 14.55 14.73 14.76 14.80 15.13 15.16 15.05 15.10 15.44 15.47 15.49 15.52
