data/EU espacial/EstC_EU_2.grd
DSAA
94	94
0.0000	100.0000
0.0000	100.0000
10.4603	17.5744
[rows 0 to 33 of 94, columns 0 to 76 of 94]
13.74 12.03 12.02 12.00 11.98 11.97 11.96 12.33 12.34 12.36 12.38 12.41 12.44 12.47 12.55 12.59 12.64 12.75 12.83 12.89 12.94 12.77 12.80 12.85 12.90 13.13 13.22 13.16 13.26 13.63 13.76 13.89 13.94 14.07 14.19 14.31 14.43 14.83 14.85 14.86 14.88 14.91 15.05 15.24 15.26 15.29 15.26 15.30 15.04 15.10 15.42 15.46 15.51 15.57 15.49 15.65 15.67 15.62 15.53 15.44 15.38 15.31 15.24 15.15 15.06 14.97 14.62 14.54 14.44 14.36 14.26 14.16 14.05 13.95 13.85 13.87 13.83
11.99 11.98 11.97 11.95 11.94 11.93 11.91 11.90 11.90 12.28 12.30 12.32 12.35 12.38 12.45 12.49 12.54 12.64 12.71 12.77 12.83 12.67 12.71 12.76 12.82 12.88 13.14 13.09 13.19 13.29 13.68 13.81 13.87 14.00 14.12 14.23 14.34 14.70 14.74 14.77 14.79 14.82 14.96 15.14 15.16 15.19 15.16 15.20 14.96 15.29 15.33 15.38 15.44 15.50 15.54 15.57 15.58 15.55 15.44 15.40 15.35 15.28 15.21 15.13 15.04 14.64 14.62 14.53 14.43 14.35 14.24 14.13 14.03 13.92 13.92 13.96 13.90
11.93 11.92 11.91 11.90 11.89 11.88 11.86 11.85 11.85 11.84 12.21 12.23 12.25 12.28 12.35 12.39 12.43 12.48 12.58 12.64 12.71 12.82 12.61 12.67 12.73 12.80 12.83 13.01 13.12 13.23 13.60 13.73 13.87 13.92 14.03 14.13 14.23 14.57 14.61 14.65 14.68 14.71 14.86 15.03 15.05 15.02 15.04 15.09 15.04 15.19 15.24 15.29 15.35 15.54 15.59 15.47 15.48 15.48 15.41 15.35 15.31 15.25 15.19 15.11 14.73 14.65 14.56 14.52 14.43 14.33 14.22 14.10 14.00 13.89 14.02 13.94 13.86
11.86 11.86 11.85 11.84 11.83 11.82 11.81 11.80 11.79 11.78 11.78 11.77 12.15 12.18 12.25 12.28 12.31 12.35 12.45 12.51 12.63 12.69 12.77 12.56 12.63 12.66 12.76 13.03 13.04 13.16 13.28 13.64 13.78 13.82 13.93 14.03 14.11 14.17 14.47 14.52 14.56 14.59 14.90 14.91 14.87 14.90 14.92 14.97 15.20 15.25 15.13 15.19 15.25 15.44 15.49 15.37 15.38 15.34 15.34 15.33 15.27 15.22 15.16 14.80 14.73 14.65 14.55 14.45 14.42 14.31 14.19 14.07 13.96 14.09 13.99 13.90 13.82
11.80 11.80 11.79 11.78 11.77 11.76 11.75 11.74 11.73 11.73 11.72 11.71 11.71 12.08 12.15 12.17 12.19 12.22 12.31 12.37 12.49 12.56 12.64 12.46 12.49 12.58 12.68 12.79 12.97 13.10 13.22 13.34 13.34 13.73 13.83 13.92 13.99 14.05 14.34 14.40 14.44 14.47 14.77 14.71 14.73 14.76 14.80 15.09 15.05 15.11 15.18 15.08 15.27 15.32 15.38 15.43 15.28 15.25 15.27 15.27 15.25 15.18 14.85 14.80 14.73 14.64 14.54 14.44 14.40 14.28 14.16 14.04 13.92 14.05 13.95 13.86 13.80
11.74 11.73 11.73 11.72 11.71 11.71 11.69 11.68 11.68 11.67 11.66 11.65 11.64 11.63 11.62 12.06 12.07 12.10 12.13 12.29 12.35 12.42 12.51 12.58 12.40 12.50 12.61 12.72 12.77 13.04 13.16 13.28 13.39 13.64 13.73 13.81 13.89 13.94 14.22 14.27 14.31 14.35 14.38 14.57 14.59 14.61 14.65 14.85 14.90 14.96 15.04 15.26 15.15 15.20 15.26 15.31 15.17 15.16 15.19 15.20 15.20 14.88 14.85 14.80 14.73 14.64 14.53 14.42 14.29 14.24 14.12 14.00 14.01 14.00 13.90 13.83 13.75
11.67 11.67 11.67 11.66 11.65 11.65 11.64 11.63 11.62 11.61 11.60 11.59 11.58 11.57 11.55 11.54 11.96 11.97 11.99 12.15 12.21 12.29 12.35 12.47 12.61 12.42 12.54 12.66 12.68 12.98 13.11 13.23 13.29 13.39 13.64 13.72 13.78 13.83 14.10 14.15 14.19 14.08 14.25 14.43 14.44 14.46 14.79 14.68 14.74 14.81 14.89 15.11 15.18 15.08 15.13 15.19 15.00 15.06 15.10 15.14 14.89 14.90 14.84 14.79 14.72 14.62 14.51 14.39 14.26 14.20 14.07 13.95 13.94 13.95 13.88 13.78 13.70
11.60 11.61 11.61 11.60 11.59 11.59 11.58 11.57 11.56 11.55 11.54 11.53 11.52 11.51 11.49 11.47 11.44 11.85 11.86 11.96 12.08 12.13 12.24 12.36 12.50 12.35 12.48 12.61 12.63 12.74 13.06 13.18 13.24 13.33 13.38 13.63 13.69 13.74 13.73 14.04 13.93 13.96 14.12 14.29 14.29 14.62 14.62 14.50 14.57 14.65 14.88 14.96 15.03 15.10 15.00 15.06 15.08 14.94 15.01 14.81 14.87 14.89 14.86 14.78 14.70 14.60 14.48 14.35 14.23 14.09 14.01 14.16 14.04 13.92 13.81 13.72 13.63
11.54 11.55 11.54 11.54 11.53 11.53 11.52 11.51 11.50 11.49 11.48 11.47 11.47 11.46 11.44 11.41 11.37 11.40 11.81 11.83 11.88 12.03 12.14 12.26 12.41 12.58 12.43 12.57 12.59 12.71 12.82 13.15 13.26 13.29 13.34 13.39 13.70 13.65 13.64 13.78 13.82 14.00 13.99 14.14 14.15 14.46 14.43 14.32 14.40 14.65 14.73 14.82 14.89 14.95 15.04 15.10 14.94 14.58 14.69 14.77 14.85 14.88 14.84 14.74 14.66 14.57 14.44 14.32 14.17 14.02 14.07 14.08 13.97 13.85 13.74 13.65 13.57
11.48 11.48 11.48 11.48 11.48 11.47 11.46 11.45 11.44 11.43 11.43 11.42 11.42 11.41 11.39 11.36 11.31 11.35 11.29 11.70 11.80 11.95 12.06 12.17 12.34 12.53 12.72 12.54 12.56 12.69 12.80 13.12 13.23 13.31 13.38 13.36 13.34 13.68 13.55 13.69 13.73 14.01 14.05 14.03 14.00 14.31 14.25 14.14 14.24 14.49 14.59 14.69 14.75 14.80 14.88 14.94 14.34 14.47 14.60 14.69 14.82 14.84 14.78 14.70 14.60 14.52 14.40 14.24 14.09 13.94 13.99 14.00 13.88 13.76 13.66 13.57 13.49
11.42 11.42 11.41 11.42 11.42 11.42 11.41 11.40 11.40 11.39 11.38 11.37 11.37 11.36 11.34 11.31 11.27 11.12 11.09 11.43 11.50 11.92 12.03 12.15 12.31 12.50 12.69 12.54 12.61 12.68 12.79 13.10 13.21 13.29 13.35 13.34 13.31 13.23 13.51 13.52 13.91 13.92 13.96 13.93 13.90 14.20 14.15 14.06 14.27 14.35 14.44 14.53 14.60 14.65 14.44 14.53 14.53 14.46 14.49 14.56 14.67 14.70 14.65 14.58 14.51 14.42 14.28 14.13 13.98 13.83 14.01 13.88 13.72 13.67 13.57 13.49 13.41
11.36 11.36 11.35 11.37 11.37 11.37 11.36 11.36 11.35 11.34 11.34 11.33 11.32 11.31 11.30 11.27 11.13 11.12 11.11 11.29 11.54 11.61 11.69 12.17 12.33 12.51 12.70 12.88 12.62 12.69 12.79 13.10 13.21 13.28 13.34 13.32 13.29 13.22 13.23 13.48 13.84 13.84 13.88 13.85 14.10 14.05 13.96 13.99 14.17 14.23 14.30 14.38 14.44 14.23 14.32 14.42 14.41 14.33 14.45 14.55 14.46 14.49 14.46 14.41 14.34 14.25 14.13 13.99 13.85 14.02 13.89 13.77 13.61 13.57 13.48 13.40 13.33
11.30 11.30 11.30 11.29 11.32 11.32 11.32 11.32 11.31 11.31 11.30 11.29 11.29 11.27 11.13 11.13 11.13 11.13 11.30 11.33 11.59 11.66 11.75 11.85 12.37 12.54 12.72 12.90 12.64 12.70 12.80 12.90 13.21 13.28 13.27 13.31 13.16 13.23 13.23 13.28 13.71 13.78 13.82 13.79 14.03 13.98 13.95 14.05 14.07 14.11 14.17 14.23 14.02 14.11 14.20 14.16 14.29 14.19 14.28 14.36 14.42 14.27 14.25 14.21 14.15 14.06 13.95 13.83 13.70 13.88 13.76 13.66 13.50 13.40 13.37 13.30 13.23
11.24 11.24 11.23 11.23 11.24 11.24 11.27 11.28 11.28 11.27 11.27 11.26 11.25 11.11 11.12 11.12 11.13 11.14 11.34 11.38 11.66 11.73 11.82 11.92 12.04 12.58 12.75 12.93 12.68 12.73 12.83 12.92 13.23 13.30 13.27 13.31 13.17 13.24 13.30 13.29 13.68 13.72 13.76 14.02 13.96 13.92 13.89 13.96 13.97 14.00 13.74 13.82 13.91 13.99 14.08 14.04 14.15 14.26 14.11 14.17 14.21 14.23 14.04 14.01 13.95 13.87 13.77 13.66 13.85 13.74 13.63 13.53 13.38 13.29 13.26 13.20 13.09
11.19 11.18 11.18 11.18 11.18 11.23 11.24 11.24 11.24 11.24 11.24 11.23 11.09 11.10 11.11 11.12 11.14 11.16 11.38 11.43 11.49 11.80 11.89 12.00 12.12 12.25 12.80 12.98 12.66 12.77 12.87 12.95 13.03 13.05 13.11 13.26 13.29 13.26 13.52 13.49 13.39 13.34 13.43 13.96 13.90 13.85 13.82 13.87 13.88 13.59 13.65 13.72 13.79 13.87 13.96 13.90 14.00 14.11 13.93 13.98 14.00 14.02 14.01 13.80 13.75 13.69 13.67 13.57 13.70 13.59 13.49 13.40 13.31 13.13 13.06 12.90 12.87
11.13 11.13 11.13 11.13 11.14 11.14 11.20 11.22 11.22 11.22 11.22 11.07 11.08 11.09 11.10 11.12 11.14 11.37 11.42 11.47 11.54 11.86 11.96 12.07 12.19 12.33 12.47 13.05 13.02 12.82 12.91 12.99 12.90 13.13 13.18 13.34 13.37 13.58 13.51 13.48 13.47 13.42 13.50 13.90 13.84 13.79 13.75 13.72 13.47 13.51 13.56 13.62 13.69 13.76 13.68 13.77 13.86 13.95 13.77 13.79 13.81 13.81 13.80 13.79 13.74 13.66 13.57 13.47 13.54 13.45 13.36 13.27 13.00 12.84 12.78 12.81 12.78
11.07 11.07 11.08 11.09 11.10 11.10 11.11 11.19 11.20 11.21 11.20 11.07 11.07 11.07 11.09 11.11 11.15 11.40 11.45 11.52 11.59 11.93 12.03 12.14 12.26 12.41 12.55 12.70 13.04 12.88 12.97 12.89 12.95 12.92 13.21 13.38 13.41 13.60 13.53 13.50 13.49 13.43 13.49 13.86 13.78 13.72 13.83 13.63 13.40 13.43 13.47 13.52 13.58 13.65 13.56 13.65 13.73 13.80 13.87 13.62 13.62 13.61 13.61 13.59 13.56 13.48 13.40 13.30 13.40 13.32 13.23 12.99 12.81 12.74 12.68 12.64 12.69
11.02 11.02 11.03 11.04 11.05 11.07 11.08 11.16 11.19 11.20 11.06 11.06 11.06 11.06 11.07 11.10 11.16 11.23 11.49 11.56 11.64 11.73 11.84 11.97 12.33 12.48 12.64 12.80 13.08 12.89 12.97 12.94 12.92 12.96 13.24 13.42 13.45 13.63 13.56 13.52 13.51 13.44 13.49 13.83 13.75 13.55 13.61 13.44 13.33 13.35 13.39 13.43 13.31 13.37 13.43 13.53 13.60 13.66 13.25 13.25 13.24 13.43 13.42 13.41 13.39 13.31 13.09 13.27 13.20 13.05 12.97 12.89 12.71 12.63 12.57 12.54 12.61
10.96 10.97 10.98 11.00 11.01 11.03 11.01 11.04 11.07 11.19 11.07 11.06 11.03 11.03 11.06 11.12 11.20 11.28 11.53 11.61 11.70 11.80 11.91 12.03 12.18 12.35 12.53 12.67 13.17 12.66 12.59 12.99 12.96 13.00 13.26 13.45 13.62 13.67 13.62 13.54 13.52 13.58 13.49 13.81 13.45 13.51 13.55 13.38 13.27 13.14 13.16 13.19 13.24 13.30 13.36 13.41 13.49 13.15 13.14 13.12 13.09 13.08 13.09 13.08 13.23 13.15 12.96 13.16 13.10 12.95 12.88 12.80 12.63 12.54 12.46 12.45 12.54
10.80 10.81 10.83 10.84 10.86 10.88 10.98 11.02 11.05 10.89 10.96 11.04 11.05 11.05 11.08 11.15 11.24 11.33 11.42 11.50 11.76 11.86 11.97 12.09 12.25 12.43 12.61 12.67 12.88 12.87 12.67 12.65 12.65 12.66 13.12 13.23 13.63 13.34 13.63 13.25 13.32 13.61 13.16 13.26 13.46 13.39 13.40 13.21 13.09 13.11 13.12 13.14 13.19 13.24 13.30 13.34 13.28 13.06 13.05 13.02 12.98 12.97 12.97 12.97 13.05 13.02 13.19 13.11 13.07 12.86 12.80 12.72 12.57 12.49 12.41 12.41 12.45
10.79 10.79 10.80 10.81 10.83 10.84 10.86 10.76 10.81 10.85 10.94 10.96 10.98 11.00 11.13 11.20 11.28 11.37 11.44 11.53 11.62 11.93 12.05 12.18 12.26 12.42 12.59 12.75 12.91 12.87 12.92 12.73 12.72 12.73 12.93 13.26 13.27 13.36 13.33 13.28 13.34 13.28 13.19 13.29 13.20 13.45 13.24 13.23 13.01 13.01 13.02 13.13 13.16 13.21 13.25 13.17 13.21 13.25 12.98 12.95 12.92 13.04 13.01 12.99 12.95 12.93 13.11 13.03 12.99 12.81 12.75 12.69 12.54 12.48 12.44 12.43 12.48
10.77 10.77 10.78 10.78 10.79 10.81 10.82 10.73 10.77 10.81 10.83 10.95 10.98 11.02 11.07 11.14 11.22 11.39 11.47 11.57 11.66 11.90 12.03 12.17 12.31 12.47 12.63 12.78 12.81 12.90 12.85 12.79 12.77 12.79 12.98 13.28 13.29 13.37 13.34 13.30 13.36 13.30 13.22 13.32 13.24 13.46 13.26 13.02 13.01 13.02 13.02 13.04 13.05 13.07 13.07 13.12 13.16 13.20 13.23 13.05 13.01 12.97 12.94 12.91 12.87 12.85 13.07 13.04 12.87 12.83 12.72 12.67 12.53 12.49 12.46 12.46 12.50
10.74 10.75 10.75 10.76 10.76 10.77 10.66 10.69 10.73 10.77 10.80 10.93 10.98 11.03 11.09 11.16 11.25 11.41 11.50 11.60 11.69 11.94 12.08 12.21 12.36 12.51 12.66 12.88 12.83 12.81 12.87 12.92 12.85 13.02 13.03 13.30 13.30 13.38 13.35 13.32 13.37 13.31 13.24 13.35 13.34 13.26 13.18 13.03 13.02 13.02 13.03 13.04 13.05 13.07 13.05 13.09 13.13 13.16 13.03 13.00 12.96 12.92 12.88 12.85 12.84 12.79 13.02 12.99 12.83 12.80 12.76 12.73 12.64 12.51 12.49 12.52 12.53
10.72 10.71 10.71 10.71 10.73 10.60 10.63 10.66 10.82 10.87 10.92 10.98 10.97 11.04 11.11 11.18 11.27 11.43 11.53 11.62 11.72 11.98 12.11 12.25 12.40 12.55 12.65 12.78 12.76 12.84 12.90 12.94 12.98 13.09 13.10 13.31 13.20 13.17 13.48 13.44 13.38 13.29 13.27 13.46 13.37 13.28 13.21 12.83 12.81 13.03 13.04 13.05 13.06 13.06 13.07 13.07 13.10 13.13 12.99 12.95 12.91 12.88 12.84 12.80 12.69 12.65 12.89 12.95 12.81 12.78 12.75 12.72 12.65 12.59 12.54 12.55 12.56
10.69 10.69 10.68 10.68 10.55 10.58 10.70 10.74 10.78 10.83 10.89 10.95 11.03 11.04 11.12 11.20 11.29 11.38 11.54 11.64 11.87 12.00 12.14 12.29 12.43 12.54 12.68 12.81 12.76 12.87 12.92 12.96 13.22 13.25 13.09 13.08 13.17 13.30 13.41 13.37 13.40 13.36 13.45 13.47 13.38 13.30 13.23 12.85 12.84 12.83 13.05 13.06 13.06 13.07 13.07 13.05 13.08 13.10 12.95 12.91 12.88 12.84 12.73 12.70 12.66 12.87 12.86 12.84 12.79 12.76 12.74 12.72 12.71 12.69 12.72 12.62 12.64
10.67 10.66 10.66 10.51 10.53 10.55 10.57 10.60 10.74 10.79 10.85 10.93 11.01 11.10 11.12 11.21 11.30 11.39 11.56 11.66 11.89 12.02 12.16 12.31 12.42 12.56 12.71 12.84 12.79 12.89 12.94 12.98 13.22 13.24 13.09 13.08 13.19 13.31 13.27 13.37 13.40 13.39 13.45 13.38 13.40 13.32 13.25 12.88 12.87 12.87 12.87 13.07 13.08 13.08 13.07 13.04 13.06 12.95 12.92 12.88 12.84 12.74 12.71 12.67 12.63 12.85 12.83 12.82 12.77 12.75 12.74 12.72 12.71 12.70 12.73 12.71 12.72
10.65 10.64 10.48 10.50 10.51 10.53 10.55 10.56 10.59 10.75 10.81 10.90 10.99 11.09 11.19 11.22 11.31 11.40 11.56 11.66 11.90 12.03 12.18 12.28 12.43 12.59 12.73 12.87 12.82 12.92 12.96 13.19 13.22 13.24 13.24 13.08 13.17 13.31 13.28 13.24 13.44 13.39 13.45 13.38 13.41 13.33 13.14 13.10 12.89 12.90 12.91 12.91 12.90 13.09 13.08 13.07 13.05 12.93 12.89 12.86 12.76 12.72 12.68 12.64 12.60 12.82 12.81 12.76 12.75 12.74 12.71 12.70 12.69 12.67 12.64 12.72 12.74
10.63 10.46 10.47 10.49 10.50 10.51 10.52 10.54 10.55 10.58 10.64 10.87 10.98 11.09 11.19 11.28 11.37 11.41 11.50 11.77 11.90 12.04 12.14 12.29 12.44 12.60 12.75 12.74 12.85 12.94 12.96 12.97 13.21 13.23 13.22 13.21 13.15 13.31 13.28 13.21 13.27 13.22 13.44 13.38 13.36 13.29 13.11 13.08 12.91 12.93 12.95 12.96 12.94 12.91 13.09 13.07 13.04 12.90 12.87 12.78 12.74 12.71 12.67 12.62 12.58 12.79 12.78 12.77 12.73 12.72 12.70 12.69 12.69 12.66 12.45 12.48 12.51
10.50 10.46 10.47 10.48 10.49 10.50 10.51 10.52 10.53 10.54 10.76 10.87 10.99 11.10 11.14 11.23 11.32 11.41 11.50 11.75 11.88 11.91 12.05 12.20 12.43 12.57 12.72 12.72 12.86 12.89 12.93 13.15 13.16 13.18 13.18 13.17 13.16 13.16 13.24 13.20 13.27 13.22 13.28 13.21 13.36 13.29 13.11 13.08 12.90 12.92 12.94 12.97 13.02 12.98 13.16 13.14 12.95 12.81 12.66 12.62 12.58 12.69 12.64 12.60 12.78 12.76 12.75 12.74 12.74 12.73 12.77 12.77 12.73 12.53 12.48 12.50 12.53
10.50 10.50 10.47 10.48 10.49 10.50 10.51 10.52 10.54 10.69 10.76 10.86 10.97 11.08 11.11 11.21 11.30 11.39 11.47 11.51 11.77 11.90 12.03 12.17 12.39 12.53 12.67 12.66 12.76 12.83 12.86 13.09 13.11 13.13 13.13 13.13 13.12 13.12 13.23 13.21 13.27 13.23 13.28 13.22 13.16 13.20 13.12 13.10 12.90 12.92 12.94 12.95 13.01 12.98 12.94 12.77 12.84 12.68 12.65 12.60 12.56 12.65 12.61 12.56 12.76 12.74 12.73 12.72 12.71 12.71 12.75 12.76 12.78 12.55 12.50 12.52 12.55
10.50 10.59 10.59 10.48 10.49 10.50 10.51 10.53 10.66 10.70 10.77 10.85 10.95 11.05 11.09 11.21 11.30 11.29 11.45 11.55 11.74 11.89 12.03 12.14 12.34 12.48 12.58 12.58 12.67 12.74 12.78 13.03 13.05 13.10 13.08 13.07 13.07 13.07 13.06 13.17 13.23 13.20 13.28 13.23 13.17 13.22 13.14 13.11 13.02 12.92 12.93 12.94 12.99 12.93 12.81 12.68 12.66 12.48 12.44 12.61 12.54 12.62 12.58 12.57 12.55 12.72 12.71 12.70 12.70 12.74 12.74 12.55 12.77 12.56 12.51 12.54 12.57
10.59 10.59 10.59 10.60 10.60 10.61 10.52 10.63 10.67 10.71 10.78 10.85 10.94 10.99 11.08 11.17 11.26 11.37 11.42 11.52 11.80 11.85 11.98 12.11 12.24 12.33 12.50 12.60 12.59 12.65 12.83 12.95 12.97 13.01 13.01 13.01 13.02 13.02 13.02 13.13 13.19 13.16 13.15 13.17 13.27 13.24 13.19 13.05 13.03 13.17 12.96 12.94 12.93 12.90 12.81 12.78 12.65 12.51 12.46 12.58 12.54 12.50 12.65 12.57 12.55 12.70 12.69 12.68 12.54 12.53 12.54 12.56 12.57 12.57 12.59 12.55 12.58
10.59 10.59 10.60 10.60 10.61 10.62 10.64 10.66 10.68 10.72 10.72 10.79 10.89 10.97 11.05 11.14 11.23 11.33 11.43 11.63 11.75 11.87 11.99 12.05 12.18 12.27 12.38 12.51 12.49 12.68 12.74 12.87 12.90 12.94 12.95 12.95 12.97 12.97 12.97 12.96 13.15 13.13 13.18 13.14 13.26 13.22 13.20 13.06 13.07 13.04 13.01 12.91 12.90 12.81 12.79 12.76 12.65 12.50 12.46 12.41 12.51 12.47 12.47 12.44 12.42 12.54 12.55 12.55 12.54 12.54 12.57 12.70 12.71 12.72 12.69 12.67 12.69
10.60 10.60 10.60 10.61 10.62 10.63 10.65 10.67 10.65 10.67 10.72 10.78 10.99 11.07 11.15 11.11 11.20 11.29 11.54 11.63 11.69 11.81 11.93 12.17 12.08 12.19 12.29 12.39 12.43 12.48 12.71 12.74 12.83 12.87 12.94 12.90 12.91 12.92 12.92 12.92 13.09 13.08 13.25 13.11 13.12 12.95 13.09 13.09 13.05 13.02 12.99 12.82 12.81 12.79 12.77 12.65 12.64 12.50 12.46 12.41 12.35 12.76 12.47 12.45 12.43 12.88 12.87 12.85 12.55 12.54 13.00 12.76 12.76 12.77 12.74 12.72 12.75
